4101 0040
4106 0400
4146 0001
4148 0001
4149 0002
4150 0010
4151 0005
4152 0002
4153 0030
4154 0004
4155 0108
4156 0020
4157 0056
4158 0308
4159 10a0
4160 0040
4161 0601
4162 2084
4163 1808
4164 2440
4165 42b1
4166 2800
4167 4400
4168 8010
4170 cd80
4171 2042
4172 0020
4174 4800
4175 9102
4177 0020
4178 8010
4179 1004
4180 0200
4182 2060
4183 0003
4184 0204
4187 2040
4188 0404
4190 2000
4191 0040
4193 4400
4195 0004
4197 0004
4199 4002
4200 0400
4202 0045
4203 4002
4204 0001
4205 0024
4206 0440
4208 8433
4211 0234
4212 4440
4213 0001
4214 0200
4215 4110
4216 a400
4218 0100
4219 0200
4220 5010
4221 2020
4223 0100
4224 7000
4227 1000
4229 0007
4230 0008
4232 2007
4233 0008
4235 00f0
4236 1000
4237 0010
4238 00e2
4241 0500
4242 0a04
4244 0700
4245 0810
4246 1000
4247 6000
4248 8001
4250 7080
4251 8200
4252 0020
4253 4400
4254 1000
4256 2000
4258 0100
4259 0800
4277 0040
4526 f000
4528 ec00
4529 1300
4530 0c00
4531 e2c0
4532 0130
4533 0cc0
4534 0034
4535 0001
4536 02ca
4537 0025
4538 0002
4539 101c
4540 2001
4542 1100
4543 6200
4545 4110
4546 0621
4547 0010
4548 0040
4549 0420
4550 0003
4551 4004
4552 0040
4553 0482
4554 4005
4556 0440
4558 6080
4560 0440
4561 2204
4563 0040
4564 0224
4565 2000
4566 8000
4567 1020
4568 0646
4569 4800
4570 8000
4571 0120
4572 7002
4573 0c80
4575 6159
4576 0680
4577 1000
4578 8000
4579 0a44
4580 0429
4581 0100
4582 2080
4583 0024
4584 0048
4585 0002
4586 0010
4587 0006
4589 0001
4621 0040
4969 1000
4972 1000
4973 0100
4974 2000
4976 1100
4977 2010
4979 6200
4980 0110
4981 1000
4982 6201
4983 0420
4984 0010
4985 c301
4986 0400
4987 2031
4988 c040
4989 0602
4990 0820
4991 0040
4992 c413
4993 0a00
4994 0064
4995 4080
4996 8c02
4997 0044
4998 0480
4999 8000
5000 0806
5001 0088
5002 0040
5003 0004
5004 0880
5005 0008
5007 0080
5008 0008
5012 0004
5013 e008
5015 1000
5017 0800
5018 e000
5019 0600
5020 4100
5021 3000
5022 8800
5024 1680
5025 0940
5026 0020
5027 0610
5028 4100
5029 0080
5030 0044
5031 0028
5032 0013
5033 00c0
5034 0800
5035 003c
5037 0003
5039 000c
5040 0002
5041 0001
5050 0001
5121 0800
5149 0001
5442 0004
5445 0010
5446 0040
5448 0080
5450 0100
5451 0400
5456 4000
5458 8000
5485 0001
5486 0002
5487 000d
5489 003e
5490 00c1
5492 0032
5493 03cc
5494 0c00
5495 0040
5496 13b0
5497 2c00
5498 40c0
5499 a000
5500 5e01
5501 8100
5502 2000
5504 d800
5505 2000
5506 4000
5511 8000
5512 0400
5530 0008
5534 0088
5535 0004
5538 08c0
5539 0004
5540 000a
5541 0080
5542 8c44
5543 0002
5544 0020
5545 8803
5546 0440
5547 4000
5548 8631
5551 6201
5552 0110
5553 4020
5555 3210
5556 0100
5557 0400
5558 2000
5559 1100
5563 1000
5576 0002
5578 0001
5822 0400
6571 1000
6574 1000
6576 2100
6578 1000
6579 2110
6581 4200
6583 3110
6584 4001
6585 0610
6586 2020
6587 c001
6588 0300
6589 0430
6590 0041
6591 ec02
6592 0200
6593 8000
6594 0863
6595 4014
6597 8cc0
6598 0006
6599 0021
6600 0a80
6601 0440
6602 000e
6603 0080
6604 0800
6605 8008
6606 0044
6607 0080
6609 0008
6611 0080
6613 0008
6634 0004
6640 0020
6660 0800
6668 e000
6669 1000
6671 c800
6672 2600
6673 5100
6674 2000
6675 8c80
6676 1260
6677 0110
6678 0e00
6679 0084
6680 0068
6681 0113
6683 006e
6684 0091
6686 000e
6687 0001
6695 0002
6915 0800
6924 8000
6967 0001
6968 0006
6969 0009
6971 0016
6972 0069
6973 0080
6974 0074
6975 038b
6976 0400
6977 0844
6978 17b0
6979 6809
6980 8000
6981 2300
6982 5c00
6983 0040
6984 e000
6986 7000
6987 8000
6989 0200
6994 0080
7018 0800
7041 0008
7045 008c
7048 0008
7049 0004
7050 08c2
7052 0004
7053 8000
7054 0c43
7055 0020
7056 0010
7057 c4c3
7058 0b20
7059 0010
7060 1401
7061 c024
7062 2300
7063 5000
7064 0210
7065 2000
7066 1100
7067 0400
7068 2002
12762 0410
12763 6000
12764 0840
12768 0080
12770 0004
13713 0400
13714 0010
13716 0840
13717 8000
13719 0004
14466 2000
14467 4000
14468 a600
14469 5860
14470 8784
14471 3872
14472 0088
14473 0517
14474 0008
14475 5001
14476 0230
14477 0180
14478 0801
14488 0001
14489 0040
14497 0800
14507 4000
14508 b000
14510 ec00
14511 1300
14513 4ff0
14516 00fb
14517 0004
14519 000b
14520 0014
14521 0040
14522 0003
14526 0004
14573 0005
14574 000a
14576 0007
14577 00f8
14579 0057
14580 08a8
14581 0700
14582 00d0
14583 ee20
14584 1104
14585 4200
14586 bc00
14588 4000
14589 8000
14590 2000
14592 1000
14595 4000
14608 0001
14609 0010
14610 0001
14611 0112
14612 1020
14613 0326
14614 3040
14615 060c
14616 6040
14617 0480
14618 4808
14619 8080
14620 0800
14622 8000
14871 1000
14873 2100
14874 1200
14875 6010
14876 c721
14877 0852
14878 8425
14879 00c0
14880 0a1a
14881 0084
14882 8801
14883 4148
14887 0020
14888 0080
14892 0400
14898 0004
14911 f000
14912 ee00
14913 1580
14914 0a70
14915 01ac
14916 0053
14917 000e
14918 0001
15014 0001
15015 000e
15016 00f0
15017 000f
15018 0fe0
15019 f010
15020 0e00
15021 a100
15022 5000
15025 8000
15027 0081
15028 2010
15029 0001
15030 0112
15032 1000
15033 0122
15034 1204
15035 2070
15036 0205
15037 2408
15038 40c0
15039 0408
15040 4802
15041 8080
15043 8800
15047 0004
15050 8000
15052 4000
15282 1000
15283 2110
15284 4201
15285 b520
15286 4a57
15287 84a0
15288 084e
15289 0080
15291 0008
15296 0020
15299 0800
15300 4000
15310 4000
15311 b000
15312 4c00
15313 b300
15314 0ee0
15315 0110
15316 00fe
15317 0001
15318 000e
15319 0001
15390 0001
15391 000e
15393 0005
15394 005a
15395 00a0
15397 00d5
15398 0d2a
15399 0240
15400 0800
15401 05b0
15402 f240
15403 0c00
15404 e004
15405 1300
15406 6000
15407 cc00
15408 1000
15410 0020
15419 8000
15440 0001
15442 0011
15445 0111
15446 0002
15448 1100
15449 0032
15451 1304
15452 002a
15453 0040
15454 208c
15455 1e00
15456 80e4
15457 6800
15458 8640
15459 4000
15460 2000
15463 0400
15476 4000
18880 0004
18881 0001
18882 0040
18883 0010
18885 0400
18888 2000
19019 1000
19020 0100
19023 2200
19024 0100
19025 6020
19026 1400
19027 4000
19028 2240
19029 8c00
19030 0080
19031 8800
19032 4400
19034 0040
19035 0080
19036 2800
19037 8000
19038 4000
19045 8000
19054 e000
19055 1000
19056 c500
19057 3a00
19058 00f0
19059 0f00
19060 30cf
19061 4034
19062 a70a
19063 4830
19064 8443
19065 0084
19066 084a
19067 0020
19068 0008
19070 0004
19189 1000
19192 2100
19193 1000
19194 2000
19195 4100
19197 3010
19198 4200
19199 0100
19200 0010
19201 6621
19202 8000
19203 0411
19204 4120
19205 8a40
19206 0413
19207 6020
19208 0040
19209 8802
19210 0655
19211 0800
19212 8020
19213 0086
19214 0040
19215 0800
19216 0084
19217 0008
19218 0040
19219 0082
19220 0008
19221 0004
19222 0080
19224 e008
19225 1000
19226 c000
19227 3f00
19228 0048
19229 0fa0
19230 4010
19231 00c2
19232 003d
19233 0002
19234 000d
19235 0042
19239 0010
19259 0040
19260 0010
19489 00c0
19490 0010
19491 0c00
19492 4000
19493 2000
19513 0008
19515 000c
19516 0080
19517 0047
19518 0880
19519 0050
19520 082f
19521 8500
19522 02b2
19523 1440
19524 e900
19525 0210
19526 7400
19527 8000
19529 4000
19530 2000
19547 0001
19548 4002
19549 0005
19550 0002
19551 0010
19552 0028
19553 0044
19554 009a
19556 0160
19557 0600
19558 0880
19559 0501
19560 0200
19561 1800
19562 2000
19563 c000
19564 3000
19565 4400
19566 8000
19568 2000
19571 5000
19572 0100
19607 0010
19803 8800
19804 0080
19805 4408
19806 88c0
19807 6404
19808 02a8
19809 2046
19810 5520
19811 0251
19812 1002
19813 0131
19814 0004
19818 0011
19822 2000
19833 0040
19836 8000
19837 6000
19839 9400
19840 6800
19841 8300
19842 34c0
19843 4800
19844 0630
19845 0100
19846 00c8
19847 0005
19848 0032
19849 02c0
19850 0818
19851 0007
19852 1100
19853 000b
19854 0024
19861 0001
20123 0100
20126 1000
20880 0800
20882 4000
21304 1000
21632 0008
21805 0040
22243 0040
22253 0800
22254 0400
22266 c000
22267 0400
22335 0400
22371 0004
23944 0080
23945 0008
23947 0cc0
23948 0008
23949 2644
23950 4820
23951 2284
23952 5040
23953 8522
23954 2204
23955 1812
23956 05a1
23957 c010
23958 0842
23959 2109
23960 0010
23962 4001
23963 8000
23964 0800
23965 1000
23967 8000
23969 4000
23974 0040
23988 0002
23989 000d
23990 0002
23991 000d
23993 00f0
23995 0090
23996 0060
23998 0500
23999 0a00
24000 0002
24001 0100
24002 0e00
24003 0010
24005 1000
24006 e400
24008 1800
24010 2080
24011 4000
24012 8000
24013 0200
24014 1000
24020 8000
24022 4000
24024 1000
24026 6000
24029 1000
24069 0100
24083 0400
24225 1000
24226 2100
24227 4210
24228 b521
24229 4a52
24230 84a5
24231 0802
24232 00c8
24233 0004
24234 0008
24250 0010
24260 e000
24263 1000
24266 4000
24268 a000
24269 0800
24271 0400
24274 1000
24277 0100
24286 0500
24287 1000
24288 8000
24289 6800
24290 0400
24292 4000
24293 8001
24294 2010
24295 1001
24296 4112
24298 9122
24299 0204
24300 1020
24301 2640
24302 000c
24303 6440
24304 0088
24305 4802
24306 8080
24308 8800
24311 0400
24448 0010
24475 0008
24476 0086
24477 0869
24478 0494
24479 8a40
24480 653d
24481 9202
24482 4030
24483 20c0
24484 1700
24485 0800
24486 7404
24487 8000
24488 0200
24489 4000
24490 a000
24495 0040
24497 8000
24500 8800
24501 0080
24503 c808
24504 0080
24505 4400
24506 08c8
24507 8200
24508 2000
24509 4440
24510 2000
24512 a000
24514 4000
24537 0020
24642 6000
24643 9000
24644 6400
24645 9b00
24646 0460
24647 0a90
24648 0160
24649 809f
24650 4000
24651 200d
24652 8802
24653 4400
24654 3000
24655 4a80
24656 0440
24657 2088
24658 1024
24659 4040
24660 2608
24661 c060
24662 0c80
24663 0048
24664 c884
24665 1000
24666 2108
24667 5210
24668 a421
24669 4852
24670 0485
24671 810a
24672 0064
24674 0008
24675 0200
24954 0004
24955 0001
24957 0050
24959 0400
24962 4000
24963 2000
24964 1000
25132 0088
25134 0444
25136 2220
25137 0046
25139 1132
25140 0201
25142 0191
25144 0400
25148 0080
25149 0400
25151 1008
25152 2080
25153 0240
25154 0c00
25155 01a4
25156 c800
25157 2600
25158 c800
25159 1000
25160 e000
25168 0040
25176 0005
25177 000a
25178 0004
25179 00f3
25182 0f48
25183 0010
25184 f400
25185 0b80
25186 6000
25187 9020
25419 1100
25420 2011
25421 4220
25422 3512
25423 8261
25424 4c84
25425 804a
25426 0884
25427 0008
25430 0800
25435 0004
25443 7000
25445 a140
25446 5000
25447 0e00
25448 e110
25449 0200
25450 0c60
25451 0090
25452 0067
25453 0088
25454 0001
25455 0006
25456 0008
25457 0040
25458 0012
25459 0001
25460 0004
25462 0008
25557 000f
25558 0070
25559 0081
25560 2f7e
25561 d080
25562 2f00
25563 d000
25571 0001
25572 000e
25573 0070
25574 0780
25575 0802
25576 f000
25578 0111
25579 1000
25580 2010
25581 0301
25582 2022
25583 4210
25584 0401
25585 7042
25586 0224
25587 8401
25588 4852
25589 80a4
25590 0340
25591 3400
25592 4800
25593 8001
25597 4000
25601 2000
25648 0001
25656 0001
25659 0800
25662 4000
25663 2000
26345 8800
26346 0080
26348 0400
26350 0040
26352 0004
26356 2000
26359 4000
26365 0001
26366 0010
26472 0008
26474 0004
26475 008a
26476 0044
26477 00a1
26478 085a
26479 0424
26480 8a81
26481 4550
26482 a220
26483 5902
26484 2400
26485 8200
26486 7010
26487 0100
26489 1000
26510 8888
26511 4444
26512 2222
26513 4513
26514 3200
26515 0020
26516 1005
26518 8110
26519 0048
26523 0800
26931 8000
26932 6000
26933 0c00
26934 1200
26935 01c0
26936 0020
26937 001c
26938 0002
26939 0001
26946 0400
27228 3100
27229 4210
27230 b421
27231 4b42
27232 84b5
27233 0848
27234 2086
27236 0208
27249 0001
27251 0010
27252 0101
27253 0012
27254 1000
27255 0121
27256 1002
27257 0200
27258 2026
27259 0240
27260 2404
27262 4040
27263 0418
27264 e080
27265 0808
27266 8400
27267 4880
27271 0200
27272 0044
27274 0008
27505 0007
27506 00f8
27507 0f07
27508 f070
27509 0e88
27510 f100
27517 0007
27518 0078
27519 0780
27520 7800
27521 8000
27544 0002
27547 4000
27571 4000
27929 8000
27930 0800
27931 c000
27932 0c80
27933 6000
27934 0ec8
27935 3004
27936 4168
27937 1296
27938 0060
27939 0517
27941 0001
27950 7000
27951 cf00
27952 3010
27953 8fe0
27954 001f
27955 00e3
27956 000c
28093 0010
28094 0061
28096 0500
28097 2000
28099 5000
28151 0080
28412 0004
28415 00c0
28417 0800
28419 0300
28421 8000
28422 1000
28492 0011
28494 0003
28497 0006
28499 0008
28504 0004
28719 8000
28720 0800
28721 8000
28723 4880
28724 8400
28725 0888
28726 4000
28727 0440
28728 6088
28729 0c04
28730 0040
28731 2288
28732 0424
28733 0240
28734 a000
28735 1066
28736 0300
28738 5036
28739 0100
28740 8801
28741 2012
28742 4000
28743 0020
28744 0011
28745 1402
28746 8100
28747 2001
28748 0010
28749 0200
28751 0001
28754 4000
28758 0c00
28775 0800
28778 0400
28781 8000
28783 4c00
28785 0010
28786 8200
28787 6000
28790 1500
28791 a000
28792 0800
28794 6000
28795 1400
28797 0200
28798 8800
28799 4000
28800 2100
28801 1400
28803 4000
28804 8000
28806 0020
28807 3000
28808 4000
28812 1000
28814 2000
28821 8000
28832 4000
28859 0088
28860 0808
28861 8004
28862 0cc0
28863 c026
28864 0440
28865 6223
28866 0011
28867 3300
28868 0010
28869 0100
28870 1000
28875 0001
28899 4000
29494 2400
29495 0040
29497 4810
29498 0084
29520 8000
29720 8000
29753 8000
30284 6000
30285 8100
30286 0600
30287 0810
30288 0040
30289 0081
30290 0004
30386 1100
30387 2211
30388 7422
30389 cbd4
30390 042b
30391 88c0
30392 0004
30394 0008
30397 4000
30399 0040
30404 2000
30407 0001
30408 0011
30409 0102
30410 1030
30411 0206
30412 3160
30413 0404
30414 6248
30415 0480
30416 4808
30417 8080
30418 0800
30419 8000
30735 0040
30736 0080
30741 0004
30850 3000
30895 1000
30896 0110
30897 2201
30898 5420
30899 a353
30900 4c24
30901 008a
30902 8844
30903 0080
30904 0008
30905 0001
30906 0810
30907 0103
30908 1026
30909 0250
30910 2408
30911 4180
30912 0e04
30913 9040
30915 0008
30916 4000
30917 8800
30919 2000
30969 6010
30977 0800
31536 1000
31537 2110
31538 4621
31539 b042
31540 4b94
31541 8469
31542 0806
31543 0080
31544 0008
31555 0200
31559 f000
31560 4f00
31561 b0f0
31562 060f
31563 0110
31564 0083
31565 006c
31667 000f
31668 00f0
31669 0f0f
31670 e0f0
31671 1c00
31672 6300
31673 9004
31676 2000
31690 0001
31691 0010
31692 0103
31693 1030
31694 0306
31695 3060
31696 060c
31697 60c0
31698 0c08
31699 c000
31700 0880
31701 8000
32029 8000
32032 8800
32033 0080
32034 0800
32035 c088
32036 0400
32037 4800
32038 00c8
32039 4400
32040 a080
32041 0c44
32042 2208
32043 4480
32044 2064
32045 1200
32046 0064
32047 0502
32048 3200
32049 0138
32050 0006
32051 1011
32052 0100
32053 0093
32055 0001
32058 0008
32060 0080
32061 0008
32062 0001
32063 080c
32064 0080
32065 8000
32066 0846
32067 c400
32068 0040
32069 0420
32070 4006
32071 0201
32072 6022
32073 0490
32074 8301
32075 2040
32076 1010
32077 0100
32078 0001
32079 3000
32080 0100
32082 0210
32085 1000
32087 0800
32728 3311
32729 4422
32730 b955
32731 46a8
32732 8846
32733 0080
32735 0008
32745 3000
32746 4000
32747 b700
32748 4800
32749 8730
32750 0840
32751 00b3
32752 004c
32753 0083
32754 000c
33041 0080
33085 1110
33086 2001
33087 0222
33088 7551
33089 8a24
33090 44ca
33091 8004
33092 0880
33093 0008
33095 2900
33118 1000
33119 2000
33121 5000
33122 2100
33123 8000
33124 5200
33125 2400
33126 0101
33127 4a11
33128 8002
33129 0010
33130 0526
33132 026c
33134 00c0
33135 0c08
33136 8200
33137 0080
33138 0800
33141 4000
33144 0100
33253 0001
33399 0001
33467 1110
33468 2201
33469 5122
33470 2651
33471 c8a6
33472 0558
33473 9a24
33474 24c8
33475 4080
33476 0c00
33477 8000
33478 0200
33480 4000
33528 4000
34018 6000
34019 8400
34020 0840
34021 0280
34022 0004
34024 0008
34080 0001
34110 000c
34111 0082
34112 0071
34113 0c0e
34114 03e0
34115 e811
34116 1700
34117 e000
34118 1000
34119 0080
34120 4001
34124 0040
34125 2000
34139 0888
34140 c444
34141 2a22
34142 5153
34143 2000
34144 1201
34145 0010
34150 0400
34347 0001
34348 0006
34349 0008
34350 0011
34351 00ee
34353 0e51
34354 01a6
34355 0008
34356 fe60
34357 4110
34358 a400
34359 1a00
34360 6000
34361 0020
34373 0008
34374 0884
34375 8048
34376 4c26
34377 8642
34378 60b1
34379 2300
34380 1011
34381 1100
34500 1100
34501 2011
34502 1220
34503 6512
34504 8241
34505 48a4
34506 044a
34507 8805
34508 0090
34509 000b
34510 0510
34511 0026
34512 1200
34513 214c
34514 1400
34515 64a0
34516 0a08
34517 c040
34519 0880
34520 8000
34574 8800
34575 0080
34576 c808
34577 04c0
34578 664c
34579 2020
34580 1306
34581 0030
34582 8003
34583 1100
34584 0051
34612 0008
34613 0884
34614 804a
34615 4c27
34616 a670
34617 4181
34618 3200
34619 1010
34620 0100
34664 0080
34665 0840
34666 0400
34794 1000
34795 6300
34796 9400
34797 6a40
34798 2088
34799 cc00
34800 0080
34801 8800
34803 4000
34804 0040
34805 8000
35119 6000
35120 8000
35122 0200
35124 0010
35125 0060
35126 0081
35128 0004
35219 3311
35220 4422
35221 88cc
35222 4000
35223 2e00
35225 0010
35229 0040
35231 000c
35233 7001
35234 8300
35235 6c10
35236 06e1
35237 081e
35238 0041
35239 800e
36000 8880
36001 0008
36002 cc00
36003 40c4
36004 2c48
36005 8224
36006 6002
36007 3770
36008 0007
36009 1000
36010 0111
36012 4010
36014 0001
36031 0008
36032 0084
36033 0848
36034 8426
36035 48c3
36036 8630
36037 6101
36038 2210
36039 1000
36040 0100
36041 1000
36162 1100
36163 2211
36164 5422
36165 ab45
36166 40aa
36167 0c44
36168 8080
36170 1000
36171 0018
36176 0200
36178 0080
36184 0400
36194 7000
36195 8001
36196 0410
36197 fb00
36198 0001
36199 0412
36200 4ba0
36201 0042
36202 0410
36203 20ac
36204 0242
36205 0100
36206 0004
36207 0048
36208 0080
36210 0004
36211 0008
36212 1000
36239 0001
36240 0006
36242 0001
36243 001e
36245 0070
36246 008d
36247 0162
36248 0200
36249 049c
36250 1940
36251 26a0
36252 4040
36253 b880
36254 4700
36255 0800
36256 b000
36257 4000
36259 8800
36263 0001
36283 0008
36284 0080
36285 000c
36286 0840
36287 8486
36288 4863
36289 8600
36290 4031
36291 2300
36292 3010
36293 0100
36294 1000
36299 0001
36454 8000
36455 0800
36456 c080
36457 0c08
36458 60c0
36459 260c
36460 1060
36461 0306
36462 3030
36463 0141
36464 0012
36465 0001
36471 0001
36485 0088
36486 8804
36487 4442
36488 0a69
36489 6592
36490 3201
36491 0124
36492 1010
36500 8000
36653 1000
36654 2111
36655 4622
36656 b8c5
36657 4608
36658 0020
36659 a8c0
36660 500c
36661 a002
36662 5700
36663 0830
36664 07c0
36665 8800
36666 007f
36667 0080
36669 0003
36670 000c
36671 0002
36674 0001
36675 0004
36810 8000
36811 0800
36812 c080
36813 0c00
36814 6088
36815 0640
36816 6804
36817 1068
36818 0304
36819 1032
36820 0501
36821 2002
36822 0015
36838 0088
36839 8804
36840 4462
36841 0a0c
36842 6573
36843 b000
36844 0001
36845 1310
36947 1100
36948 2210
36949 7421
36950 8942
36951 46b5
36952 884a
36953 0004
36954 0088
36960 2000
36965 0400
36968 e000
36969 5c00
36970 b380
36971 0c70
36972 038c
36973 0073
36974 000f
37153 0008
37154 0087
37155 0c70
37156 e386
37157 1451
37158 2828
37159 1884
37160 c762
37161 2213
37162 1100
37183 2000
37552 008e
37553 0061
37554 0e98
37555 e947
37556 1630
37557 e000
37558 0100
37559 1800
37568 0001
37569 0010
37571 010f
37572 00f0
37573 1e00
37574 e100
37575 1000
37601 0001
37602 0030
37603 0302
37604 2000
37605 1030
37607 1101
37610 2000
37620 0022
37625 2201
37626 0010
37628 0020
37629 2001
37630 0100
37631 1000
37632 0010
37633 0200
37635 0100
37636 0011
37637 1000
37638 2000
37639 0100
37641 1000
37650 0002
37652 1000
37897 3000
37898 4310
37899 ac63
37900 4284
37901 0048
37902 8894
37903 0002
37906 0100
37907 0020
37912 e000
37913 1f00
37914 00f2
37915 000d
37918 0002
38082 0400
38532 1110
38533 2221
38534 4446
38535 e8a8
38536 0653
38537 8884
38540 0100
38541 1000
38542 0408
38553 0001
38555 0113
38556 1026
38557 6310
38558 b448
38559 4884
38560 8640
38561 0808
38562 0020
38582 0400
38720 8000
38721 4800
38722 2480
38723 da68
38724 2504
38725 0272
38726 1005
38727 0008
38728 0011
38731 0888
38732 c466
38733 2311
38734 1000
38874 0400
39287 8000
39288 0800
39289 0400
39290 6040
39291 0220
39292 0110
39294 1000
39368 0400
39439 0400
39477 0080
39578 0040
39755 8880
39756 4408
39757 a8c4
39758 4628
39759 3156
39760 0221
39761 1102
39762 0011
39780 0008
39781 0884
39782 8442
39783 4020
39784 6607
39785 83f0
39786 3001
39787 1000
39788 0810
39789 0008
39791 0100
40231 0001
40232 0040
40451 000c
40452 00f3
40453 8f00
40454 70c2
40455 6629
40456 8800
40457 0010
40459 0008
40460 0880
40461 8008
40462 04c6
40463 ca20
40464 6443
40465 0235
40466 3100
40468 1110
40852 0001
40853 1110
40854 0020
40855 3213
40856 4544
40857 2222
40858 cccc
40860 8880
40861 000c
40865 0200
40867 1000
40868 4000
40869 0001
40870 0016
40871 0368
40872 3480
40873 4800
40874 8000
41286 8000
41287 0800
41288 8080
41289 0800
41290 4088
41291 8000
41292 4c00
41293 2008
41294 57e0
41295 0057
41296 0008
41297 1000
41298 2310
41299 0063
41300 0004
41301 2000
41302 0200
41303 c044
41304 0c20
41305 22c8
41306 0024
41307 4000
41349 3000
41350 4310
41351 2421
41352 ca42
41353 94a5
41354 085a
41355 0084
41356 0108
41358 0010
41365 d000
41366 2c00
41367 03e0
41368 741b
41369 0004
41370 0023
41371 0040
41372 0080
41374 0004
41376 0008
41380 0400
41388 0010
41528 0003
41529 0030
41530 0200
41531 2112
41532 1020
41534 0201
41535 2010
41536 0100
41538 1000
41541 0100
41542 0010
41543 1000
41564 0001
41884 000c
41885 00e3
41886 0814
41887 87eb
41888 7800
41889 0610
41890 e180
41891 1000
41892 0008
41893 0880
41894 800c
41895 0cc0
41896 c006
41897 0460
41898 6203
41899 0130
41900 3201
41901 0010
41902 1100
42265 8800
42267 0080
42277 8000
42635 8888
42636 4000
42637 84cc
42638 6e22
42639 2155
42640 1222
42642 1111
42676 0008
42677 0086
42678 0861
42679 c612
42680 2104
42681 5401
42682 a240
42683 1130
42690 0008
42734 0040
42736 0400
42910 000f
42911 00f0
42912 0f05
42913 f0fa
42914 0e00
42915 f100
42921 4000
42922 0400
42926 000f
42927 00f0
42928 0f00
42929 f000
43060 0111
43061 1222
43062 2455
43063 5120
43064 aaca
43065 4c04
43066 8088
43068 4000
43073 0800
43075 8001
43076 0016
43077 0168
43078 0280
43079 3c02
43080 4000
43081 8000
43085 2000
43086 4000
43466 1000
43470 0100
43472 1000
43479 1000
43919 2000
43921 0440
43922 4001
43925 0804
43928 0080
44078 0008
44079 0004
44080 0002
44081 008d
44082 0062
44083 0091
44084 0c60
44085 0208
44086 0997
44087 6442
44088 1221
44089 2010
44090 1100
44091 0001
44567 0011
44572 0044
44573 4400
44575 0080
44577 0800
44621 3131
44622 0202
44623 7444
44624 caab
44625 0d54
44626 8080
44627 0008
44632 1000
44633 6100
44634 a600
44635 5810
44636 07f1
44637 8803
44638 00ee
44639 0008
44640 0004
44768 000c
44769 0083
44770 0074
44771 0c0b
44772 03e0
44773 ec10
44774 5300
44775 a000
44776 1804
44777 0040
44780 4000
44785 8000
44786 0100
44788 0020
44795 0888
44796 c446
44797 2220
44798 5113
44802 1000
44805 0004
44816 0040
44824 0400
45060 8000
45061 4880
45062 8408
45063 68c4
45064 2620
45065 114e
45066 0ab1
45067 9446
45068 4020
45069 2211
45070 1100
45071 6000
45072 0400
45073 1000
45116 0200
45231 1000
45232 0100
45233 2010
45234 1201
45235 6130
45236 0601
45237 4002
45238 0664
45239 b000
45240 4877
45241 0480
45242 8800
45243 04c8
45244 0804
45245 8000
45246 0008
45247 0080
45249 0008
45251 0080
45277 0008
45279 0088
45280 0004
45281 08c0
45282 8006
45283 0c61
45284 c602
45285 2031
45286 4300
45287 3010
45289 1100
45294 0002
45509 0080
45510 8808
45511 4440
45512 8884
45513 666a
45514 0114
45515 3223
45517 1511
45522 0400
45533 0008
45534 0084
45535 0842
45536 8423
45537 4210
45538 250d
45539 5200
45540 8000
45541 3000
45543 0800
45567 0040
45712 0040
45768 1000
45861 0800
46001 0800
46059 3000
46060 c710
46061 6861
46062 9686
46063 0858
46064 00a4
46065 0001
46070 0008
46071 0100
46074 4000
46077 0200
46080 c000
46081 2800
46082 d400
46083 2bc0
46084 1628
46085 01d6
46086 002d
46087 0012
46088 0001
46134 0001
46135 0002
46136 0001
46137 0012
46138 0001
46140 0010
46305 1100
46306 6211
46307 a422
46308 5bd5
46309 846a
46310 2804
46311 0080
46312 0008
46326 0400
46328 4000
46336 0011
46337 1122
46338 2200
46339 0446
46340 4018
46341 4c81
46342 a204
46343 0040
46345 9080
46346 0800
46348 0008
46370 0800
46371 8000
46373 8000
46374 0800
46388 0020
46469 0008
46470 0080
46471 080c
46472 0040
46473 84a6
46474 0841
46475 c600
46476 2032
46477 0041
46478 6310
46479 1401
46480 80a8
46481 2900
46482 1610
46483 8088
46484 4800
46485 0044
46487 0400
46488 4044
46489 2222
46490 0400
46491 4000
46492 0002
46493 2225
46494 0002
46495 0100
46496 3010
46498 0200
46499 0100
46500 1016
46503 000c
46504 0012
46505 1020
46507 0044
46508 0089
46509 0232
46510 0144
46511 0080
46512 0640
46513 0008
46514 1d20
46515 2080
46516 0a00
46517 7400
46518 00c0
46519 4800
46520 a000
46521 1700
46523 c000
46524 2800
46526 c028
46527 0006
46528 0009
46529 0006
46530 0081
46531 0060
46532 0010
46533 00a0
46534 0840
46535 0410
46536 0302
46537 0c00
46538 c300
46539 2000
46540 5000
46541 a000
46543 1000
46548 4000
46553 0400
46653 0400
46798 1000
46800 0100
46801 1000
46802 2010
46803 0101
46804 0200
46805 4010
46806 1421
46807 0002
46808 2000
46809 1520
46810 0053
46811 4200
46812 0500
46813 0015
46814 0020
46817 0045
46819 0002
46820 0001
46821 0010
46822 0004
46828 0002
46833 0004
46834 0003
46838 0051
46839 0026
46841 0010
46843 0302
46845 0010
46846 3020
46847 0100
46848 0001
46849 0202
46850 3011
46852 0100
46854 1000
46855 0110
46858 1000
47130 000c
47132 0081
47134 0044
47135 0010
47136 0800
47137 0400
47140 0100
47141 0200
47142 c000
47143 2000
47145 0010
47146 1000
47152 0800
47156 2000
47157 4000
47245 2000
47246 4000
47249 0800
47250 0010
47254 0004
47954 8880
47955 4808
47956 84c4
47957 6008
47958 0666
47959 3000
47960 4733
47962 1111
47965 0010
47966 0040
47969 2800
47975 0008
47976 0084
47977 0842
47978 8421
47979 6212
47980 0100
47981 7200
47982 0400
47984 0014
47993 1000
47994 0100
48004 0800
48007 0040
48079 0800
48081 0040
48156 0400
48159 0004
48217 1000
48218 2110
48219 4621
48220 b8d6
48221 4708
48222 0844
48223 00a0
48225 8008
48226 0001
48227 0002
48255 0001
48283 0001
48286 0011
48288 0001
48289 0012
48290 0100
48291 0020
48292 1102
48293 0014
48294 1228
48295 0046
48296 2288
48297 0c40
48298 a080
48299 dc00
48301 4200
48303 2100
48304 0020
48305 0404
48421 0001
48422 0110
48423 1000
48424 0220
48425 2111
48426 1422
48427 6200
48429 0400
48430 6110
48431 0200
48432 0040
48433 8000
48434 6000
48435 0001
48436 0002
48437 0010
48438 0020
48439 0001
48441 0400
48442 0010
48444 0200
48445 0010
48446 0100
48447 0020
48448 4600
48449 2000
48450 0100
48454 4001
48455 0110
48458 1000
48464 4000
48468 9000
48469 4100
48470 2000
48471 8600
48472 4900
48473 0200
48474 0410
48475 0800
48476 8720
48477 0010
48478 0880
48479 0060
48480 0410
48481 0221
48482 00c0
48483 0815
48484 0042
48485 0080
48486 002c
48487 0003
48489 00c4
48490 0008
48491 0002
48495 0080
48496 0008
48497 8840
48498 c484
48499 2a62
48500 4400
48501 3313
48502 0025
48503 1010
48504 0100
48858 0008
48859 0007
48860 00f0
48861 0e0f
48862 c1f0
48863 3e00
48864 0100
48865 e000
48866 1000
48867 0840
48868 0400
48870 2000
48871 4000
48873 0008
48874 88c4
48875 4422
48876 2211
48877 1100
48879 2000
48909 2000
48952 0080
48953 0800
48954 8000
49288 1000
49289 2111
49290 4222
49291 3455
49292 caa8
49293 0546
49294 8880
49295 0008
49300 4000
49304 7100
49305 8610
49306 08e3
49307 000c
49308 0011
49309 0402
49326 0004
49396 0001
49477 00cf
49478 0e30
49479 f1c0
49480 0001
49481 4824
49482 2410
49483 1000
49486 0100
49494 0008
49495 88c5
49496 4422
49497 2311
49498 3000
49500 4000
49582 0008
49583 0080
49585 0800
49742 4000
49743 2400
49790 8000
49791 0800
49792 c088
49793 2c40
49794 428c
49795 3460
49796 0316
49797 1021
49798 0002
49799 0111
49803 f000
49806 4000
49807 bc00
49808 0300
49809 4000
49810 3010
49811 8000
49812 0760
49813 0890
49814 0200
49815 0401
49817 00fe
49818 0800
49819 0001
49820 0080
49821 0062
49822 0005
49823 000a
49824 0010
49825 000c
49833 0001
49843 0100
50127 0400
50128 0050
50129 0004
50153 e000
50154 1e00
50155 e1e0
50156 081f
50157 02c0
50158 010d
50160 0400
50161 0800
50163 8000
50164 6c00
50165 13e8
50166 0017
50252 8800
50253 4080
50254 0c08
50255 20c0
50256 062c
50257 d140
50258 2236
50259 0003
50260 1150
50261 4c01
50262 a000
50265 9000
50266 6000
50268 0200
50278 1000
50293 0088
50294 8804
50295 0440
50296 42aa
50297 ec47
50298 1331
50299 2010
50300 1000
50301 0100
50384 1110
50385 2001
50386 1332
50387 6441
50388 8a24
50389 448a
50390 8844
50391 0080
50392 0008
50394 0001
50396 0001
50397 0010
50398 0082
50399 0040
50400 0016
50401 0020
50402 0101
50403 0004
50404 1130
50405 424a
50407 144c
50408 2280
50410 2400
50411 4080
50412 0800
50413 4408
50414 0800
50415 8000
50417 4000
50418 a000
50423 8000
50579 000f
50580 00f0
50581 8f0e
50582 70d1
50583 0c20
50584 e200
50585 1000
50586 0100
50588 0800
50596 0008
50597 88c4
50598 4622
50599 2111
50600 1000
50604 0100
50606 4000
50614 0002
50616 0200
50657 0088
50659 4c00
50660 8008
50661 0880
50662 8400
50663 4000
50664 0800
50666 8000
50667 4000
50668 0800
50669 8008
50670 0884
50671 8042
50672 4429
50673 2a56
50674 c120
50675 3200
50676 001d
50677 0583
50678 0070
50679 0c00
50680 d300
50681 2000
50682 1004
50683 6000
50686 8000
50777 8000
50780 8000
50781 6800
50782 d000
50783 2f80
50784 0020
50785 04d0
50786 080d
50787 0042
50788 022d
50790 1002
50791 0100
50792 2200
50793 0031
50795 2043
50796 0006
50797 0200
50798 2000
50799 0040
50800 0020
50801 0200
50802 8004
50803 4822
50804 9400
50805 6880
50806 0608
50807 2040
50808 10ac
50809 0240
50810 0002
50811 0004
50987 8000
50988 0800
50989 c880
50990 0408
50991 e0c0
50992 0c00
50993 62cc
50994 1020
50995 2644
50996 0122
50997 121c
50998 0103
50999 0030
51000 0001
51021 0888
51022 8004
51023 4442
51024 a2a8
51025 5513
51026 2244
51027 0031
51029 1100
51036 0800
51061 0040
51062 0080
51525 0008
51526 0084
51527 0842
51528 8420
51529 cadb
51530 2100
51531 5446
51532 2230
51533 0002
51534 1111
51601 1110
51602 2001
51603 1322
51604 4650
51605 2025
51606 0cca
51607 0004
51608 0088
51914 2000
51915 4600
51916 88c0
51959 1111
51960 2220
51961 4403
51962 3154
51963 ceaa
51964 0875
51965 0087
51966 0008
51968 0002
52083 000f
52084 00e0
52085 0c11
52086 03ee
52087 f410
52088 4b00
52089 b000
52099 0008
52100 0884
52101 8462
52102 6201
52103 1112
52104 0040
52109 0004
52114 0008
52117 0400
52189 0008
52190 0084
52192 084f
52193 0080
52194 8470
52195 0803
52196 4774
52197 b000
52198 4200
52199 0500
52200 3000
52203 4000
52209 8000
52218 0800
52220 0400
52231 0008
52237 0008
52254 e000
52255 1400
52256 ea00
52257 15e0
52258 0208
52259 0156
52260 0020
52261 001d
52262 0002
52263 0001
52264 0080
52792 008c
52793 0863
52794 c690
52795 2100
52796 5c68
52797 2084
52798 cc62
52799 2211
52800 1100
52803 0001
52806 0013
52808 0004
52809 0030
52810 0103
52811 0014
52812 0020
52814 0100
53004 1000
53005 6310
53006 8c61
53007 7096
53008 0649
53009 88a6
53012 0008
53014 0400
53030 0001
53033 0010
53037 0001
53039 0010
53041 0100
53043 0001
53052 8000
53053 4000
53054 2000
53055 1000
53056 8000
53057 4800
53058 2400
53059 8201
53060 7000
53061 0880
53062 1400
53063 0360
53064 0001
53065 0c00
53066 0188
53067 0264
53068 0012
53069 0080
53070 007c
53071 0003
53073 000d
53074 0002
53114 0001
53121 000c
53122 0003
53123 0080
53124 007d
53125 0802
53126 06e4
53127 8110
53128 6848
53129 1680
53130 e944
53131 5622
53132 2111
53133 1000
53134 0002
53135 0004
53158 0010
53327 3110
53328 4221
53329 2442
53330 db95
53331 846a
53332 0804
53333 0080
53334 0008
53340 4000
53347 0011
53348 0102
53349 1020
53350 2244
53351 440a
53352 0881
53353 c014
53354 2000
53355 0400
53356 0040
53365 0200
53452 8800
53453 0088
53454 0800
53455 c4c0
53456 000c
53457 6c40
53458 0284
53459 6462
53460 0200
53461 1037
53462 2100
53463 0011
53464 1100
53466 0018
53467 0001
53468 008c
53469 0042
53470 0804
53471 04e3
53472 8810
53473 4621
53474 e110
53475 0200
53476 3100
53479 1000
53612 1000
53613 0100
53614 1010
53615 0121
53616 0010
53617 0003
53619 0002
53847 0003
53848 0010
53849 0101
53850 0010
54246 4000
54248 0c00
54285 1111
54286 2266
54287 6411
54288 9be8
54289 c084
54290 1c0a
54295 1000
54296 6000
54297 9100
54298 6630
54299 8901
54300 0ef2
54301 0005
54302 004a
54303 0084
54304 0008
54339 0010
54343 0080
54408 0001
54409 000e
54410 00f0
54411 0f0f
54412 f0f0
54413 0e00
54414 e100
54415 1000
54424 0088
54425 8800
54426 0008
54427 8cc7
54428 4020
54429 0456
54430 6320
54431 0211
54432 3100
54434 1000
54549 0008
54550 0004
54551 0002
54552 0021
54553 0016
54554 0001
54656 2000
54658 0020
54660 0004
54872 8880
54873 6408
54874 0264
54875 1182
54876 c011
54877 2804
54878 5480
54879 ab48
54880 1430
54881 028e
54882 0171
54883 0002
54884 0089
54886 0844
54887 008a
54888 8c60
54889 0005
54890 4622
54891 8051
54892 6000
54893 0608
54894 21b0
54895 8808
54896 0405
54897 0140
54898 5c80
54899 8066
54901 0200
54902 2022
54903 4001
54904 0200
54906 0110
54908 3000
54910 0001
54911 0110
54914 0011
54917 0020
54919 0002
54936 2000
54937 4000
54938 8000
54940 0820
55138 0044
55139 0080
55140 4800
55250 8880
55251 4408
55252 2264
55253 1402
55254 0111
55255 a020
55256 4800
55257 e480
55258 1a00
55259 2440
55260 13a0
55262 01b0
55263 0800
55264 00f1
55265 0400
55266 8810
55267 4260
55268 8d01
55269 6010
55271 9600
55272 6108
55273 0880
55274 9004
55275 0c40
55276 c082
55277 4665
55278 2012
55279 0321
55280 0018
55281 3100
55285 1000
55378 1000
55380 0200
55381 0800
55385 0008
55470 1100
55471 2011
55472 5622
55473 2155
55474 caa0
55475 044e
55476 8880
55477 0008
55478 2000
55489 0011
55490 0122
55491 1244
55492 2408
55493 4880
55494 8000
55496 2400
55977 1000
55980 2000
55981 1000
55994 2000
56079 0010
56080 0040
56082 0400
56083 0800
56084 2000
56085 4000
56086 8000
56257 0004
56258 0080
56259 0041
56262 0200
56263 0100
56336 2000
56339 0400
56340 0800
56341 00c0
56342 0004
56467 1000
56468 0100
56469 1010
56470 2000
56471 0110
56472 6201
56473 0020
56474 1200
56475 2000
56476 4010
56477 0400
56479 0100
56483 1300
56484 2000
56485 4000
56486 1000
56488 2000
56492 1000
56564 0010
56614 0088
56615 0804
56616 8048
56617 0ca6
56618 c041
56619 2612
56620 4120
56621 3201
56622 0010
56623 9900
56624 0088
56625 8000
56626 4c84
56627 0040
56629 6400
56630 02a8
56632 4004
56633 2008
56634 0c80
56635 1040
56637 4400
56638 aa80
56639 4000
56640 0020
56641 2c00
56642 c000
56645 2000
56646 c000
56650 1040
56680 1000
56681 6000
56683 c000
56684 3700
56685 0800
56687 2ce0
56688 9210
56689 4500
56691 0008
56692 00e4
56693 0302
56694 0051
56695 0020
56696 0088
56697 0014
56698 0003
56699 0008
56700 0004
56701 0003
57124 1100
57125 2010
57126 5221
57127 2552
57128 ca05
57129 04e0
57130 880e
57131 0080
57132 0008
57133 0001
57134 0010
57135 4102
57136 1020
57137 2246
57138 4419
57139 0280
57140 c808
57142 2000
57143 0420
57144 8100
57146 0004
57473 0004
57528 2000
57529 4000
57530 0500
57531 8000
57561 0040
57610 0001
57612 0002
57613 0005
57614 0018
57615 0022
57616 0005
57617 00d8
57618 0122
57619 0244
57620 0c80
57621 1338
57622 2cc0
57623 4000
57624 b000
57625 4f00
57626 8000
57627 2000
57628 5400
57630 8000
57632 0008
57633 8880
57634 044c
57635 4022
57636 e604
57637 0313
57638 3060
57640 0001
57641 0010
57642 0100
57647 1000
57710 0080
57726 00c0
57729 2000
57875 3100
57876 4231
57877 a442
57878 48ac
57879 0440
57880 9880
57881 0107
57885 0200
57891 f000
57894 4900
57895 b400
57896 0200
57897 6000
57898 0900
57899 14a0
57900 0a40
57901 0010
57902 0500
57903 02c0
57905 0007
57906 0020
57907 0019
57908 0082
57909 0070
57910 0104
57911 0002
57912 000c
57914 0008
57917 0080
58467 1111
58468 2200
58469 4022
58470 2555
58471 9ea2
58472 4048
58473 8885
58475 0008
58476 2000
58477 1000
58478 4000
58481 5200
58482 2800
58483 00a0
58486 1000
58487 0040
58488 0100
58491 8000
58497 0080
58499 4000
58500 0001
58501 0010
58502 1122
58503 0244
58504 6488
58505 0802
58506 8000
58508 4000
58976 1000
58977 2111
58978 4622
58979 1944
58980 0289
58981 0416
58982 0820
58983 20d3
58984 0004
58985 000b
58986 0024
58987 0008
58990 0002
59048 2000
59052 4000
59054 8000
59286 0008
59287 0004
59289 0080
59292 0040
59293 0800
59295 0001
59296 0020
59297 0400
59298 0040
59303 0010
59312 0040
59412 1100
59413 2011
59414 4222
59415 ad44
59416 4299
59417 1d02
59418 8024
59419 1248
59420 6480
59421 0800
59422 8000
59424 4000
