0 4
0 12
1 1
1 14
2 1
2 0
3 13
4 1
5 11
6 14
6 9
7 13
7 5
8 15
9 3
10 10
11 2
11 6
12 8
13 2
14 12
15 3
16 13
17 11
18 4
19 0
20 4
21 12
22 1
22 2
23 0
24 9
25 0
25 7
26 14
27 9
28 0
28 14
29 15
30 8
30 14
31 1
32 14
33 11
34 6
35 6
35 14
36 15
37 14
37 7
38 0
39 11
40 12
41 3
42 0
43 12
44 7
44 0
45 5
46 11
46 13
47 1
48 8
49 0
50 8
50 4
51 12
52 1
53 6
53 9
54 4
54 7
55 14
56 11
57 14
58 7
58 8
59 12
60 12
61 7
62 0
63 11
64 11
65 13
66 0
66 11
67 15
68 2
69 0
69 12
70 2
71 9
72 1
73 11
73 13
74 11
75 8
75 0
76 2
76 8
77 9
78 8
79 0
80 2
80 5
81 3
82 7
83 9
84 15
85 14
85 12
86 15
86 9
87 7
88 7
89 5
90 14
91 15
91 1
92 7
93 3
94 1
94 3
95 13
96 2
97 7
98 8
98 5
99 15
100 2
100 3
101 13
101 7
102 6
103 15
104 8
105 13
105 0
106 0
107 12
108 10
108 14
109 3
110 4
110 1
111 14
112 15
113 14
114 6
115 10
116 5
117 2
118 0
119 13
120 5
121 14
122 14
123 2
124 3
124 7
125 4
125 0
126 5
127 7
128 14
129 15
130 3
131 2
132 8
133 14
134 8
135 5
135 6
136 14
137 14
138 11
139 5
140 7
141 6
142 12
143 0
144 15
145 5
146 4
147 10
148 14
149 5
149 14
150 0
151 0
152 14
153 11
154 15
154 2
155 0
156 3
157 1
158 13
159 1
160 15
160 13
161 13
162 15
163 9
164 9
165 12
166 4
167 6
168 0
169 5
170 5
171 0
172 12
172 0
173 10
173 4
174 9
175 10
175 5
176 7
177 4
178 8
179 6
180 3
181 11
182 13
183 5
183 3
184 10
185 14
186 3
187 8
188 3
188 13
189 4
189 11
190 11
191 8
192 15
192 7
193 9
194 5
195 5
196 3
197 11
198 4
199 9
200 8
201 7
202 9
203 6
203 14
204 9
205 11
206 2
206 15
207 5
207 3
208 13
209 3
210 1
211 11
211 15
212 6
213 11
213 10
214 9
214 6
215 13
216 12
217 4
218 9
219 6
220 6
220 11
221 14
222 7
223 0
224 5
225 1
226 2
226 15
227 7
228 9
229 8
230 9
231 0
231 6
232 8
233 5
234 13
235 10
236 3
237 13
238 1
239 10
239 3
240 11
241 9
242 6
242 12
243 6
243 3
244 3
245 5
246 8
247 9
248 12
249 12
250 0
251 2
252 6
252 1
253 15
254 14
255 3
256 9
257 11
258 15
259 10
259 12
260 14
261 12
262 4
263 8
264 13
264 2
265 0
266 15
267 5
267 10
268 14
269 4
269 3
270 13
271 7
272 5
273 12
274 6
275 14
276 10
277 2
278 10
279 14
280 3
281 4
281 10
282 5
283 14
283 3
284 2
285 11
285 10
286 4
286 11
287 7
287 1
288 8
289 3
289 14
290 6
291 11
292 3
293 6
293 11
294 10
295 13
296 8
296 2
297 11
297 0
298 11
299 10
299 1
300 8
301 2
302 10
302 14
303 2
304 0
304 11
305 4
306 7
307 10
308 8
309 14
310 1
310 5
311 2
312 5
312 9
313 7
314 3
315 3
316 12
317 4
318 3
319 10
320 1
320 12
321 5
322 11
323 8
324 3
325 7
326 12
327 6
328 12
329 0
329 1
330 12
330 1
331 4
332 5
333 0
334 11
335 12
336 5
337 9
338 3
339 13
340 4
341 14
341 4
342 13
342 5
343 10
343 13
344 2
345 6
345 9
346 15
347 8
348 0
349 10
349 1
350 12
351 15
352 6
353 7
354 8
354 11
355 8
356 7
357 8
357 10
358 4
359 10
360 0
361 15
362 5
363 8
364 3
364 11
365 4
366 13
367 7
368 2
369 13
370 8
371 2
371 14
372 12
373 6
374 0
375 2
376 13
376 6
377 3
378 5
379 6
379 13
380 2
381 2
381 11
382 10
382 4
383 5
383 0
384 9
385 2
386 14
387 0
388 9
388 7
389 8
390 2
391 15
391 8
392 14
392 1
393 0
394 7
395 8
396 13
397 12
398 5
399 12
400 12
401 2
402 9
403 9
404 6
405 5
406 12
407 3
408 14
409 14
410 13
411 8
411 10
412 9
413 3
413 0
414 10
415 5
415 4
416 4
417 15
418 9
418 15
419 15
419 14
420 7
421 4
422 3
422 10
423 8
424 15
425 14
426 14
426 3
427 1
428 5
428 6
429 5
429 2
430 10
431 8
432 10
432 5
433 4
434 9
434 15
435 6
436 10
437 0
438 9
439 11
440 14
441 11
441 12
442 12
443 11
444 2
445 3
445 0
446 4
446 13
447 10
447 3
448 9
449 1
449 3
450 15
451 14
452 7
452 8
453 4
453 3
454 1
455 2
456 14
457 8
458 8
459 6
459 10
460 3
460 6
461 3
462 12
463 4
464 3
465 0
466 6
467 9
467 11
468 13
469 4
470 15
471 10
472 0
473 13
474 4
475 12
476 13
477 11
478 11
479 7
480 9
481 9
482 4
483 6
484 10
485 10
485 3
486 8
487 9
487 3
488 7
489 9
490 1
491 7
492 12
493 7
493 11
494 14
494 10
495 14
496 2
496 8
497 11
498 13
499 10
500 8
501 8
502 7
502 14
503 11
504 13
505 5
506 8
507 13
507 15
508 4
509 13
510 9
511 10
512 8
513 2
514 3
515 0
515 11
516 0
516 1
517 13
517 5
518 3
518 2
519 6
520 3
521 7
522 14
522 11
523 5
524 2
524 13
525 7
526 14
527 6
528 2
529 3
530 9
531 7
532 14
533 13
534 10
535 3
536 14
537 1
538 9
539 0
540 12
541 15
541 6
542 14
543 5
543 14
544 9
545 14
545 15
546 8
547 0
548 10
548 15
549 9
550 5
551 11
552 1
553 12
554 15
555 15
556 2
557 6
558 7
559 1
559 0
560 7
561 2
562 2
563 10
564 5
565 11
565 14
566 14
567 9
568 8
569 5
570 3
571 2
572 5
573 1
574 3
574 8
575 15
576 10
576 1
577 4
578 6
579 10
580 1
581 12
582 13
582 12
583 15
584 13
584 12
585 7
586 4
587 12
588 0
589 15
589 0
590 5
591 1
592 10
593 4
594 2
595 6
596 0
597 5
598 1
599 1
600 14
601 3
601 9
602 3
603 10
603 7
604 2
605 9
606 0
607 5
607 11
608 7
608 10
609 5
610 9
611 9
612 3
613 4
614 7
615 9
616 5
617 7
618 13
619 12
620 4
621 1
622 12
623 4
624 7
625 7
625 2
626 8
626 7
627 10
628 11
628 0
629 1
629 13
630 10
631 14
632 12
633 6
634 4
635 14
635 3
636 12
637 1
638 14
639 3
640 13
641 4
642 12
643 13
644 4
645 2
646 3
647 9
647 8
648 8
649 7
649 15
650 5
651 9
651 12
652 14
653 4
654 15
655 2
656 0
656 4
657 0
658 10
659 0
660 2
661 6
662 3
662 11
663 5
664 11
665 14
666 3
666 13
667 3
668 15
669 1
670 9
670 7
671 15
672 4
673 6
674 9
675 14
676 1
677 6
678 9
679 12
679 9
680 2
681 6
681 0
682 11
683 14
684 9
685 14
685 10
686 6
686 14
687 2
688 6
688 4
689 1
690 1
690 4
691 2
692 11
692 1
693 10
693 5
694 0
695 10
696 8
697 8
698 11
699 10
700 4
700 14
701 12
702 4
703 15
704 8
704 0
705 11
706 0
707 11
708 9
709 7
710 2
710 12
711 9
711 11
712 8
713 5
714 9
715 8
716 4
717 11
718 12
719 13
720 0
721 0
722 3
722 6
723 9
724 10
725 13
725 1
726 6
727 0
728 10
729 9
730 15
731 11
732 9
733 7
734 15
735 11
736 4
736 8
737 10
738 6
739 6
740 13
741 10
741 0
742 12
742 3
743 13
743 1
744 3
744 2
745 1
746 14
747 14
747 4
748 6
748 4
749 11
749 3
750 7
751 1
752 12
753 13
754 7
754 14
755 5
756 2
757 6
757 1
758 2
759 6
760 3
761 13
762 12
762 2
763 10
764 5
765 1
766 8
767 10
768 5
769 7
770 15
771 9
772 10
772 5
773 15
774 12
775 15
776 2
777 1
777 13
778 6
779 12
780 9
781 6
782 10
783 3
784 6
784 9
785 3
786 15
787 15
788 13
789 2
789 13
790 5
791 1
792 7
793 15
793 11
794 4
794 10
795 2
796 8
797 1
797 0
798 9
799 7
800 3
801 15
802 9
803 3
803 5
804 7
805 11
806 9
807 8
808 8
809 5
809 0
810 15
811 1
812 4
812 2
813 4
814 3
814 8
815 1
816 7
817 5
817 8
818 6
819 7
820 13
821 2
822 5
823 6
824 2
825 6
826 2
827 15
828 14
828 12
829 9
829 11
830 3
831 14
832 12
833 12
834 3
835 10
835 13
836 14
837 10
838 3
839 4
840 9
841 10
842 13
843 7
844 2
845 1
846 15
847 11
848 0
849 13
849 12
850 9
851 8
852 11
853 0
854 3
855 8
856 13
857 11
858 6
858 11
859 8
860 12
861 6
861 12
862 6
863 0
864 11
865 12
866 12
867 0
868 0
868 1
869 3
870 15
871 12
872 6
873 10
874 1
875 10
875 9
876 5
877 1
878 15
879 11
879 8
880 10
881 14
882 10
883 0
884 14
885 10
886 12
887 14
887 1
888 14
889 4
890 6
891 12
892 10
892 5
893 9
893 14
894 6
895 10
896 6
897 4
898 3
899 5
900 7
901 2
902 14
903 12
904 1
905 4
906 5
906 15
907 15
907 10
908 2
909 2
910 0
911 2
911 15
912 3
913 1
914 15
915 5
915 2
916 2
917 1
918 7
919 9
920 3
921 10
922 0
923 3
924 9
924 7
925 0
926 14
927 5
928 4
929 7
930 11
930 15
931 11
932 1
933 14
934 7
935 0
936 12
937 4
938 7
938 4
939 2
940 9
941 2
942 11
943 13
943 2
944 4
945 8
946 11
946 5
947 3
948 1
948 3
949 8
950 0
950 2
951 3
951 5
952 1
953 3
954 12
955 1
956 12
957 3
958 0
959 15
960 1
961 0
962 12
963 12
964 10
965 12
966 6
967 12
968 9
968 14
969 15
970 10
970 2
971 8
972 10
973 15
974 10
975 10
975 2
976 13
977 15
977 5
978 7
979 8
980 2
980 14
981 15
982 12
983 14
984 14
985 2
986 12
987 4
988 9
989 14
990 7
990 1
991 4
992 6
993 4
994 15
994 5
995 14
996 15
997 4
997 3
998 2
998 12
999 5
999 0
1000 8
1001 3
1001 4
1002 9
1002 11
1003 4
1004 14
1005 13
1006 2
1007 14
1008 7
1009 11
1009 7
1010 15
1011 4
1012 15
1013 13
1013 10
1014 9
1015 4
1016 7
1017 9
1018 4
1019 1
1019 0
1020 10
1021 6
1022 13
1023 8
1024 8
1025 11
1026 1
1027 2
1028 1
1028 6
1029 4
1030 7
1031 6
1032 8
1033 10
1034 10
1035 0
1036 5
1037 8
1037 13
1038 6
1039 2
1040 0
1041 5
1042 3
1043 7
1044 9
1045 3
1045 15
1046 3
1047 0
1048 9
1048 6
1049 8
1050 1
1050 12
1051 2
1051 8
1052 14
1052 6
1053 11
1054 5
1055 15
1056 10
1057 5
1057 0
1058 5
1059 9
1060 8
1061 14
1062 15
1062 12
1063 10
1064 2
1065 13
1066 15
1066 8
1067 12
1068 12
1068 4
1069 12
1069 3
1070 3
1071 8
1072 10
1072 5
1073 1
1074 3
1075 6
1076 7
1077 9
1078 1
1079 2
1080 1
1080 7
1081 10
1081 7
1082 4
1082 3
1083 10
1084 6
1085 6
1085 11
1086 3
1087 10
1088 7
1089 3
1090 1
1090 11
1091 3
1092 9
1093 10
1094 12
1095 14
1096 4
1097 14
1098 4
1099 13
1100 13
1101 15
1102 11
1102 3
1103 0
1104 10
1105 8
1106 7
1107 12
1108 0
1109 10
1110 0
1111 9
1112 11
1113 12
1113 15
1114 15
1115 3
1116 12
1117 0
1118 5
1118 1
1119 1
1120 6
1121 0
1121 1
1122 4
1123 11
1124 7
1125 4
1126 1
1126 11
1127 1
1128 12
1129 6
1130 11
1131 15
1132 13
1132 5
1133 5
1134 13
1135 12
1135 8
1136 1
1137 9
1137 14
1138 2
1139 0
1140 1
1141 14
1142 15
1143 15
1144 11
1145 13
1146 13
1147 3
1148 2
1149 13
1149 12
1150 4
1151 2
1152 15
1153 6
1154 14
1154 0
1155 14
1156 13
1157 5
1157 6
1158 7
1159 3
1160 2
1161 12
1161 10
1162 3
1163 13
1164 1
1165 6
1166 15
1167 6
1167 0
1168 0
1168 6
1169 12
1170 2
1171 12
1172 13
1173 7
1174 3
1174 15
1175 8
1176 15
1176 3
1177 8
1178 0
1179 14
1179 10
1180 1
1180 5
1181 15
1182 13
1182 4
1183 7
1184 13
1185 10
1186 11
1187 15
1188 5
1189 4
1190 13
1190 5
1191 7
1192 7
1193 1
1193 7
1194 13
1195 8
1196 10
1196 2
1197 15
1198 10
1199 6
1199 2
1200 11
1201 4
1201 9
1202 12
1203 6
1204 15
1205 4
1206 9
1207 8
1208 15
1209 14
1210 10
1211 2
1211 0
1212 3
1213 11
1214 4
1215 6
1215 7
1216 8
1216 12
1217 15
1218 11
1219 8
1220 14
1220 4
1221 0
1222 5
1223 13
1224 0
1225 2
1225 8
1226 13
1227 7
1228 14
1229 11
1230 4
1230 3
1231 5
1232 1
1232 15
1233 15
1233 12
1234 11
1235 7
1236 7
1237 8
1237 4
1238 15
1239 3
1240 11
1240 10
1241 13
1241 11
1242 11
1243 13
1244 10
1245 2
1246 3
1246 13
1247 8
1248 10
1249 7
1250 13
1250 3
1251 8
1251 2
1252 0
1253 5
1254 12
1255 12
1256 13
1257 0
1257 6
1258 14
1258 9
1259 5
1260 0
1261 1
1262 9
1263 7
1264 14
1264 8
1265 11
1266 11
1267 7
1268 4
1269 7
1270 4
1271 1
1272 14
1272 0
1273 11
1273 12
1274 8
1275 7
1276 12
1277 5
1278 1
1278 3
1279 14
1280 3
1281 11
1282 13
1283 1
1284 10
1285 3
1286 2
1287 7
1288 12
1289 2
1289 3
1290 4
1290 7
1291 3
1291 9
1292 2
1293 4
1294 10
1294 7
1295 10
1296 1
1296 5
1297 12
1298 10
1298 7
1299 12
1299 10
1300 4
1300 11
1301 5
1302 3
1303 7
1304 15
1305 11
1305 10
1306 11
1307 0
1308 15
1309 3
1310 10
1311 8
1312 7
1313 13
1313 7
1314 4
1314 6
1315 11
1315 0
1316 5
1317 9
1317 7
1318 9
1319 5
1319 6
1320 13
1321 10
1322 10
1323 15
1323 3
1324 1
1325 2
1326 8
1326 15
1327 14
1328 3
1329 14
1330 6
1331 10
1332 11
1333 6
1334 15
1335 11
1336 14
1337 13
1337 0
1338 12
1339 10
1339 4
1340 2
1341 5
1342 3
1343 5
1344 14
1345 8
1346 10
1347 11
1347 12
1348 9
1349 10
1350 2
1351 5
1352 14
1352 9
1353 15
1354 8
1355 9
1355 12
1356 2
1356 12
1357 10
1357 8
1358 14
1358 15
1359 4
1359 7
1360 2
1360 12
1361 6
1362 0
1363 9
1364 9
1365 15
1366 10
1367 2
1368 13
1368 15
1369 2
1370 14
1371 9
1372 5
1372 4
1373 9
1374 10
1375 4
1376 2
1377 0
1378 3
1379 6
1380 14
1381 9
1382 10
1383 5
1384 10
1385 2
1385 0
1386 4
1387 15
1387 9
1388 10
1388 1
1389 2
1390 9
1391 13
1392 6
1393 11
1393 7
1394 5
1394 2
1395 9
1396 9
1397 2
1398 14
1398 10
1399 4
1400 5
1401 8
1402 7
1403 4
1404 9
1405 8
1405 1
1406 4
1407 5
1408 6
1408 12
1409 3
1410 1
1411 4
1412 4
1412 12
1413 12
1414 7
1415 3
1415 8
1416 1
1417 9
1418 14
1418 1
1419 14
1420 11
1420 10
1421 2
1421 7
1422 8
1423 2
1423 10
1424 10
1424 2
1425 1
1426 6
1427 7
1428 8
1429 3
1430 5
1430 3
1431 15
1432 4
1433 11
1434 12
1434 2
1435 8
1436 2
1437 12
1438 5
1438 12
1439 12
1440 6
1440 5
1441 2
1441 15
1442 4
1443 1
1443 10
1444 5
1445 7
1446 13
1446 5
1447 12
1448 0
1448 5
1449 7
1449 3
1450 10
1450 12
1451 9
1452 1
1453 9
1453 14
1454 13
1455 6
1456 8
1457 11
1457 3
1458 1
1458 10
1459 2
1460 4
1460 9
1461 2
1461 14
1462 12
1463 0
1463 13
1464 2
1464 9
1465 6
1466 3
1467 7
1468 15
1468 9
1469 5
1470 5
1471 12
1472 6
1473 13
1474 2
1474 14
1475 7
1476 6
1477 11
1478 3
1479 3
1479 4
1480 13
1481 11
1481 6
1482 6
1483 7
1484 10
1485 11
1486 12
1486 5
1487 5
1487 8
1488 0
1489 11
1489 7
1490 4
1491 0
1492 6
1493 15
1494 8
1495 4
1496 8
1497 14
1498 9
1499 13
1500 10
1501 14
1502 7
1503 5
1504 2
1505 6
1505 1
1506 7
1507 10
1508 9
1509 15
1510 3
1511 14
1511 1
1512 4
1513 8
1514 7
1515 6
1515 7
1516 3
1516 13
1517 15
1517 7
1518 4
1519 1
1520 6
1521 7
1522 2
1522 13
1523 3
1524 14
1525 6
1525 8
1526 1
1527 4
1528 4
1528 1
1529 7
1530 15
1531 0
1532 7
1533 10
1534 13
1535 11
1535 0
1536 7
1537 4
1538 0
1539 2
1539 6
1540 13
1541 11
1541 10
1542 13
1543 0
1543 7
1544 13
1545 5
1545 8
1546 10
1547 0
1548 2
1549 0
1550 4
1550 1
1551 0
1551 7
1552 6
1552 12
1553 8
1554 1
1555 5
1556 2
1556 8
1557 11
1557 13
1558 3
1559 13
1560 12
1561 13
1561 1
1562 0
1563 7
1564 11
1565 5
1566 3
1567 7
1568 2
1569 15
1569 7
1570 0
1571 2
1571 15
1572 7
1573 1
1574 2
1575 3
1576 2
1576 3
1577 1
1578 13
1579 6
1580 8
1581 13
1581 10
1582 11
1583 4
1584 8
1584 12
1585 15
1586 12
1586 13
1587 2
1588 10
1589 2
1590 2
1591 11
1592 11
1593 15
1594 10
1594 8
1595 10
1596 8
1596 3
1597 2
1598 2
1598 9
1599 11
1600 10
1601 5
1602 6
1602 12
1603 8
1604 12
1604 8
1605 5
1605 4
1606 11
1607 6
1608 14
1608 11
1609 14
1610 12
1610 7
1611 12
1612 15
1613 5
1613 10
1614 5
1615 8
1616 15
1617 2
1618 2
1618 13
1619 1
1620 11
1620 7
1621 2
1622 15
1623 6
1624 11
1624 13
1625 0
1625 9
1626 2
1627 8
1628 3
1629 12
1630 2
1631 3
1631 6
1632 14
1633 14
1634 2
1635 7
1635 15
1636 12
1637 13
1638 12
1639 11
1639 5
1640 3
1640 11
1641 14
1641 1
1642 8
1643 10
1644 7
1645 10
1646 4
1647 2
1648 12
1649 5
1650 10
1650 2
1651 1
1652 2
1652 10
1653 15
1654 15
1655 4
1656 14
1657 6
1658 12
1659 6
1660 3
1661 11
1662 12
1663 4
1664 14
1665 12
1665 15
1666 9
1667 5
1668 6
1669 0
1670 6
1670 5
1671 5
1671 1
1672 14
1673 6
1674 5
1675 2
1676 3
1676 1
1677 0
1677 3
1678 3
1679 12
1679 15
1680 4
1680 1
1681 7
1681 0
1682 12
1683 5
1684 14
1685 8
1686 7
1687 1
1688 2
1689 7
1690 3
1690 14
1691 4
1691 8
1692 6
1693 6
1693 15
1694 13
1695 9
1696 7
1697 6
1698 6
1699 12
1700 9
1701 6
1702 15
1703 13
1703 6
1704 5
1704 2
1705 5
1706 10
1707 6
1708 11
1709 3
1710 7
1711 2
1712 10
1713 5
1713 4
1714 0
1715 12
1716 4
1716 14
1717 11
1718 5
1719 2
1720 9
1721 9
1722 11
1723 13
1724 13
1725 9
1725 12
1726 0
1727 1
1728 0
1729 13
1730 4
1731 9
1732 10
1733 5
1734 1
1735 11
1736 6
1737 7
1738 0
1739 0
1739 8
1740 9
1741 10
1742 1
1743 9
1744 5
1745 11
1746 2
1747 4
1747 12
1748 0
1749 8
1750 0
1751 12
1752 7
1753 13
1754 2
1755 0
1756 8
1756 2
1757 5
1758 14
1759 1
1759 7
1760 6
1761 8
1761 10
1762 9
1763 2
1764 9
1764 0
1765 14
1765 2
1766 11
1767 0
1768 10
1769 3
1770 5
1771 8
1772 6
1773 2
1774 1
1775 6
1776 5
1777 0
1778 15
1779 5
1780 3
1781 4
1782 2
1783 3
1783 10
1784 15
1785 7
1786 4
1787 9
1788 15
1788 6
1789 4
1789 6
1790 9
1791 5
1792 5
1793 2
1794 2
1795 7
1796 9
1797 6
1797 2
1798 13
1799 4
1800 15
1801 2
1802 2
1803 13
1803 12
1804 9
1805 5
1806 9
1806 2
1807 1
1808 8
1808 7
1809 10
1810 10
1810 4
1811 11
1812 8
1813 10
1814 3
1815 1
1816 5
1817 9
1818 10
1819 1
1820 10
1821 2
1822 10
1823 0
1824 7
1825 7
1826 1
1827 7
1828 1
1829 2
1830 11
1831 6
1832 0
1833 13
1834 0
1835 3
1836 14
1837 3
1838 1
1839 1
1840 10
1841 9
1842 4
1842 6
1843 4
1844 1
1845 11
1846 4
1847 5
1848 11
1849 8
1850 4
1851 1
1852 9
1853 13
1853 11
1854 1
1855 6
1856 4
1857 15
1858 7
1859 7
1860 13
1861 14
1862 7
1862 3
1863 1
1864 3
1864 0
1865 8
1865 11
1866 14
1867 7
1868 3
1869 13
1869 10
1870 9
1871 11
1871 1
1872 11
1873 1
1874 11
1875 4
1876 13
1876 9
1877 13
1878 15
1878 3
1879 10
1879 6
1880 13
1880 12
1881 3
1882 5
1882 7
1883 12
1884 2
1885 10
1886 2
1887 14
1888 15
1888 1
1889 6
1890 5
1891 13
1892 12
1893 7
1894 11
1895 13
1895 0
1896 6
1897 2
1898 13
1899 15
1900 6
1901 7
1902 3
1903 15
1904 8
1905 11
1905 7
1906 12
1907 10
1908 12
1909 7
1910 14
1911 6
1912 12
1913 6
1913 13
1914 12
1915 3
1916 4
1917 5
1917 6
1918 2
1919 3
1920 5
1920 12
1921 9
1922 9
1923 12
1924 3
1924 0
1925 1
1926 2
1927 1
1928 4
1929 4
1930 14
1931 10
1932 4
1933 2
1934 2
1934 13
1935 6
1935 9
1936 10
1937 15
1938 3
1939 2
1939 1
1940 7
1941 1
1942 2
1943 0
1943 13
1944 5
1945 9
1946 15
1947 7
1947 14
1948 8
1949 12
1950 5
1951 4
1952 2
1952 9
1953 5
1954 12
1955 2
1955 9
1956 9
1956 8
1957 3
1958 7
1959 9
1960 4
1961 0
1962 7
1962 5
1963 12
1964 2
1964 5
1965 12
1966 14
1966 3
1967 8
1968 10
1969 3
1970 11
1971 14
1972 1
1973 11
1973 4
1974 15
1975 1
1975 4
1976 7
1977 14
1978 9
1978 12
1979 3
1980 10
1981 0
1982 7
1982 10
1983 4
1984 1
1984 10
1985 9
1985 11
1986 3
1987 7
1988 8
1989 1
1990 8
1990 10
1991 14
1992 11
1993 0
1994 1
1995 14
1996 1
1997 9
1998 12
1999 14
2000 12
2001 13
2002 15
2003 15
2004 13
2004 8
2005 13
2005 3
2006 13
2007 14
2008 9
2009 13
2010 2
2010 5
2011 4
2012 13
2012 2
2013 0
2014 0
2014 1
2015 9
2016 10
2017 10
2018 0
2018 6
2019 0
2020 7
2021 5
2021 14
2022 15
2023 6
2024 5
2025 7
2026 10
2027 6
2027 12
2028 15
2028 0
2029 4
2030 4
2031 15
2032 11
2033 4
2034 11
2035 15
2036 2
2037 3
2038 1
2039 9
2040 5
2041 0
2042 9
2042 8
2043 2
2044 10
2045 14
2046 3
2047 1
2047 9
