0 12
1 4
2 9
3 15
4 1
5 0
6 3
7 1
8 2
9 14
10 13
11 14
12 1
13 12
14 11
15 5
16 14
17 5
18 6
19 13
20 6
21 1
22 15
23 1
24 3
25 12
26 10
27 14
28 2
29 15
30 11
31 8
32 8
33 2
34 9
35 12
36 3
37 3
38 2
39 13
40 2
41 11
42 10
43 4
44 2
45 0
46 1
47 4
48 1
49 12
50 10
51 1
52 5
53 12
54 0
55 0
56 9
57 11
58 0
59 12
60 12
61 14
62 12
63 9
64 7
65 0
66 4
67 12
68 15
69 4
70 8
71 9
72 9
73 1
74 13
75 14
76 1
77 11
78 15
79 6
80 15
81 6
82 8
83 7
84 15
85 14
86 14
87 4
88 11
89 0
90 12
91 11
92 14
93 12
94 0
95 3
96 11
97 0
98 7
99 12
100 7
101 7
102 14
103 2
104 5
105 3
106 11
107 8
108 14
109 1
110 4
111 8
112 8
113 0
114 7
115 8
116 6
117 1
118 12
119 13
120 1
121 15
122 6
123 4
124 0
125 4
126 13
127 13
128 14
129 0
130 11
131 15
132 14
133 10
134 7
135 10
136 1
137 12
138 10
139 12
140 10
141 7
142 8
143 0
144 8
145 11
146 3
147 11
148 0
149 13
150 4
151 0
152 5
153 8
154 15
155 6
156 2
157 14
158 0
159 2
160 2
161 2
162 4
163 9
164 14
165 1
166 3
167 11
168 9
169 14
170 11
171 7
172 8
173 4
174 11
175 2
176 11
177 8
178 9
179 4
180 8
181 3
182 0
183 13
184 2
185 10
186 7
187 3
188 3
189 7
190 10
191 9
192 8
193 15
194 10
195 14
196 11
197 5
198 15
199 7
200 15
201 7
202 11
203 7
204 10
205 5
206 4
207 14
208 6
209 15
210 7
211 2
212 7
213 9
214 3
215 13
216 1
217 4
218 3
219 13
220 4
221 2
222 8
223 7
224 5
225 8
226 2
227 7
228 15
229 9
230 2
231 5
232 7
233 13
234 7
235 3
236 6
237 2
238 15
239 8
240 8
241 8
242 13
243 8
244 3
245 0
246 9
247 12
248 1
249 10
250 6
251 10
252 3
253 11
254 4
255 1
256 3
257 14
258 10
259 15
260 7
261 14
262 14
263 6
264 8
265 10
266 1
267 5
268 3
269 2
270 7
271 0
272 14
273 13
274 11
275 5
276 5
277 14
278 7
279 14
280 6
281 2
282 5
283 3
284 3
285 8
286 4
287 6
288 2
289 5
290 7
291 7
292 6
293 14
294 8
295 15
296 10
297 3
298 0
299 2
300 4
301 8
302 13
303 14
304 13
305 8
306 6
307 5
308 5
309 15
310 14
311 1
312 14
313 12
314 11
315 12
316 5
317 9
318 7
319 4
320 6
321 0
322 12
323 12
324 0
325 13
326 15
327 8
328 5
329 5
330 4
331 8
332 10
333 11
334 14
335 2
336 5
337 14
338 12
339 0
340 11
341 0
342 10
343 14
344 10
345 11
346 5
347 15
348 1
349 0
350 0
351 14
352 3
353 8
354 1
355 3
356 13
357 10
358 1
359 12
360 15
361 3
362 5
363 13
364 0
365 15
366 2
367 9
368 13
369 9
370 2
371 12
372 1
373 4
374 7
375 6
376 8
377 0
378 4
379 5
380 3
381 5
382 8
383 0
384 10
385 12
386 0
387 13
388 10
389 15
390 9
391 9
392 2
393 10
394 6
395 11
396 7
397 2
398 4
399 14
400 8
401 10
402 6
403 6
404 3
405 15
406 11
407 9
408 13
409 0
410 5
411 15
412 10
413 10
414 2
415 14
416 1
417 3
418 12
419 8
420 13
421 3
422 8
423 12
424 4
425 9
426 14
427 11
428 12
429 8
430 0
431 15
432 8
433 10
434 9
435 5
436 5
437 9
438 5
439 9
440 3
441 0
442 11
443 15
444 4
445 8
446 9
447 9
448 8
449 1
450 7
451 11
452 9
453 7
454 6
455 10
456 12
457 9
458 3
459 11
460 5
461 2
462 0
463 4
464 5
465 0
466 3
467 13
468 10
469 3
470 11
471 1
472 4
473 11
474 15
475 11
476 6
477 1
478 11
479 14
480 12
481 9
482 15
483 1
484 13
485 3
486 12
487 3
488 4
489 13
490 9
491 0
492 6
493 7
494 6
495 15
496 4
497 14
498 8
499 7
500 0
501 0
502 12
503 5
504 3
505 1
506 8
507 2
508 14
509 11
510 7
511 10
512 9
513 7
514 8
515 11
516 9
517 7
518 0
519 5
520 5
521 8
522 8
523 5
524 14
525 13
526 15
527 10
528 8
529 3
530 4
531 13
532 3
533 1
534 0
535 10
536 14
537 4
538 11
539 10
540 9
541 5
542 6
543 0
544 1
545 6
546 14
547 8
548 3
549 6
550 5
551 6
552 8
553 7
554 9
555 10
556 12
557 6
558 12
559 2
560 0
561 13
562 2
563 9
564 6
565 14
566 0
567 15
568 4
569 14
570 1
571 3
572 13
573 9
574 3
575 11
576 13
577 15
578 11
579 10
580 10
581 8
582 14
583 6
584 12
585 2
586 4
587 14
588 8
589 6
590 13
591 5
592 0
593 0
594 12
595 15
596 6
597 5
598 8
599 13
600 14
601 11
602 4
603 1
604 10
605 13
606 4
607 7
608 15
609 5
610 11
611 12
612 4
613 6
614 5
615 14
616 2
617 10
618 14
619 2
620 7
621 10
622 3
623 14
624 2
625 3
626 10
627 4
628 7
629 4
630 5
631 2
632 14
633 4
634 6
635 2
636 14
637 11
638 7
639 7
640 4
641 7
642 11
643 7
644 12
645 13
646 8
647 14
648 3
649 11
650 3
651 6
652 7
653 11
654 0
655 3
656 6
657 6
658 5
659 3
660 10
661 3
662 13
663 9
664 8
665 8
666 13
667 11
668 0
669 2
670 11
671 9
672 10
673 6
674 12
675 8
676 10
677 2
678 15
679 10
680 13
681 15
682 2
683 7
684 0
685 10
686 11
687 4
688 3
689 7
690 7
691 10
692 0
693 8
694 0
695 14
696 0
697 1
698 7
699 11
700 2
701 1
702 5
703 3
704 13
705 7
706 9
707 3
708 11
709 3
710 9
711 12
712 9
713 4
714 7
715 3
716 2
717 10
718 13
719 1
720 13
721 6
722 5
723 11
724 11
725 2
726 8
727 6
728 3
729 2
730 7
731 12
732 12
733 6
734 6
735 4
736 12
737 5
738 0
739 9
740 7
741 12
742 11
743 5
744 4
745 2
746 5
747 5
748 0
749 9
750 11
751 8
752 12
753 5
754 5
755 14
756 9
757 11
758 3
759 10
760 13
761 12
762 4
763 1
764 14
765 11
766 14
767 13
768 7
769 1
770 10
771 15
772 9
773 2
774 9
775 6
776 14
777 14
778 15
779 12
780 8
781 2
782 0
783 14
784 10
785 5
786 12
787 12
788 13
789 15
790 11
791 6
792 6
793 7
794 9
795 8
796 8
797 8
798 8
799 2
800 7
801 11
802 8
803 13
804 12
805 4
806 10
807 10
808 0
809 0
810 7
811 15
812 6
813 5
814 15
815 8
816 5
817 3
818 5
819 1
820 4
821 7
822 13
823 10
824 7
825 0
826 2
827 14
828 13
829 13
830 8
831 8
832 2
833 7
834 0
835 12
836 9
837 6
838 14
839 0
840 6
841 2
842 8
843 13
844 6
845 3
846 3
847 5
848 5
849 0
850 6
851 4
852 11
853 2
854 14
855 2
856 10
857 7
858 10
859 14
860 0
861 5
862 7
863 6
864 9
865 4
866 2
867 10
868 14
869 11
870 0
871 14
872 9
873 5
874 0
875 8
876 3
877 2
878 4
879 15
880 14
881 7
882 14
883 3
884 3
885 0
886 3
887 7
888 15
889 8
890 2
891 13
892 0
893 12
894 0
895 5
896 5
897 12
898 9
899 12
900 1
901 2
902 3
903 9
904 11
905 9
906 10
907 6
908 15
909 5
910 0
911 12
912 4
913 3
914 6
915 14
916 7
917 14
918 8
919 13
920 6
921 8
922 12
923 4
924 9
925 15
926 3
927 10
928 14
929 10
930 5
931 5
932 14
933 11
934 4
935 9
936 15
937 1
938 9
939 3
940 10
941 15
942 9
943 14
944 7
945 1
946 4
947 14
948 3
949 0
950 12
951 8
952 3
953 15
954 15
955 14
956 11
957 14
958 4
959 13
960 1
961 4
962 5
963 13
964 0
965 5
966 14
967 12
968 10
969 9
970 8
971 11
972 10
973 9
974 13
975 4
976 14
977 9
978 14
979 9
980 6
981 10
982 10
983 10
984 0
985 5
986 9
987 4
988 11
989 10
990 14
991 6
992 11
993 3
994 4
995 12
996 9
997 11
998 8
999 2
1000 3
1001 3
1002 1
1003 7
1004 4
1005 2
1006 14
1007 10
1008 1
1009 15
1010 9
1011 7
1012 1
1013 12
1014 15
1015 15
1016 6
1017 14
1018 12
1019 7
1020 12
1021 8
1022 4
1023 1
1024 0
1025 1
1026 0
1027 2
1028 12
1029 14
1030 6
1031 8
1032 3
1033 8
1034 11
1035 6
1036 14
1037 3
1038 3
1039 13
1040 4
1041 3
1042 10
1043 12
1044 12
1045 4
1046 5
1047 3
1048 5
1049 0
1050 6
1051 6
1052 0
1053 9
1054 2
1055 12
1056 13
1057 11
1058 4
1059 5
1060 15
1061 15
1062 10
1063 7
1064 0
1065 0
1066 13
1067 4
1068 4
1069 10
1070 12
1071 0
1072 13
1073 3
1074 11
1075 3
1076 11
1077 10
1078 7
1079 2
1080 9
1081 10
1082 9
1083 7
1084 4
1085 14
1086 6
1087 1
1088 10
1089 4
1090 10
1091 1
1092 1
1093 8
1094 13
1095 9
1096 7
1097 5
1098 7
1099 6
1100 9
1101 9
1102 1
1103 13
1104 7
1105 4
1106 12
1107 14
1108 7
1109 3
1110 5
1111 14
1112 5
1113 4
1114 14
1115 10
1116 2
1117 10
1118 7
1119 11
1120 13
1121 13
1122 4
1123 10
1124 10
1125 8
1126 10
1127 8
1128 6
1129 7
1130 4
1131 0
1132 11
1133 5
1134 13
1135 4
1136 5
1137 9
1138 8
1139 15
1140 13
1141 13
1142 7
1143 4
1144 0
1145 13
1146 6
1147 9
1148 8
1149 10
1150 0
1151 8
1152 2
1153 2
1154 3
1155 3
1156 5
1157 0
1158 2
1159 11
1160 0
1161 6
1162 1
1163 13
1164 11
1165 1
1166 3
1167 8
1168 0
1169 6
1170 0
1171 3
1172 12
1173 7
1174 9
1175 14
1176 13
1177 12
1178 5
1179 7
1180 2
1181 11
1182 14
1183 7
1184 4
1185 14
1186 9
1187 6
1188 0
1189 2
1190 14
1191 3
1192 7
1193 9
1194 9
1195 7
1196 4
1197 14
1198 3
1199 13
1200 9
1201 10
1202 14
1203 3
1204 13
1205 14
1206 4
1207 1
1208 1
1209 9
1210 13
1211 0
1212 4
1213 12
1214 2
1215 15
1216 10
1217 5
1218 14
1219 7
1220 5
1221 10
1222 7
1223 9
1224 0
1225 14
1226 11
1227 0
1228 8
1229 14
1230 0
1231 11
1232 10
1233 11
1234 8
1235 9
1236 2
1237 5
1238 7
1239 11
1240 5
1241 1
1242 6
1243 12
1244 7
1245 15
1246 13
1247 15
1248 2
1249 2
1250 15
1251 6
1252 2
1253 7
1254 10
1255 1
1256 7
1257 0
1258 7
1259 13
1260 2
1261 2
1262 2
1263 9
1264 10
1265 13
1266 5
1267 8
1268 11
1269 3
1270 11
1271 14
1272 4
1273 9
1274 4
1275 8
1276 6
1277 5
1278 7
1279 3
1280 7
1281 2
1282 3
1283 5
1284 5
1285 1
1286 0
1287 3
1288 3
1289 4
1290 15
1291 6
1292 10
1293 15
1294 4
1295 4
1296 9
1297 6
1298 2
1299 10
1300 4
1301 1
1302 9
1303 12
1304 4
1305 13
1306 14
1307 3
1308 15
1309 5
1310 13
1311 2
1312 13
1313 7
1314 5
1315 4
1316 5
1317 12
1318 9
1319 0
1320 12
1321 15
1322 6
1323 0
1324 5
1325 15
1326 1
1327 3
1328 10
1329 12
1330 4
1331 14
1332 2
1333 10
1334 6
1335 12
1336 0
1337 12
1338 5
1339 11
1340 1
1341 4
1342 1
1343 10
1344 14
1345 11
1346 3
1347 7
1348 6
1349 3
1350 0
1351 10
1352 1
1353 0
1354 2
1355 2
1356 9
1357 14
1358 0
1359 8
1360 5
1361 2
1362 13
1363 7
1364 15
1365 9
1366 5
1367 8
1368 9
1369 1
1370 9
1371 12
1372 3
1373 14
1374 4
1375 15
1376 7
1377 5
1378 9
1379 7
1380 5
1381 11
1382 7
1383 10
1384 13
1385 9
1386 12
1387 7
1388 4
1389 0
1390 1
1391 9
1392 12
1393 5
1394 4
1395 8
1396 7
1397 4
1398 7
1399 5
1400 15
1401 8
1402 0
1403 5
1404 10
1405 14
1406 11
1407 7
1408 5
1409 1
1410 7
1411 13
1412 10
1413 10
1414 14
1415 12
1416 12
1417 14
1418 6
1419 2
1420 4
1421 10
1422 14
1423 1
1424 3
1425 12
1426 15
1427 1
1428 11
1429 14
1430 13
1431 3
1432 7
1433 13
1434 1
1435 4
1436 10
1437 12
1438 8
1439 13
1440 9
1441 4
1442 12
1443 2
1444 9
1445 3
1446 6
1447 9
1448 8
1449 5
1450 8
1451 4
1452 7
1453 0
1454 14
1455 5
1456 10
1457 9
1458 4
1459 1
1460 14
1461 3
1462 4
1463 9
1464 15
1465 1
1466 2
1467 7
1468 0
1469 8
1470 9
1471 0
1472 2
1473 10
1474 7
1475 0
1476 11
1477 2
1478 12
1479 6
1480 12
1481 3
1482 1
1483 3
1484 5
1485 10
1486 11
1487 12
1488 14
1489 3
1490 3
1491 1
1492 3
1493 3
1494 11
1495 15
1496 2
1497 1
1498 14
1499 9
1500 12
1501 6
1502 15
1503 10
1504 4
1505 5
1506 6
1507 3
1508 9
1509 6
1510 14
1511 4
1512 1
1513 15
1514 6
1515 15
1516 9
1517 10
1518 12
1519 2
1520 2
1521 2
1522 15
1523 6
1524 14
1525 2
1526 11
1527 8
1528 14
1529 4
1530 9
1531 0
1532 14
1533 2
1534 13
1535 6
1536 4
1537 11
1538 2
1539 0
1540 6
1541 12
1542 14
1543 1
1544 0
1545 1
1546 11
1547 8
1548 2
1549 15
1550 11
1551 2
1552 4
1553 10
1554 10
1555 5
1556 0
1557 7
1558 10
1559 12
1560 8
1561 13
1562 8
1563 0
1564 11
1565 5
1566 10
1567 2
1568 4
1569 2
1570 13
1571 12
1572 2
1573 4
1574 13
1575 15
1576 13
1577 8
1578 0
1579 14
1580 11
1581 12
1582 0
1583 14
1584 11
1585 1
1586 9
1587 2
1588 7
1589 11
1590 2
1591 4
1592 4
1593 9
1594 9
1595 10
1596 8
1597 5
1598 5
1599 5
1600 9
1601 8
1602 8
1603 7
1604 4
1605 12
1606 11
1607 8
1608 12
1609 5
1610 13
1611 15
1612 0
1613 10
1614 0
1615 6
1616 3
1617 8
1618 7
1619 9
1620 9
1621 10
1622 4
1623 13
1624 7
1625 2
1626 6
1627 14
1628 0
1629 5
1630 10
1631 12
1632 9
1633 3
1634 15
1635 15
1636 11
1637 14
1638 9
1639 2
1640 7
1641 6
1642 15
1643 8
1644 11
1645 14
1646 4
1647 14
1648 9
1649 10
1650 8
1651 6
1652 15
1653 6
1654 9
1655 13
1656 15
1657 10
1658 6
1659 0
1660 12
1661 11
1662 1
1663 13
1664 13
1665 2
1666 3
1667 6
1668 12
1669 1
1670 10
1671 14
1672 2
1673 14
1674 3
1675 7
1676 6
1677 10
1678 15
1679 11
1680 13
1681 2
1682 7
1683 2
1684 1
1685 9
1686 12
1687 10
1688 13
1689 13
1690 7
1691 15
1692 15
1693 5
1694 0
1695 2
1696 9
1697 6
1698 10
1699 10
1700 2
1701 8
1702 6
1703 11
1704 3
1705 0
1706 13
1707 13
1708 12
1709 3
1710 0
1711 10
1712 9
1713 5
1714 0
1715 1
1716 8
1717 8
1718 1
1719 10
1720 8
1721 5
1722 13
1723 7
1724 12
1725 15
1726 15
1727 9
1728 14
1729 10
1730 4
1731 13
1732 15
1733 1
1734 12
1735 13
1736 15
1737 3
1738 2
1739 4
1740 1
1741 11
1742 8
1743 6
1744 0
1745 12
1746 4
1747 9
1748 5
1749 6
1750 3
1751 10
1752 15
1753 3
1754 8
1755 6
1756 13
1757 10
1758 3
1759 4
1760 15
1761 7
1762 15
1763 10
1764 13
1765 14
1766 2
1767 0
1768 11
1769 5
1770 5
1771 1
1772 0
1773 7
1774 10
1775 15
1776 1
1777 10
1778 4
1779 5
1780 5
1781 2
1782 2
1783 8
1784 5
1785 1
1786 12
1787 1
1788 9
1789 11
1790 7
1791 8
1792 3
1793 2
1794 15
1795 11
1796 9
1797 1
1798 3
1799 12
1800 15
1801 7
1802 7
1803 11
1804 7
1805 9
1806 6
1807 8
1808 2
1809 8
1810 5
1811 5
1812 9
1813 7
1814 15
1815 11
1816 1
1817 15
1818 4
1819 8
1820 14
1821 4
1822 4
1823 3
1824 4
1825 13
1826 1
1827 4
1828 7
1829 10
1830 5
1831 3
1832 2
1833 6
1834 0
1835 7
1836 14
1837 13
1838 10
1839 2
1840 11
1841 5
1842 5
1843 6
1844 3
1845 2
1846 4
1847 6
1848 1
1849 2
1850 12
1851 15
1852 15
1853 14
1854 2
1855 5
1856 9
1857 14
1858 11
1859 3
1860 12
1861 14
1862 3
1863 12
1864 7
1865 12
1866 4
1867 3
1868 3
1869 10
1870 4
1871 9
1872 14
1873 11
1874 10
1875 13
1876 3
1877 1
1878 4
1879 13
1880 9
1881 9
1882 10
1883 5
1884 13
1885 7
1886 7
1887 10
1888 2
1889 9
1890 1
1891 6
1892 15
1893 0
1894 11
1895 8
1896 0
1897 9
1898 13
1899 3
1900 7
1901 9
1902 6
1903 8
1904 1
1905 11
1906 4
1907 0
1908 7
1909 3
1910 8
1911 8
1912 15
1913 13
1914 1
1915 11
1916 13
1917 6
1918 4
1919 9
1920 8
1921 4
1922 12
1923 14
1924 6
1925 14
1926 9
1927 6
1928 10
1929 0
1930 1
1931 11
1932 10
1933 12
1934 6
1935 12
1936 6
1937 0
1938 1
1939 0
1940 2
1941 2
1942 3
1943 5
1944 15
1945 6
1946 12
1947 12
1948 6
1949 3
1950 10
1951 6
1952 1
1953 1
1954 10
1955 15
1956 12
1957 5
1958 0
1959 1
1960 3
1961 15
1962 15
1963 11
1964 10
1965 14
1966 10
1967 6
1968 14
1969 12
1970 10
1971 9
1972 0
1973 15
1974 14
1975 8
1976 10
1977 9
1978 12
1979 6
1980 14
1981 4
1982 15
1983 14
1984 14
1985 4
1986 5
1987 6
1988 4
1989 12
1990 3
1991 10
1992 15
1993 3
1994 9
1995 11
1996 2
1997 6
1998 4
1999 10
2000 9
2001 6
2002 8
2003 4
2004 5
2005 3
2006 3
2007 5
2008 11
2009 7
2010 0
2011 2
2012 7
2013 14
2014 12
2015 12
2016 12
2017 1
2018 15
2019 4
2020 5
2021 5
2022 0
2023 3
2024 15
2025 6
2026 15
2027 2
2028 7
2029 2
2030 7
2031 0
2032 2
2033 2
2034 15
2035 8
2036 3
2037 2
2038 1
2039 7
2040 15
2041 11
2042 5
2043 12
2044 6
2045 2
2046 15
2047 1
