0 12
0 5
1 9
1 2
2 1
2 14
3 3
3 1
4 2
4 11
5 13
5 8
6 1
6 8
7 11
7 12
8 14
8 9
9 6
9 4
10 6
10 14
11 15
11 4
12 3
12 10
13 10
13 9
14 2
14 6
15 11
15 0
16 8
16 11
17 9
17 7
18 3
18 11
19 2
19 11
20 2
20 12
21 10
21 4
22 2
22 12
23 1
23 7
24 1
24 6
25 10
25 0
26 5
26 11
27 0
27 1
28 9
28 3
29 0
29 7
30 12
30 15
31 12
31 9
32 7
32 3
33 4
33 11
34 15
34 2
35 8
35 14
36 9
36 14
37 13
37 14
38 1
38 13
39 15
39 6
40 15
40 8
41 8
41 4
42 15
42 5
43 14
43 7
44 11
44 13
45 12
45 7
46 14
46 2
47 0
47 14
48 11
48 4
49 7
49 15
50 7
50 15
51 14
51 12
52 5
52 14
53 11
53 13
54 14
54 6
55 4
55 11
56 8
56 4
57 7
57 14
58 6
58 12
59 12
59 5
60 1
60 4
61 6
61 9
62 0
62 7
63 13
63 14
64 14
64 13
65 11
65 3
66 14
66 7
67 7
67 8
68 1
68 15
69 10
69 7
70 10
70 4
71 8
71 6
72 8
72 7
73 3
73 1
74 0
74 5
75 4
75 7
76 5
76 7
77 15
77 8
78 2
78 15
79 0
79 12
80 2
80 13
81 4
81 13
82 14
82 2
83 3
83 8
84 9
84 6
85 11
85 3
86 8
86 0
87 11
87 15
88 11
88 5
89 9
89 2
90 8
90 10
91 0
91 15
92 2
92 5
93 7
93 3
94 3
94 11
95 10
95 5
96 8
96 9
97 10
97 3
98 11
98 12
99 15
99 9
100 15
100 1
101 11
101 8
102 10
102 11
103 4
103 2
104 6
104 9
105 7
105 9
106 7
106 1
107 3
107 4
108 1
108 3
109 3
109 10
110 4
110 1
111 8
111 12
112 5
112 8
113 2
113 10
114 15
114 9
115 2
115 3
116 7
116 5
117 7
117 8
118 6
118 7
119 15
119 8
120 8
120 7
121 13
121 0
122 3
122 10
123 9
123 7
124 1
124 11
125 6
125 9
126 3
126 4
127 4
127 1
128 3
128 6
129 10
129 9
130 7
130 5
131 14
131 6
132 8
132 10
133 1
133 7
134 3
134 0
135 7
135 13
136 14
136 15
137 11
137 13
138 5
138 10
139 7
139 1
140 6
140 12
141 5
141 4
142 3
142 5
143 4
143 0
144 2
144 9
145 7
145 12
146 6
146 8
147 8
147 9
148 10
148 1
149 0
149 1
150 4
150 6
151 13
151 3
152 13
152 14
153 6
153 10
154 5
154 12
155 14
155 0
156 14
156 0
157 11
157 3
158 5
158 0
159 7
159 1
160 6
160 3
161 12
161 10
162 0
162 9
163 15
163 0
164 5
164 9
165 4
165 2
166 10
166 3
167 14
167 13
168 5
168 14
169 12
169 3
170 11
170 14
171 10
171 15
172 10
172 7
173 5
173 14
174 1
174 13
175 0
175 2
176 3
176 2
177 1
177 15
178 13
178 3
179 1
179 10
180 15
180 13
181 5
181 9
182 0
182 8
183 2
183 3
184 13
184 14
185 2
185 10
186 1
186 14
187 7
187 12
188 8
188 11
189 4
189 8
190 3
190 10
191 8
191 6
192 10
192 8
193 0
193 7
194 10
194 4
195 9
195 4
196 2
196 13
197 6
197 10
198 7
198 0
199 4
199 9
200 8
200 11
201 6
201 7
202 3
202 13
203 11
203 1
204 13
204 3
205 5
205 3
206 10
206 15
207 2
207 11
208 1
208 8
209 12
209 9
210 13
210 5
211 8
211 7
212 4
212 11
213 14
213 6
214 12
214 2
215 0
215 8
216 8
216 7
217 9
217 5
218 5
218 2
219 5
219 0
220 3
220 6
221 11
221 9
222 4
222 6
223 9
223 0
224 8
224 0
225 7
225 13
226 9
226 1
227 6
227 14
228 12
228 0
229 3
229 1
230 5
230 8
231 0
231 2
232 5
232 3
233 3
233 7
234 10
234 8
235 11
235 12
236 4
236 15
237 15
237 3
238 6
238 11
239 11
239 10
240 12
240 15
241 15
241 3
242 13
242 2
243 12
243 2
244 4
244 9
245 9
245 4
246 6
246 8
247 6
247 11
248 4
248 15
249 8
249 3
250 0
250 4
251 12
251 2
252 3
252 11
253 8
253 9
254 14
254 15
255 7
255 0
256 9
256 2
257 8
257 7
258 9
258 5
259 0
259 6
260 5
260 0
261 8
261 12
262 14
262 7
263 15
263 10
264 8
264 14
265 4
265 13
266 3
266 5
267 0
267 1
268 14
268 12
269 11
269 6
270 9
270 12
271 6
271 12
272 1
272 15
273 14
273 0
274 3
274 9
275 5
275 0
276 8
276 14
277 9
277 6
278 12
278 11
279 12
279 9
280 0
280 11
281 2
281 4
282 6
282 1
283 0
283 4
284 4
284 1
285 1
285 10
286 13
286 5
287 3
287 11
288 13
288 12
289 11
289 6
290 10
290 11
291 14
291 8
292 12
292 4
293 4
293 3
294 8
294 14
295 13
295 2
296 0
296 13
297 12
297 6
298 6
298 7
299 8
299 15
300 14
300 9
301 4
301 3
302 10
302 8
303 4
303 14
304 15
304 6
305 11
305 6
306 4
306 7
307 5
307 0
308 2
308 15
309 14
309 7
310 7
310 5
311 3
311 11
312 2
312 11
313 10
313 8
314 7
314 8
315 5
315 15
316 14
316 3
317 6
317 10
318 14
318 15
319 7
319 4
320 4
320 11
321 11
321 0
322 12
322 1
323 8
323 4
324 3
324 14
325 3
325 12
326 7
326 0
327 0
327 8
328 6
328 14
329 5
329 13
330 10
330 0
331 13
331 2
332 8
332 2
333 13
333 15
334 0
334 7
335 11
335 3
336 10
336 1
337 12
337 5
338 10
338 8
339 15
339 14
340 13
340 4
341 2
341 1
342 0
342 11
343 11
343 4
344 3
344 6
345 7
345 12
346 0
346 4
347 0
347 10
348 0
348 1
349 7
349 1
350 2
350 7
351 5
351 9
352 13
352 11
353 9
353 13
354 11
354 6
355 9
355 2
356 9
356 10
357 7
357 4
358 2
358 10
359 13
359 8
360 13
360 11
361 5
361 15
362 11
362 4
363 8
363 11
364 3
364 5
365 7
365 13
366 12
366 3
367 6
367 12
368 12
368 14
369 0
369 1
370 7
370 8
371 11
371 13
372 4
372 13
373 5
373 13
374 0
374 13
375 11
375 6
376 12
376 3
377 5
377 3
378 9
378 10
379 3
379 9
380 13
380 9
381 4
381 7
382 14
382 4
383 14
383 15
384 7
384 6
385 10
385 13
386 9
386 11
387 9
387 1
388 14
388 5
389 15
389 5
390 8
390 11
391 0
391 12
392 10
392 1
393 12
393 9
394 13
394 1
395 11
395 9
396 6
396 5
397 9
397 11
398 8
398 7
399 8
399 9
400 7
400 10
401 8
401 10
402 12
402 9
403 10
403 1
404 0
404 11
405 7
405 14
406 6
406 0
407 15
407 3
408 5
408 3
409 5
409 14
410 4
410 10
411 13
411 6
412 7
412 15
413 2
413 15
414 13
414 5
415 8
415 13
416 2
416 14
417 0
417 14
418 9
418 11
419 14
419 11
420 6
420 11
421 8
421 0
422 6
422 14
423 3
423 0
424 5
424 8
425 6
425 13
426 11
426 0
427 14
427 10
428 10
428 12
429 10
429 4
430 0
430 4
431 7
431 10
432 9
432 5
433 2
433 4
434 14
434 6
435 0
435 9
436 9
436 7
437 0
437 12
438 3
438 5
439 4
439 2
440 14
440 3
441 14
441 1
442 3
442 10
443 3
443 14
444 15
444 1
445 2
445 4
446 0
446 1
447 0
447 9
448 5
448 9
449 9
449 6
450 1
450 8
451 3
451 14
452 11
452 2
453 10
453 12
454 15
454 13
455 0
455 7
456 4
456 1
457 6
457 5
458 7
458 11
459 8
459 3
460 6
460 1
461 12
461 2
462 9
462 11
463 3
463 0
464 14
464 9
465 5
465 10
466 14
466 13
467 4
467 12
468 15
468 6
469 9
469 15
470 10
470 11
471 9
471 14
472 7
472 14
473 4
473 10
474 3
474 10
475 12
475 9
476 3
476 1
477 15
477 13
478 11
478 8
479 4
479 0
480 1
480 15
481 5
481 6
482 0
482 12
483 14
483 9
484 10
484 1
485 8
485 1
486 10
486 5
487 13
487 9
488 14
488 7
489 14
489 15
490 6
490 12
491 10
491 15
492 0
492 10
493 9
493 7
494 11
494 13
495 14
495 13
496 11
496 12
497 4
497 10
498 9
498 15
499 8
499 4
500 3
500 12
501 1
501 8
502 4
502 13
503 14
503 2
504 1
504 5
505 9
505 14
506 1
506 3
507 15
507 12
508 6
508 2
509 12
509 8
510 12
510 14
511 4
511 3
512 0
512 4
513 0
513 12
514 12
514 1
515 6
515 7
516 3
516 15
517 11
517 10
518 14
518 6
519 3
519 6
520 4
520 11
521 10
521 11
522 12
522 1
523 5
523 10
524 5
524 2
525 6
525 8
526 0
526 1
527 2
527 4
528 13
528 11
529 4
529 12
530 15
530 4
531 10
531 1
532 0
532 14
533 13
533 3
534 4
534 12
535 12
535 4
536 13
536 6
537 11
537 2
538 11
538 3
539 7
539 4
540 9
540 2
541 9
541 11
542 4
542 10
543 6
543 2
544 10
544 14
545 10
545 3
546 1
546 12
547 13
547 10
548 7
548 5
549 7
549 3
550 9
550 4
551 1
551 11
552 7
552 10
553 12
553 14
554 7
554 11
555 5
555 6
556 5
556 15
557 14
557 5
558 2
558 8
559 7
559 3
560 13
560 15
561 4
561 9
562 10
562 2
563 10
563 11
564 6
564 0
565 4
565 1
566 11
566 7
567 13
567 2
568 5
568 9
569 8
569 9
570 13
570 15
571 7
571 3
572 0
572 4
573 6
573 14
574 8
574 2
575 0
575 15
576 2
576 5
577 3
577 10
578 5
578 7
579 2
579 0
580 0
580 1
581 1
581 7
582 11
582 1
583 3
583 2
584 0
584 2
585 0
585 14
586 12
586 15
587 9
587 7
588 13
588 15
589 5
589 10
590 2
590 13
591 14
591 6
592 4
592 8
593 9
593 5
594 0
594 5
595 14
595 3
596 7
596 13
597 9
597 4
598 4
598 11
599 3
599 5
600 9
600 5
601 14
601 12
602 13
602 11
603 4
603 5
604 1
604 0
605 13
605 4
606 4
606 9
607 2
607 15
608 10
608 4
609 14
609 10
610 5
610 14
611 7
611 13
612 0
612 12
613 11
613 5
614 8
614 3
615 0
615 4
616 10
616 15
617 8
617 15
618 2
618 7
619 7
619 5
620 5
620 4
621 6
621 8
622 7
622 4
623 13
623 10
624 2
624 1
625 15
625 9
626 2
626 7
627 10
627 11
628 7
628 1
629 7
629 9
630 2
630 5
631 2
631 13
632 10
632 5
633 5
633 12
634 11
634 14
635 11
635 3
636 4
636 0
637 4
637 0
638 6
638 4
639 7
639 14
640 7
640 8
641 3
641 2
642 5
642 4
643 0
643 9
644 3
644 13
645 15
645 7
646 10
646 1
647 4
647 0
648 9
648 1
649 2
649 10
650 4
650 14
651 9
651 2
652 4
652 15
653 14
653 0
654 15
654 2
655 13
655 12
656 13
656 1
657 5
657 6
658 5
658 3
659 9
659 14
660 12
660 1
661 6
661 2
662 5
662 6
663 1
663 4
664 10
664 4
665 4
665 12
666 2
666 5
667 6
667 12
668 0
668 2
669 5
669 3
670 1
670 9
671 1
671 5
672 14
672 2
673 3
673 9
674 6
674 13
675 0
675 7
676 1
676 8
677 2
677 1
678 9
678 6
679 0
679 13
680 5
680 11
681 13
681 0
682 15
682 6
683 5
683 7
684 9
684 13
685 9
685 8
686 3
686 10
687 4
687 6
688 7
688 12
689 9
689 15
690 5
690 14
691 7
691 9
692 13
692 3
693 12
693 5
694 4
694 7
695 1
695 4
696 12
696 11
697 4
697 6
698 7
698 3
699 7
699 2
700 15
700 14
701 0
701 14
702 10
702 13
703 11
703 0
704 5
704 1
705 7
705 11
706 10
706 12
707 14
707 13
708 12
708 10
709 6
709 7
710 4
710 12
711 14
711 3
712 3
712 14
713 15
713 6
714 11
714 8
715 13
715 2
716 7
716 11
717 1
717 4
718 10
718 4
719 8
719 12
720 9
720 15
721 12
721 1
722 9
722 10
723 6
723 2
724 8
724 15
725 8
725 13
726 7
726 15
727 14
727 15
728 10
728 6
729 4
729 9
730 14
730 12
731 4
731 6
732 15
732 12
733 2
733 1
734 0
734 4
735 9
735 7
736 2
736 15
737 7
737 14
738 11
738 13
739 12
739 14
740 12
740 15
741 1
741 6
742 5
742 10
743 11
743 4
744 14
744 12
745 3
745 13
746 3
746 10
747 11
747 2
748 2
748 3
749 14
749 3
750 12
750 13
751 15
751 5
752 4
752 3
753 6
753 7
754 9
754 13
755 14
755 0
756 1
756 7
757 6
757 7
758 9
758 15
759 12
759 9
760 2
760 14
761 15
761 14
762 14
762 11
763 11
763 15
764 14
764 7
765 9
765 12
766 14
766 10
767 13
767 12
768 4
768 3
769 2
769 4
770 6
770 4
771 14
771 1
772 0
772 10
773 11
773 1
774 2
774 12
775 11
775 1
776 4
776 8
777 10
777 14
778 0
778 14
779 10
779 8
780 8
780 15
781 8
781 2
782 11
782 13
783 10
783 13
784 4
784 14
785 13
785 5
786 2
786 0
787 13
787 14
788 13
788 6
789 0
789 2
790 11
790 10
791 0
791 7
792 11
792 10
793 9
793 7
794 7
794 5
795 2
795 12
796 4
796 15
797 9
797 0
798 8
798 11
799 5
799 13
800 9
800 12
801 8
801 9
802 4
802 1
803 11
803 3
804 12
804 1
805 13
805 3
806 0
806 6
807 0
807 2
808 3
808 6
809 7
809 8
810 9
810 6
811 4
811 3
812 7
812 15
813 6
813 12
814 0
814 5
815 10
815 6
816 9
816 6
817 15
817 9
818 11
818 12
819 9
819 3
820 7
820 5
821 15
821 9
822 11
822 1
823 4
823 8
824 9
824 12
825 8
825 1
826 15
826 13
827 9
827 8
828 15
828 6
829 6
829 0
830 12
830 3
831 1
831 15
832 13
832 1
833 3
833 2
834 12
834 4
835 10
835 12
836 2
836 6
837 3
837 14
838 6
838 4
839 15
839 3
840 13
840 10
841 7
841 13
842 1
842 15
843 12
843 11
844 13
844 12
845 7
845 14
846 15
846 14
847 0
847 9
848 9
848 1
849 10
849 8
850 2
850 7
851 6
851 15
852 3
852 5
853 13
853 12
854 12
854 2
855 0
855 11
856 9
856 14
857 0
857 14
858 8
858 3
859 1
859 13
860 8
860 6
861 13
861 9
862 12
862 4
863 15
863 5
864 14
864 0
865 4
865 8
866 15
866 12
867 12
867 1
868 15
868 7
869 2
869 7
870 1
870 13
871 8
871 0
872 0
872 6
873 4
873 5
874 5
874 2
875 3
875 5
876 15
876 13
877 8
877 6
878 13
878 14
879 3
879 1
880 15
880 8
881 15
881 1
882 13
882 9
883 2
883 13
884 11
884 4
885 5
885 4
886 0
886 5
887 10
887 13
888 1
888 12
889 4
889 10
890 5
890 0
891 2
891 6
892 5
892 10
893 12
893 6
894 9
894 11
895 7
895 8
896 3
896 2
897 15
897 14
898 9
898 10
899 3
899 5
900 15
900 2
901 7
901 3
902 7
902 1
903 6
903 13
904 2
904 3
905 5
905 2
906 9
906 6
907 15
907 3
908 1
908 4
909 4
909 2
910 14
910 6
911 4
911 7
912 4
912 3
913 1
913 9
914 7
914 11
915 5
915 8
916 2
916 15
917 0
917 11
918 14
918 1
919 10
919 12
920 11
920 3
921 5
921 14
922 3
922 4
923 4
923 11
924 1
924 7
925 12
925 1
926 15
926 14
927 2
927 9
928 9
928 11
929 11
929 0
930 12
930 13
931 3
931 5
932 7
932 6
933 4
933 1
934 3
934 9
935 4
935 1
936 14
936 4
937 10
937 9
938 3
938 2
939 4
939 14
940 9
940 7
941 10
941 12
942 13
942 8
943 7
943 5
944 2
944 3
945 1
945 5
946 15
946 9
947 11
947 8
948 0
948 11
949 13
949 12
950 7
950 3
951 6
951 5
952 1
952 7
953 4
953 12
954 7
954 0
955 8
955 3
956 15
956 3
957 1
957 2
958 13
958 2
959 4
959 11
960 8
960 4
961 12
961 11
962 6
962 12
963 9
963 8
964 10
964 3
965 1
965 12
966 10
966 4
967 6
967 13
968 6
968 5
969 1
969 8
970 2
970 1
971 3
971 5
972 15
972 5
973 12
973 6
974 6
974 4
975 10
975 4
976 1
976 5
977 10
977 9
978 12
978 4
979 0
979 5
980 3
980 14
981 15
981 9
982 10
982 6
983 10
983 14
984 14
984 13
985 10
985 9
986 0
986 6
987 14
987 9
988 10
988 8
989 12
989 13
990 14
990 1
991 15
991 0
992 14
992 3
993 5
993 8
994 4
994 1
995 3
995 10
996 15
996 7
997 9
997 14
998 2
998 15
999 4
999 13
1000 9
1000 3
1001 8
1001 13
1002 5
1002 2
1003 3
1003 11
1004 11
1004 3
1005 0
1005 13
1006 7
1006 11
1007 12
1007 3
1008 12
1008 3
1009 15
1009 1
1010 5
1010 14
1011 0
1011 8
1012 15
1012 10
1013 15
1013 6
1014 7
1014 14
1015 7
1015 11
1016 2
1016 0
1017 15
1017 13
1018 3
1018 12
1019 1
1019 6
1020 15
1020 13
1021 5
1021 2
1022 6
1022 4
1023 15
1023 11
1024 6
1024 3
1025 1
1025 10
1026 6
1026 0
1027 0
1027 5
1028 9
1028 11
1029 14
1029 2
1030 10
1030 4
1031 8
1031 13
1032 0
1032 4
1033 14
1033 6
1034 5
1034 14
1035 4
1035 0
1036 7
1036 13
1037 11
1037 15
1038 2
1038 14
1039 1
1039 10
1040 13
1040 5
1041 0
1041 7
1042 11
1042 6
1043 13
1043 4
1044 6
1044 13
1045 10
1045 0
1046 15
1046 1
1047 2
1047 15
1048 9
1048 12
1049 2
1049 13
1050 11
1050 8
1051 13
1051 2
1052 0
1052 10
1053 3
1053 12
1054 3
1054 9
1055 3
1055 10
1056 3
1056 12
1057 1
1057 3
1058 10
1058 0
1059 2
1059 11
1060 11
1060 5
1061 3
1061 5
1062 3
1062 8
1063 2
1063 8
1064 12
1064 3
1065 10
1065 9
1066 1
1066 13
1067 12
1067 5
1068 8
1068 1
1069 1
1069 4
1070 8
1070 11
1071 9
1071 1
1072 7
1072 12
1073 4
1073 8
1074 13
1074 11
1075 9
1075 3
1076 3
1076 15
1077 8
1077 6
1078 8
1078 7
1079 15
1079 9
1080 15
1080 7
1081 10
1081 2
1082 6
1082 9
1083 8
1083 1
1084 4
1084 2
1085 8
1085 13
1086 2
1086 12
1087 3
1087 4
1088 13
1088 1
1089 15
1089 5
1090 1
1090 10
1091 10
1091 4
1092 13
1092 7
1093 2
1093 8
1094 15
1094 2
1095 12
1095 1
1096 14
1096 0
1097 14
1097 13
1098 2
1098 0
1099 12
1099 15
1100 4
1100 13
1101 9
1101 10
1102 14
1102 4
1103 7
1103 1
1104 6
1104 5
1105 10
1105 1
1106 13
1106 11
1107 14
1107 10
1108 4
1108 13
1109 14
1109 4
1110 15
1110 9
1111 4
1111 3
1112 15
1112 12
1113 7
1113 13
1114 5
1114 0
1115 13
1115 10
1116 15
1116 3
1117 11
1117 7
1118 9
1118 11
1119 0
1119 9
1120 1
1120 0
1121 10
1121 2
1122 15
1122 11
1123 3
1123 5
1124 9
1124 14
1125 3
1125 9
1126 6
1126 4
1127 15
1127 5
1128 4
1128 9
1129 15
1129 0
1130 13
1130 10
1131 13
1131 8
1132 12
1132 13
1133 0
1133 6
1134 14
1134 15
1135 9
1135 5
1136 5
1136 7
1137 12
1137 6
1138 10
1138 9
1139 6
1139 3
1140 13
1140 4
1141 8
1141 14
1142 8
1142 5
1143 11
1143 10
1144 1
1144 14
1145 2
1145 5
1146 1
1146 6
1147 11
1147 6
1148 0
1148 3
1149 0
1149 6
1150 9
1150 12
1151 14
1151 7
1152 2
1152 3
1153 6
1153 2
1154 4
1154 7
1155 15
1155 0
1156 7
1156 1
1157 6
1157 4
1158 2
1158 0
1159 0
1159 8
1160 5
1160 9
1161 3
1161 7
1162 7
1162 8
1163 9
1163 0
1164 3
1164 15
1165 15
1165 7
1166 3
1166 1
1167 0
1167 3
1168 4
1168 12
1169 8
1169 10
1170 1
1170 12
1171 2
1171 5
1172 7
1172 13
1173 14
1173 6
1174 11
1174 13
1175 4
1175 15
1176 6
1176 14
1177 7
1177 12
1178 5
1178 6
1179 9
1179 8
1180 5
1180 15
1181 9
1181 0
1182 8
1182 7
1183 14
1183 6
1184 15
1184 12
1185 9
1185 7
1186 7
1186 6
1187 7
1187 15
1188 4
1188 1
1189 2
1189 11
1190 12
1190 1
1191 12
1191 4
1192 7
1192 12
1193 3
1193 0
1194 3
1194 9
1195 8
1195 11
1196 10
1196 5
1197 9
1197 1
1198 1
1198 2
1199 15
1199 6
1200 14
1200 0
1201 0
1201 14
1202 4
1202 2
1203 4
1203 2
1204 11
1204 12
1205 6
1205 8
1206 10
1206 7
1207 4
1207 10
1208 1
1208 8
1209 10
1209 5
1210 6
1210 3
1211 6
1211 11
1212 7
1212 5
1213 1
1213 4
1214 14
1214 12
1215 5
1215 2
1216 10
1216 8
1217 13
1217 7
1218 3
1218 8
1219 9
1219 11
1220 10
1220 1
1221 12
1221 6
1222 14
1222 0
1223 4
1223 15
1224 14
1224 12
1225 4
1225 9
1226 13
1226 9
1227 13
1227 2
1228 15
1228 13
1229 11
1229 3
1230 5
1230 14
1231 6
1231 15
1232 11
1232 15
1233 3
1233 14
1234 14
1234 6
1235 0
1235 6
1236 2
1236 14
1237 1
1237 14
1238 0
1238 7
1239 1
1239 4
1240 2
1240 7
1241 0
1241 2
1242 15
1242 10
1243 3
1243 9
1244 12
1244 8
1245 0
1245 13
1246 5
1246 1
1247 11
1247 13
1248 9
1248 11
1249 7
1249 4
1250 9
1250 5
1251 4
1251 13
1252 11
1252 12
1253 7
1253 11
1254 4
1254 13
1255 1
1255 11
1256 12
1256 4
1257 9
1257 1
1258 3
1258 14
1259 2
1259 13
1260 2
1260 5
1261 10
1261 2
1262 0
1262 9
1263 5
1263 12
1264 13
1264 0
1265 12
1265 8
1266 8
1266 2
1267 6
1267 4
1268 5
1268 11
1269 2
1269 7
1270 0
1270 2
1271 1
1271 2
1272 14
1272 12
1273 15
1273 1
1274 15
1274 9
1275 11
1275 5
1276 13
1276 1
1277 13
1277 0
1278 3
1278 10
1279 2
1279 5
1280 13
1280 12
1281 7
1281 5
1282 9
1282 2
1283 7
1283 13
1284 12
1284 6
1285 10
1285 12
1286 7
1286 14
1287 14
1287 11
1288 13
1288 11
1289 5
1289 6
1290 5
1290 14
1291 5
1291 10
1292 4
1292 14
1293 9
1293 5
1294 4
1294 12
1295 3
1295 0
1296 13
1296 0
1297 1
1297 4
1298 6
1298 4
1299 15
1299 2
1300 6
1300 0
1301 8
1301 14
1302 1
1302 9
1303 12
1303 3
1304 2
1304 11
1305 12
1305 5
1306 13
1306 9
1307 7
1307 1
1308 3
1308 15
1309 0
1309 9
1310 4
1310 2
1311 3
1311 13
1312 8
1312 11
1313 0
1313 7
1314 14
1314 10
1315 11
1315 8
1316 2
1316 4
1317 15
1317 10
1318 13
1318 4
1319 13
1319 5
1320 15
1320 13
1321 11
1321 8
1322 4
1322 7
1323 2
1323 12
1324 6
1324 14
1325 10
1325 12
1326 15
1326 5
1327 10
1327 2
1328 7
1328 4
1329 7
1329 6
1330 1
1330 7
1331 9
1331 0
1332 15
1332 2
1333 15
1333 4
1334 13
1334 11
1335 15
1335 7
1336 10
1336 9
1337 6
1337 2
1338 3
1338 9
1339 10
1339 12
1340 4
1340 15
1341 12
1341 6
1342 6
1342 4
1343 15
1343 10
1344 4
1344 10
1345 9
1345 10
1346 8
1346 3
1347 15
1347 7
1348 14
1348 8
1349 10
1349 0
1350 2
1350 0
1351 15
1351 0
1352 10
1352 1
1353 6
1353 8
1354 9
1354 11
1355 13
1355 1
1356 8
1356 12
1357 2
1357 11
1358 10
1358 6
1359 4
1359 11
1360 13
1360 8
1361 11
1361 2
1362 0
1362 6
1363 5
1363 8
1364 13
1364 14
1365 0
1365 11
1366 2
1366 8
1367 13
1367 7
1368 13
1368 3
1369 2
1369 3
1370 13
1370 7
1371 4
1371 10
1372 1
1372 12
1373 5
1373 14
1374 1
1374 15
1375 7
1375 8
1376 10
1376 14
1377 11
1377 8
1378 7
1378 2
1379 7
1379 1
1380 8
1380 4
1381 9
1381 7
1382 12
1382 14
1383 3
1383 1
1384 8
1384 7
1385 13
1385 11
1386 15
1386 11
1387 13
1387 5
1388 9
1388 12
1389 0
1389 10
1390 0
1390 10
1391 7
1391 12
1392 8
1392 6
1393 10
1393 2
1394 7
1394 1
1395 13
1395 3
1396 2
1396 13
1397 13
1397 2
1398 0
1398 12
1399 5
1399 13
1400 12
1400 2
1401 12
1401 13
1402 13
1402 4
1403 0
1403 6
1404 6
1404 3
1405 14
1405 3
1406 5
1406 2
1407 0
1407 13
1408 1
1408 14
1409 9
1409 10
1410 7
1410 11
1411 14
1411 8
1412 2
1412 8
1413 7
1413 13
1414 1
1414 11
1415 0
1415 4
1416 9
1416 10
1417 3
1417 6
1418 1
1418 2
1419 3
1419 14
1420 1
1420 5
1421 11
1421 12
1422 5
1422 7
1423 5
1423 4
1424 4
1424 2
1425 11
1425 2
1426 10
1426 4
1427 7
1427 11
1428 14
1428 8
1429 3
1429 9
1430 11
1430 8
1431 13
1431 6
1432 1
1432 11
1433 10
1433 4
1434 3
1434 0
1435 2
1435 9
1436 7
1436 13
1437 12
1437 5
1438 2
1438 3
1439 6
1439 3
1440 13
1440 9
1441 3
1441 9
1442 14
1442 0
1443 6
1443 7
1444 3
1444 6
1445 2
1445 8
1446 10
1446 9
1447 1
1447 5
1448 8
1448 11
1449 3
1449 11
1450 8
1450 5
1451 12
1451 10
1452 6
1452 11
1453 14
1453 6
1454 5
1454 7
1455 3
1455 9
1456 7
1456 13
1457 15
1457 6
1458 11
1458 10
1459 6
1459 3
1460 5
1460 15
1461 1
1461 12
1462 7
1462 10
1463 10
1463 7
1464 6
1464 4
1465 1
1465 2
1466 12
1466 10
1467 3
1467 4
1468 4
1468 6
1469 10
1469 2
1470 9
1470 0
1471 5
1471 13
1472 9
1472 7
1473 12
1473 11
1474 9
1474 11
1475 13
1475 5
1476 13
1476 4
1477 10
1477 7
1478 10
1478 12
1479 15
1479 3
1480 4
1480 12
1481 9
1481 4
1482 10
1482 12
1483 15
1483 6
1484 14
1484 8
1485 3
1485 11
1486 14
1486 4
1487 6
1487 11
1488 10
1488 6
1489 11
1489 15
1490 6
1490 7
1491 15
1491 8
1492 11
1492 7
1493 14
1493 10
1494 13
1494 0
1495 13
1495 2
1496 6
1496 0
1497 11
1497 4
1498 2
1498 1
1499 5
1499 6
1500 3
1500 11
1501 5
1501 2
1502 14
1502 1
1503 8
1503 13
1504 10
1504 9
1505 11
1505 12
1506 10
1506 2
1507 9
1507 8
1508 14
1508 2
1509 3
1509 10
1510 10
1510 15
1511 12
1511 10
1512 15
1512 0
1513 8
1513 6
1514 9
1514 12
1515 9
1515 15
1516 12
1516 7
1517 10
1517 8
1518 1
1518 2
1519 13
1519 0
1520 4
1520 7
1521 5
1521 14
1522 2
1522 3
1523 6
1523 0
1524 0
1524 5
1525 9
1525 4
1526 9
1526 11
1527 15
1527 8
1528 10
1528 0
1529 2
1529 1
1530 13
1530 15
1531 10
1531 0
1532 5
1532 12
1533 0
1533 13
1534 14
1534 0
1535 4
1535 7
1536 9
1536 15
1537 10
1537 2
1538 4
1538 7
1539 2
1539 15
1540 0
1540 3
1541 3
1541 7
1542 6
1542 10
1543 14
1543 10
1544 9
1544 12
1545 10
1545 0
1546 5
1546 12
1547 10
1547 12
1548 2
1548 0
1549 10
1549 13
1550 8
1550 0
1551 10
1551 12
1552 10
1552 1
1553 2
1553 11
1554 9
1554 15
1555 7
1555 14
1556 11
1556 9
1557 10
1557 12
1558 11
1558 6
1559 5
1559 2
1560 6
1560 5
1561 0
1561 2
1562 14
1562 1
1563 2
1563 3
1564 12
1564 2
1565 4
1565 8
1566 5
1566 0
1567 8
1567 1
1568 7
1568 0
1569 4
1569 13
1570 9
1570 15
1571 8
1571 1
1572 4
1572 6
1573 3
1573 14
1574 15
1574 9
1575 10
1575 3
1576 3
1576 4
1577 1
1577 0
1578 4
1578 14
1579 4
1579 12
1580 15
1580 9
1581 4
1581 13
1582 2
1582 5
1583 10
1583 12
1584 1
1584 13
1585 9
1585 1
1586 14
1586 1
1587 8
1587 11
1588 10
1588 4
1589 11
1589 2
1590 2
1590 7
1591 14
1591 0
1592 4
1592 3
1593 7
1593 10
1594 10
1594 2
1595 9
1595 11
1596 1
1596 12
1597 3
1597 2
1598 1
1598 0
1599 0
1599 11
1600 8
1600 15
1601 9
1601 10
1602 15
1602 5
1603 4
1603 3
1604 11
1604 6
1605 12
1605 2
1606 0
1606 2
1607 1
1607 13
1608 9
1608 4
1609 10
1609 6
1610 2
1610 9
1611 12
1611 0
1612 6
1612 5
1613 13
1613 9
1614 13
1614 0
1615 4
1615 10
1616 1
1616 10
1617 6
1617 11
1618 1
1618 12
1619 9
1619 10
1620 12
1620 15
1621 12
1621 1
1622 0
1622 5
1623 11
1623 9
1624 5
1624 4
1625 10
1625 12
1626 2
1626 3
1627 1
1627 10
1628 5
1628 6
1629 5
1629 10
1630 13
1630 4
1631 6
1631 11
1632 8
1632 14
1633 11
1633 3
1634 4
1634 7
1635 14
1635 1
1636 2
1636 5
1637 4
1637 9
1638 4
1638 0
1639 5
1639 3
1640 12
1640 2
1641 0
1641 13
1642 0
1642 3
1643 8
1643 11
1644 6
1644 5
1645 3
1645 7
1646 7
1646 6
1647 15
1647 9
1648 5
1648 0
1649 13
1649 2
1650 3
1650 6
1651 3
1651 2
1652 11
1652 15
1653 8
1653 15
1654 4
1654 3
1655 7
1655 10
1656 6
1656 0
1657 11
1657 7
1658 3
1658 13
1659 3
1659 4
1660 8
1660 6
1661 1
1661 11
1662 6
1662 9
1663 6
1663 3
1664 7
1664 4
1665 10
1665 5
1666 11
1666 13
1667 12
1667 5
1668 10
1668 3
1669 7
1669 10
1670 0
1670 1
1671 11
1671 7
1672 4
1672 7
1673 5
1673 0
1674 15
1674 6
1675 11
1675 6
1676 9
1676 15
1677 0
1677 14
1678 4
1678 0
1679 4
1679 3
1680 15
1680 10
1681 7
1681 12
1682 6
1682 3
1683 10
1683 14
1684 12
1684 0
1685 15
1685 14
1686 8
1686 11
1687 15
1687 4
1688 12
1688 13
1689 7
1689 2
1690 10
1690 1
1691 9
1691 13
1692 15
1692 6
1693 3
1693 4
1694 14
1694 1
1695 15
1695 11
1696 14
1696 13
1697 8
1697 5
1698 13
1698 0
1699 10
1699 5
1700 3
1700 13
1701 14
1701 13
1702 9
1702 14
1703 4
1703 13
1704 1
1704 9
1705 6
1705 9
1706 7
1706 13
1707 2
1707 13
1708 1
1708 9
1709 1
1709 4
1710 11
1710 2
1711 8
1711 15
1712 1
1712 7
1713 4
1713 10
1714 4
1714 1
1715 12
1715 0
1716 4
1716 3
1717 0
1717 4
1718 7
1718 5
1719 11
1719 9
1720 1
1720 14
1721 1
1721 12
1722 11
1722 3
1723 7
1723 14
1724 4
1724 13
1725 0
1725 4
1726 2
1726 6
1727 6
1727 4
1728 12
1728 14
1729 0
1729 3
1730 13
1730 11
1731 0
1731 7
1732 9
1732 12
1733 2
1733 10
1734 11
1734 6
1735 10
1735 11
1736 0
1736 12
1737 2
1737 4
1738 0
1738 15
1739 4
1739 1
1740 2
1740 5
1741 3
1741 4
1742 6
1742 12
1743 12
1743 5
1744 4
1744 14
1745 11
1745 5
1746 1
1746 9
1747 0
1747 4
1748 11
1748 13
1749 13
1749 12
1750 7
1750 12
1751 2
1751 4
1752 7
1752 0
1753 11
1753 9
1754 0
1754 11
1755 7
1755 0
1756 11
1756 3
1757 5
1757 10
1758 3
1758 13
1759 7
1759 0
1760 2
1760 3
1761 15
1761 7
1762 15
1762 10
1763 10
1763 5
1764 0
1764 12
1765 7
1765 1
1766 1
1766 3
1767 2
1767 15
1768 3
1768 12
1769 2
1769 3
1770 0
1770 5
1771 3
1771 6
1772 15
1772 4
1773 0
1773 7
1774 10
1774 0
1775 2
1775 9
1776 11
1776 0
1777 4
1777 8
1778 8
1778 12
1779 15
1779 11
1780 1
1780 5
1781 9
1781 3
1782 2
1782 5
1783 10
1783 3
1784 2
1784 15
1785 2
1785 10
1786 11
1786 1
1787 11
1787 13
1788 15
1788 9
1789 10
1789 8
1790 6
1790 3
1791 2
1791 13
1792 13
1792 11
1793 2
1793 12
1794 2
1794 9
1795 1
1795 13
1796 1
1796 12
1797 7
1797 15
1798 3
1798 0
1799 11
1799 14
1800 8
1800 14
1801 12
1801 8
1802 12
1802 7
1803 8
1803 14
1804 11
1804 6
1805 6
1805 13
1806 14
1806 11
1807 14
1807 2
1808 5
1808 7
1809 11
1809 13
1810 12
1810 2
1811 15
1811 6
1812 5
1812 10
1813 0
1813 12
1814 8
1814 15
1815 4
1815 2
1816 7
1816 14
1817 10
1817 15
1818 0
1818 3
1819 1
1819 13
1820 11
1820 7
1821 12
1821 1
1822 8
1822 7
1823 13
1823 14
1824 11
1824 15
1825 15
1825 9
1826 0
1826 9
1827 12
1827 0
1828 11
1828 0
1829 6
1829 13
1830 3
1830 1
1831 11
1831 0
1832 10
1832 3
1833 11
1833 4
1834 14
1834 3
1835 14
1835 7
1836 2
1836 7
1837 7
1837 15
1838 8
1838 6
1839 10
1839 8
1840 15
1840 3
1841 4
1841 6
1842 15
1842 3
1843 3
1843 11
1844 6
1844 15
1845 9
1845 2
1846 8
1846 3
1847 10
1847 13
1848 7
1848 5
1849 10
1849 12
1850 4
1850 14
1851 2
1851 10
1852 12
1852 4
1853 5
1853 10
1854 10
1854 2
1855 2
1855 13
1856 15
1856 4
1857 1
1857 0
1858 15
1858 2
1859 15
1859 12
1860 4
1860 7
1861 14
1861 5
1862 6
1862 11
1863 12
1863 6
1864 6
1864 8
1865 3
1865 10
1866 11
1866 3
1867 12
1867 14
1868 4
1868 6
1869 14
1869 5
1870 12
1870 15
1871 0
1871 14
1872 0
1872 1
1873 7
1873 9
1874 9
1874 3
1875 3
1875 13
1876 6
1876 1
1877 5
1877 1
1878 9
1878 15
1879 10
1879 8
1880 8
1880 11
1881 1
1881 2
1882 11
1882 2
1883 10
1883 4
1884 0
1884 3
1885 8
1885 13
1886 3
1886 9
1887 11
1887 8
1888 4
1888 1
1889 1
1889 0
1890 10
1890 1
1891 12
1891 14
1892 5
1892 11
1893 14
1893 6
1894 8
1894 7
1895 7
1895 15
1896 1
1896 4
1897 2
1897 1
1898 7
1898 3
1899 3
1899 14
1900 2
1900 6
1901 14
1901 12
1902 6
1902 10
1903 6
1903 15
1904 8
1904 3
1905 10
1905 14
1906 12
1906 14
1907 8
1907 0
1908 0
1908 6
1909 12
1909 8
1910 6
1910 10
1911 3
1911 4
1912 4
1912 8
1913 1
1913 3
1914 9
1914 6
1915 5
1915 2
1916 3
1916 13
1917 14
1917 8
1918 3
1918 15
1919 11
1919 13
1920 1
1920 0
1921 14
1921 7
1922 2
1922 15
1923 8
1923 9
1924 2
1924 1
1925 15
1925 6
1926 0
1926 1
1927 12
1927 15
1928 4
1928 14
1929 2
1929 3
1930 1
1930 12
1931 0
1931 2
1932 4
1932 3
1933 15
1933 2
1934 0
1934 9
1935 6
1935 15
1936 4
1936 0
1937 0
1937 6
1938 7
1938 4
1939 0
1939 8
1940 1
1940 13
1941 0
1941 10
1942 13
1942 3
1943 4
1943 11
1944 9
1944 3
1945 10
1945 15
1946 5
1946 11
1947 1
1947 5
1948 11
1948 5
1949 6
1949 3
1950 7
1950 8
1951 0
1951 7
1952 0
1952 8
1953 11
1953 9
1954 9
1954 3
1955 5
1955 14
1956 11
1956 8
1957 4
1957 10
1958 14
1958 10
1959 5
1959 4
1960 0
1960 1
1961 11
1961 15
1962 0
1962 6
1963 8
1963 12
1964 0
1964 9
1965 12
1965 15
1966 7
1966 3
1967 13
1967 8
1968 2
1968 3
1969 0
1969 6
1970 8
1970 2
1971 15
1971 1
1972 8
1972 5
1973 10
1973 7
1974 7
1974 3
1975 6
1975 11
1976 8
1976 10
1977 3
1977 14
1978 0
1978 7
1979 12
1979 8
1980 7
1980 11
1981 14
1981 2
1982 8
1982 7
1983 1
1983 8
1984 14
1984 5
1985 9
1985 2
1986 4
1986 10
1987 15
1987 1
1988 3
1988 15
1989 15
1989 2
1990 14
1990 4
1991 12
1991 5
1992 13
1992 0
1993 5
1993 13
1994 6
1994 9
1995 3
1995 14
1996 14
1996 4
1997 11
1997 5
1998 13
1998 2
1999 1
1999 7
2000 6
2000 15
2001 15
2001 1
2002 7
2002 11
2003 4
2003 15
2004 9
2004 1
2005 15
2005 6
2006 14
2006 2
2007 6
2007 1
2008 9
2008 10
2009 5
2009 2
2010 5
2010 2
2011 2
2011 1
2012 2
2012 6
2013 7
2013 6
2014 9
2014 2
2015 6
2015 2
2016 9
2016 8
2017 0
2017 6
2018 12
2018 5
2019 5
2019 1
2020 3
2020 5
2021 3
2021 15
2022 9
2022 7
2023 9
2023 11
2024 5
2024 12
2025 9
2025 2
2026 6
2026 1
2027 10
2027 6
2028 12
2028 0
2029 10
2029 11
2030 10
2030 4
2031 9
2031 13
2032 1
2032 6
2033 14
2033 11
2034 12
2034 11
2035 15
2035 6
2036 11
2036 0
2037 14
2037 10
2038 8
2038 2
2039 10
2039 11
2040 13
2040 12
2041 9
2041 2
2042 7
2042 9
2043 2
2043 0
2044 12
2044 4
2045 1
2045 8
2046 6
2046 9
2047 15
2047 13
