0 1020
1 0204
2 4002
3 000a
4 0804
5 2100
6 0102
7 1800
8 4200
9 0050
10 4040
11 8010
12 0408
13 0600
14 0044
15 0801
16 0900
17 0280
18 0808
19 0804
20 1004
21 0410
22 1004
23 0082
24 0042
25 0401
26 0820
27 0003
28 0208
29 0081
30 9000
31 1200
32 0088
33 0810
34 8004
35 4100
36 4200
37 6000
38 2002
39 8040
40 8100
41 0110
42 8020
43 4080
44 2800
45 1080
46 4004
47 4001
48 0810
49 8080
50 8080
51 5000
52 4020
53 2800
54 4040
55 0810
56 0110
57 4080
58 1040
59 1020
60 0012
61 0240
62 0081
63 6000
64 6000
65 0808
66 4080
67 0180
68 8002
69 0480
70 0410
71 0140
72 0180
73 000a
74 0021
75 0090
76 00a0
77 8100
78 8004
79 1001
80 2004
81 2010
82 4004
83 0108
84 0240
85 0808
86 0101
87 8800
88 0820
89 0204
90 0500
91 8001
92 0024
93 0088
94 0808
95 0420
96 0300
97 0408
98 1800
99 8200
100 8002
101 0900
102 0c00
103 0014
104 0240
105 0280
106 0082
107 0018
108 000a
109 0408
110 0012
111 1100
112 0120
113 0404
114 8200
115 000c
116 00a0
117 0180
118 00c0
119 8100
120 0180
121 2001
122 0408
123 0280
124 0802
125 0240
126 0018
127 0012
128 0048
129 0600
130 00a0
131 4040
132 0500
133 0082
134 0009
135 2080
136 c000
137 2800
138 0420
139 0082
140 1040
141 0030
142 0028
143 0011
144 0204
145 1080
146 0140
147 0300
148 0402
149 0003
150 0050
151 2008
152 6000
153 0440
154 1020
155 4001
156 4001
157 0808
158 0021
159 0082
160 0048
161 1400
162 0201
163 8001
164 0220
165 0014
166 0408
167 6000
168 4020
169 1008
170 4800
171 8400
172 0480
173 4020
174 2002
175 0005
176 000c
177 8002
178 2008
179 0402
180 a000
181 0220
182 0101
183 000c
184 6000
185 0404
186 4002
187 1080
188 0900
189 0110
190 0408
191 0140
192 0500
193 0081
194 0410
195 0210
196 2004
197 0440
198 0081
199 0210
200 0900
201 00c0
202 2008
203 0802
204 2008
205 0028
206 8400
207 0804
208 0102
209 1200
210 2020
211 0180
212 0810
213 4040
214 1004
215 0101
216 0180
217 0220
218 0024
219 0021
220 0048
221 0a00
222 0050
223 0201
224 0101
225 2080
226 0202
227 4040
228 1001
229 000a
230 0120
231 0005
232 0028
233 0088
234 0500
235 1800
236 8010
237 8008
238 0840
239 0c00
240 9000
241 8008
242 2004
243 1004
244 0210
245 0210
246 0140
247 0840
248 8010
249 0108
250 0011
251 1004
252 0808
253 0300
254 c000
255 0081
256 0204
257 0180
258 0220
259 0041
260 0021
261 1100
262 4080
263 8400
264 4100
265 2010
266 0028
267 0003
268 5000
269 0840
270 1200
271 1040
272 8002
273 4001
274 0208
275 0021
276 4100
277 0240
278 1800
279 1200
280 0801
281 0014
282 0042
283 0011
284 0012
285 0402
286 2020
287 0808
288 3000
289 0840
290 0c00
291 4100
292 1010
293 0018
294 4100
295 2004
296 2001
297 1040
298 00c0
299 8100
300 4200
301 0018
302 0500
303 4010
304 8040
305 0840
306 0090
307 0021
308 8004
309 4080
310 00a0
311 0808
312 0804
313 0500
314 0180
315 8020
316 4008
317 0440
318 c000
319 0090
320 0810
321 0801
322 1002
323 0110
324 4008
325 1008
326 0081
327 0101
328 4040
329 2020
330 0401
331 2004
332 0104
333 a000
334 0081
335 0808
336 0402
337 1020
338 0500
339 c000
340 2010
341 0006
342 0801
343 0810
344 0048
345 1080
346 0011
347 0401
348 0003
349 0082
350 0084
351 0220
352 2800
353 2200
354 0840
355 0204
356 0600
357 0090
358 0404
359 2100
360 2800
361 8020
362 0810
363 0900
364 0028
365 2080
366 1008
367 1040
368 5000
369 0003
370 0180
371 2800
372 2010
373 2020
374 2001
375 0840
376 1008
377 0028
378 0600
379 0208
380 2200
381 0090
382 4010
383 c000
384 00c0
385 2400
386 0a00
387 0202
388 4020
389 8020
390 0900
391 1001
392 0402
393 1200
394 2002
395 0a00
396 0060
397 0a00
398 0180
399 0300
400 0480
401 0500
402 1200
403 0402
404 0801
405 4080
406 0041
407 8008
408 0028
409 4020
410 0410
411 2040
412 8080
413 8004
414 2020
415 2100
416 4004
417 4001
418 0a00
419 4800
420 0840
421 0101
422 4040
423 0009
424 0120
425 2040
426 0801
427 4400
428 1400
429 0410
430 0011
431 0480
432 0220
433 0014
434 4040
435 0201
436 0280
437 1001
438 0028
439 0014
440 4008
441 4002
442 0408
443 4008
444 8002
445 0014
446 0003
447 0201
448 0220
449 0240
450 0102
451 4008
452 0804
453 1400
454 a000
455 0081
456 0012
457 0060
458 0880
459 0108
460 0042
461 1004
462 0a00
463 0009
464 4200
465 0420
466 6000
467 1010
468 8040
469 8200
470 0c00
471 4200
472 4080
473 0410
474 0408
475 1200
476 000a
477 a000
478 0900
479 0011
480 8002
481 0060
482 1001
483 4200
484 0402
485 0102
486 0420
487 2200
488 4080
489 c000
490 1040
491 8400
492 0401
493 0280
494 2800
495 6000
496 1800
497 0410
498 8200
499 0110
500 1008
501 0102
502 2010
503 4004
504 0022
505 4200
506 000a
507 9000
508 0044
509 1100
510 5000
511 0018
512 0011
513 1001
514 1002
515 00c0
516 8008
517 0c00
518 4040
519 0048
520 0810
521 0c00
522 1002
523 0420
524 0024
525 0140
526 0003
527 0014
528 2800
529 1010
530 8010
531 0402
532 4001
533 2008
534 1010
535 1010
536 2040
537 0804
538 0808
539 0090
540 0204
541 0a00
542 0410
543 0044
544 4400
545 0408
546 1002
547 2400
548 00a0
549 0088
550 0210
551 0802
552 0480
553 5000
554 0880
555 0060
556 8020
557 4020
558 0104
559 0088
560 a000
561 0210
562 0404
563 0c00
564 0041
565 0012
566 0880
567 2004
568 0220
569 0300
570 a000
571 0088
572 0011
573 4040
574 0104
575 8001
576 0024
577 0408
578 00a0
579 0005
580 0003
581 0082
582 0802
583 000c
584 0005
585 4001
586 9000
587 0280
588 a000
589 0420
590 2004
591 4040
592 0110
593 0220
594 0021
595 4008
596 2080
597 0210
598 0810
599 0028
600 0220
601 5000
602 2800
603 0030
604 0003
605 2010
606 0210
607 8004
608 0410
609 4400
610 4020
611 2080
612 1001
613 0820
614 0108
615 0011
616 8400
617 8100
618 0084
619 00a0
620 0030
621 0140
622 0090
623 2400
624 0006
625 8200
626 0084
627 0c00
628 0082
629 0280
630 0024
631 2004
632 0420
633 1020
634 4800
635 0808
636 0011
637 0011
638 0050
639 4080
640 0180
641 000c
642 0030
643 0201
644 2008
645 8080
646 0402
647 0011
648 0202
649 0404
650 4010
651 0204
652 8010
653 4001
654 8004
655 3000
656 2002
657 0060
658 0028
659 4200
660 1002
661 0044
662 0060
663 0012
664 0410
665 1010
666 0024
667 1040
668 0005
669 0028
670 0202
671 0022
672 4004
673 0208
674 2040
675 0081
676 0102
677 0006
678 0240
679 2001
680 0820
681 2001
682 8040
683 00a0
684 2200
685 0300
686 0408
687 0050
688 1080
689 8200
690 4020
691 0280
692 2008
693 1020
694 0090
695 0012
696 1800
697 0050
698 0088
699 0084
700 c000
701 4001
702 2400
703 0801
704 0022
705 0880
706 1400
707 6000
708 1400
709 00c0
710 1010
711 4008
712 4008
713 8040
714 0900
715 2004
716 0880
717 0012
718 0410
719 1100
720 8200
721 1002
722 0600
723 0044
724 8100
725 2100
726 8080
727 c000
728 0440
729 0210
730 5000
731 0050
732 9000
733 0006
734 0011
735 0280
736 8004
737 4080
738 2800
739 5000
740 9000
741 0042
742 0420
743 0810
744 5000
745 2008
746 0408
747 0804
748 000c
749 4008
750 3000
751 8020
752 0018
753 00c0
754 2200
755 4001
756 0082
757 00c0
758 8200
759 1200
760 4004
761 c000
762 4800
763 8800
764 4080
765 1200
766 4400
767 3000
768 0018
769 0014
770 0050
771 4002
772 0401
773 0802
774 1004
775 0802
776 0110
777 4400
778 4001
779 0500
780 8100
781 0104
782 2800
783 2400
784 4010
785 2020
786 0005
787 6000
788 2040
789 0005
790 0c00
791 0081
792 0c00
793 0280
794 00a0
795 1004
796 8010
797 0201
798 0900
799 2020
800 1200
801 0300
802 0012
803 0808
804 1002
805 2008
806 0041
807 0005
808 0048
809 0180
810 0240
811 0018
812 8080
813 1040
814 0021
815 0440
816 0240
817 8200
818 1800
819 0208
820 00a0
821 8200
822 0802
823 0110
824 1200
825 0102
826 a000
827 0300
828 8040
829 0041
830 1008
831 8002
832 2002
833 000c
834 1010
835 1400
836 0044
837 4008
838 0050
839 8008
840 2400
841 2080
842 8002
843 1800
844 3000
845 4080
846 c000
847 0201
848 0202
849 0500
850 0084
851 8040
852 0028
853 3000
854 1004
855 0801
856 4200
857 4001
858 0108
859 2002
860 0140
861 2200
862 1010
863 8020
864 4001
865 0110
866 9000
867 1002
868 8080
869 0084
870 2002
871 0101
872 0041
873 0030
874 0024
875 0028
876 a000
877 0140
878 6000
879 000a
880 8100
881 8002
882 2200
883 2004
884 0810
885 0030
886 0021
887 2400
888 1002
889 0410
890 0021
891 0044
892 0420
893 1040
894 0a00
895 0180
896 000c
897 c000
898 0600
899 0028
900 8004
901 0088
902 0082
903 2040
904 000c
905 0024
906 0240
907 8008
908 0012
909 0014
910 4040
911 0090
912 0018
913 0202
914 0880
915 0120
916 8004
917 0801
918 4002
919 1400
920 0808
921 4020
922 0018
923 0810
924 0082
925 1002
926 c000
927 0204
928 0a00
929 0801
930 3000
931 0028
932 00c0
933 0012
934 0208
935 0012
936 4010
937 0600
938 000c
939 4010
940 0280
941 1400
942 2100
943 00a0
944 000c
945 0022
946 8200
947 0900
948 0801
949 3000
950 0088
951 0060
952 0082
953 1010
954 0081
955 0108
956 8008
957 0006
958 2004
959 0810
960 0110
961 1800
962 1040
963 0300
964 0408
965 1002
966 0410
967 2040
968 0060
969 0102
970 0006
971 0028
972 8020
973 1040
974 0050
975 0410
976 0022
977 0600
978 1010
979 0021
980 4008
981 8200
982 0440
983 4400
984 6000
985 0600
986 0041
987 4200
988 0500
989 3000
990 4002
991 8001
992 4008
993 0120
994 0012
995 0408
996 8080
997 4200
998 8004
999 2010
1000 0208
1001 2100
1002 0024
1003 0808
1004 0808
1005 2001
1006 0880
1007 1008
1008 1008
1009 8002
1010 4020
1011 0101
1012 8400
1013 8040
1014 4080
1015 0880
1016 0005
1017 a000
1018 1008
1019 0042
1020 a000
1021 0024
1022 0050
1023 8800
1024 0048
1025 0402
1026 0041
1027 0021
1028 0a00
1029 4004
1030 0410
1031 2100
1032 0011
1033 4040
1034 4020
1035 0011
1036 2080
1037 8800
1038 4004
1039 0402
1040 2020
1041 0081
1042 0840
1043 2010
1044 2040
1045 0401
1046 8002
1047 8004
1048 1200
1049 2004
1050 0900
1051 2004
1052 0401
1053 1008
1054 0208
1055 0408
1056 1008
1057 000a
1058 0401
1059 0804
1060 0820
1061 0028
1062 0108
1063 0104
1064 1008
1065 0600
1066 2002
1067 1020
1068 0102
1069 0012
1070 0900
1071 0202
1072 1080
1073 0110
1074 2800
1075 0208
1076 8008
1077 0140
1078 0180
1079 8200
1080 8080
1081 0404
1082 0240
1083 0102
1084 0014
1085 2100
1086 1004
1087 0018
1088 2002
1089 8020
1090 0402
1091 0410
1092 2080
1093 0104
1094 8004
1095 1002
1096 4001
1097 6000
1098 0005
1099 9000
1100 2010
1101 0600
1102 4010
1103 0082
1104 0060
1105 0402
1106 2800
1107 4400
1108 2010
1109 4010
1110 8200
1111 0018
1112 9000
1113 2080
1114 0021
1115 2400
1116 8008
1117 0880
1118 0a00
1119 0201
1120 0003
1121 0404
1122 8800
1123 0028
1124 4200
1125 0208
1126 0050
1127 8020
1128 0210
1129 8001
1130 2400
1131 2100
1132 3000
1133 0041
1134 c000
1135 0220
1136 00a0
1137 1040
1138 0600
1139 0048
1140 2010
1141 4100
1142 0120
1143 0c00
1144 4002
1145 0024
1146 0042
1147 0840
1148 0009
1149 0041
1150 1200
1151 4080
1152 000c
1153 0044
1154 0090
1155 8001
1156 0082
1157 0050
1158 0005
1159 0101
1160 0220
1161 0088
1162 0180
1163 0201
1164 8008
1165 8080
1166 000a
1167 0009
1168 1010
1169 0500
1170 1002
1171 0024
1172 2080
1173 4040
1174 2800
1175 8010
1176 4040
1177 1080
1178 0060
1179 0300
1180 8020
1181 0201
1182 0180
1183 4040
1184 9000
1185 0280
1186 00c0
1187 8080
1188 0012
1189 0804
1190 1002
1191 1010
1192 1080
1193 0009
1194 0208
1195 0900
1196 0420
1197 0202
1198 0006
1199 8040
1200 4001
1201 4001
1202 0014
1203 0014
1204 1800
1205 0140
1206 0480
1207 0410
1208 0102
1209 0420
1210 0048
1211 0840
1212 00a0
1213 0012
1214 5000
1215 0024
1216 0500
1217 2080
1218 0108
1219 0a00
1220 0402
1221 1040
1222 4001
1223 8010
1224 5000
1225 0210
1226 2200
1227 2004
1228 a000
1229 0808
1230 4020
1231 8040
1232 8800
1233 4008
1234 4040
1235 0041
1236 4004
1237 4002
1238 0081
1239 0012
1240 0084
1241 0005
1242 8400
1243 0208
1244 1100
1245 2001
1246 0022
1247 2800
1248 0a00
1249 0090
1250 0220
1251 2010
1252 1800
1253 0880
1254 2010
1255 0802
1256 1010
1257 0202
1258 4008
1259 2004
1260 0024
1261 0404
1262 0201
1263 1020
1264 2001
1265 1100
1266 0104
1267 0050
1268 0820
1269 0084
1270 0005
1271 0006
1272 5000
1273 8002
1274 8200
1275 0820
1276 2002
1277 2001
1278 0408
1279 0024
1280 3000
1281 00a0
1282 0204
1283 2080
1284 1040
1285 1400
1286 4080
1287 4800
1288 2800
1289 0060
1290 4020
1291 0420
1292 4010
1293 0220
1294 1010
1295 0009
1296 2001
1297 0012
1298 0050
1299 8004
1300 0041
1301 4100
1302 0202
1303 1008
1304 0804
1305 1020
1306 2200
1307 0082
1308 8008
1309 0201
1310 0014
1311 2008
1312 0900
1313 0081
1314 4400
1315 0900
1316 0014
1317 8400
1318 2010
1319 2020
1320 a000
1321 0900
1322 0090
1323 1004
1324 4040
1325 1400
1326 8020
1327 0404
1328 0090
1329 00c0
1330 0082
1331 0201
1332 8004
1333 8010
1334 2800
1335 8080
1336 0600
1337 0044
1338 0208
1339 1400
1340 8010
1341 1040
1342 0050
1343 8400
1344 0410
1345 0600
1346 0108
1347 8080
1348 4100
1349 0401
1350 0005
1351 8001
1352 0402
1353 0140
1354 0a00
1355 2002
1356 1100
1357 0804
1358 0440
1359 0810
1360 2100
1361 0804
1362 0041
1363 0120
1364 6000
1365 0801
1366 0104
1367 2080
1368 2008
1369 000c
1370 2080
1371 0410
1372 1002
1373 4020
1374 8002
1375 0180
1376 4400
1377 0900
1378 0084
1379 0082
1380 0110
1381 0280
1382 5000
1383 000a
1384 0180
1385 2800
1386 8800
1387 2020
1388 1200
1389 0401
1390 0401
1391 1080
1392 0140
1393 0404
1394 0082
1395 2008
1396 2004
1397 2004
1398 1001
1399 2020
1400 1004
1401 3000
1402 2010
1403 0041
1404 0048
1405 4008
1406 0024
1407 2001
1408 4002
1409 0600
1410 0880
1411 4100
1412 0104
1413 2080
1414 0802
1415 0011
1416 0600
1417 0048
1418 0006
1419 4008
1420 0022
1421 1800
1422 00a0
1423 0030
1424 0014
1425 0804
1426 0410
1427 0880
1428 4100
1429 0208
1430 0900
1431 2040
1432 0802
1433 0410
1434 0009
1435 0204
1436 2080
1437 1020
1438 000c
1439 0048
1440 2200
1441 0208
1442 4001
1443 00c0
1444 0048
1445 0104
1446 0600
1447 0022
1448 0900
1449 0808
1450 0120
1451 1400
1452 0840
1453 4040
1454 00a0
1455 0208
1456 2080
1457 8040
1458 0c00
1459 0048
1460 8020
1461 1002
1462 0480
1463 0480
1464 0050
1465 0006
1466 1400
1467 0018
1468 0050
1469 0404
1470 0201
1471 2020
1472 0280
1473 1800
1474 0a00
1475 2020
1476 2010
1477 0480
1478 1400
1479 8008
1480 1010
1481 0210
1482 1400
1483 8040
1484 4100
1485 0808
1486 4010
1487 0840
1488 0440
1489 8800
1490 00c0
1491 8100
1492 0880
1493 4400
1494 2001
1495 2004
1496 0041
1497 0810
1498 0006
1499 0060
1500 0808
1501 0024
1502 4002
1503 2100
1504 0600
1505 1800
1506 0404
1507 0300
1508 4004
1509 0408
1510 8400
1511 1400
1512 8001
1513 0140
1514 1200
1515 8200
1516 1080
1517 0500
1518 0006
1519 2001
1520 0090
1521 4020
1522 000c
1523 0041
1524 0021
1525 0210
1526 0a00
1527 8100
1528 0401
1529 0006
1530 a000
1531 0401
1532 1020
1533 2001
1534 4001
1535 0090
1536 8200
1537 0404
1538 0090
1539 8004
1540 0009
1541 0088
1542 0440
1543 4400
1544 1200
1545 0401
1546 1020
1547 1400
1548 0005
1549 2400
1550 0101
1551 1400
1552 0402
1553 0804
1554 8200
1555 4080
1556 0a00
1557 1400
1558 0840
1559 0024
1560 0060
1561 0005
1562 4002
1563 000c
1564 1004
1565 0110
1566 0021
1567 0102
1568 0081
1569 2010
1570 8200
1571 0102
1572 0050
1573 4008
1574 8200
1575 0408
1576 0018
1577 0003
1578 4010
1579 1010
1580 8200
1581 2010
1582 0024
1583 1400
1584 2002
1585 0202
1586 4002
1587 0900
1588 0410
1589 0804
1590 0084
1591 4001
1592 0018
1593 0480
1594 0404
1595 0a00
1596 1002
1597 000c
1598 0003
1599 0801
1600 8100
1601 0600
1602 8020
1603 0018
1604 0840
1605 1004
1606 0005
1607 2002
1608 0210
1609 0440
1610 0204
1611 1001
1612 0060
1613 2200
1614 2001
1615 0410
1616 0402
1617 0840
1618 1002
1619 0600
1620 9000
1621 1002
1622 0021
1623 0a00
1624 0030
1625 1400
1626 000c
1627 0402
1628 0060
1629 0420
1630 2010
1631 0840
1632 4100
1633 0808
1634 0090
1635 4002
1636 0024
1637 0210
1638 0011
1639 0028
1640 1004
1641 2001
1642 0009
1643 0900
1644 0060
1645 0088
1646 00c0
1647 8200
1648 0021
1649 2004
1650 0048
1651 000c
1652 8800
1653 8100
1654 0018
1655 0480
1656 0041
1657 0880
1658 2008
1659 0018
1660 0140
1661 0802
1662 0240
1663 0048
1664 0090
1665 0420
1666 2800
1667 1020
1668 0408
1669 0480
1670 0003
1671 0880
1672 0090
1673 0021
1674 8040
1675 0840
1676 8200
1677 4001
1678 0011
1679 0018
1680 8400
1681 1080
1682 0048
1683 4400
1684 1001
1685 c000
1686 0900
1687 8010
1688 3000
1689 0084
1690 0402
1691 2200
1692 8040
1693 0018
1694 4002
1695 8800
1696 6000
1697 0120
1698 2001
1699 0420
1700 2008
1701 6000
1702 4200
1703 2010
1704 0202
1705 0240
1706 2080
1707 2004
1708 0202
1709 0012
1710 0804
1711 8100
1712 0082
1713 0410
1714 0012
1715 1001
1716 0018
1717 0011
1718 00a0
1719 0a00
1720 4002
1721 1002
1722 0808
1723 4080
1724 2010
1725 0011
1726 0044
1727 0050
1728 5000
1729 0009
1730 2800
1731 0081
1732 1200
1733 0404
1734 0840
1735 0c00
1736 1001
1737 0014
1738 8001
1739 0012
1740 0024
1741 0018
1742 1040
1743 1020
1744 4010
1745 0820
1746 0202
1747 0011
1748 2800
1749 3000
1750 1080
1751 0014
1752 0081
1753 0a00
1754 0801
1755 0081
1756 0808
1757 0420
1758 2008
1759 0081
1760 000c
1761 8080
1762 8400
1763 0420
1764 1001
1765 0082
1766 000a
1767 8004
1768 1008
1769 000c
1770 0021
1771 0048
1772 8010
1773 0081
1774 0401
1775 0204
1776 0801
1777 0110
1778 1100
1779 8800
1780 0022
1781 0208
1782 0024
1783 0408
1784 8004
1785 0404
1786 0802
1787 2800
1788 8200
1789 0500
1790 0048
1791 2004
1792 2800
1793 1004
1794 0204
1795 2002
1796 1002
1797 8080
1798 0009
1799 4800
1800 4100
1801 1100
1802 1080
1803 4100
1804 0840
1805 2040
1806 4800
1807 4004
1808 00a0
1809 2800
1810 1004
1811 8040
1812 0420
1813 1001
1814 8100
1815 0014
1816 4080
1817 8400
1818 0009
1819 2002
1820 0880
1821 1002
1822 0180
1823 6000
1824 8800
1825 8200
1826 0201
1827 1001
1828 0801
1829 2040
1830 000a
1831 0801
1832 0408
1833 0810
1834 4008
1835 4080
1836 0084
1837 8080
1838 0140
1839 0500
1840 8008
1841 0050
1842 8008
1843 0808
1844 8040
1845 0204
1846 0108
1847 2400
1848 00a0
1849 1400
1850 4010
1851 0404
1852 1010
1853 0420
1854 0404
1855 2004
1856 8010
1857 0003
1858 8004
1859 9000
1860 0090
1861 4020
1862 0840
1863 1040
1864 0140
1865 0408
1866 0808
1867 5000
1868 0050
1869 4020
1870 9000
1871 4001
1872 0003
1873 0280
1874 0208
1875 2008
1876 0042
1877 0022
1878 8200
1879 0500
1880 0900
1881 0006
1882 0804
1883 0410
1884 0009
1885 2100
1886 0208
1887 0900
1888 0012
1889 0003
1890 0402
1891 5000
1892 0820
1893 4040
1894 0180
1895 8080
1896 0012
1897 0006
1898 0088
1899 4008
1900 0044
1901 5000
1902 0440
1903 8040
1904 0108
1905 4400
1906 5000
1907 0101
1908 0041
1909 1100
1910 0440
1911 0018
1912 0110
1913 000a
1914 0240
1915 0024
1916 2008
1917 4100
1918 8008
1919 2800
1920 0003
1921 4080
1922 8004
1923 0300
1924 0006
1925 8040
1926 0003
1927 9000
1928 4010
1929 000c
1930 1002
1931 0005
1932 0018
1933 8004
1934 0201
1935 8040
1936 0011
1937 0041
1938 0090
1939 0101
1940 2002
1941 0401
1942 2008
1943 0810
1944 0208
1945 8400
1946 0820
1947 0022
1948 0820
1949 0048
1950 0180
1951 0081
1952 0101
1953 0a00
1954 0208
1955 4020
1956 0900
1957 0410
1958 4400
1959 0030
1960 0003
1961 8800
1962 0041
1963 1100
1964 0201
1965 9000
1966 0088
1967 2100
1968 000c
1969 0041
1970 0104
1971 8002
1972 0120
1973 0480
1974 0088
1975 0840
1976 0500
1977 4008
1978 0081
1979 1100
1980 0880
1981 4004
1982 0180
1983 0102
1984 4020
1985 0204
1986 0410
1987 8002
1988 8008
1989 8004
1990 4010
1991 1020
1992 2001
1993 2020
1994 0240
1995 4008
1996 4010
1997 0820
1998 2004
1999 0082
2000 8040
2001 8002
2002 0880
2003 8010
2004 0202
2005 8040
2006 4004
2007 0042
2008 0600
2009 0024
2010 0024
2011 0006
2012 0044
2013 00c0
2014 0204
2015 0044
2016 0300
2017 0041
2018 1020
2019 0022
2020 0028
2021 8008
2022 0280
2023 0a00
2024 1020
2025 0204
2026 0042
2027 0440
2028 1001
2029 0c00
2030 0410
2031 2200
2032 0042
2033 4800
2034 1800
2035 8040
2036 0801
2037 4400
2038 0104
2039 0c00
2040 3000
2041 0204
2042 0280
2043 0005
2044 1010
2045 0102
2046 0240
2047 a000
