0 4
0 12
1 1
1 14
2 1
2 0
3 13
4 1
5 11
5 12
6 5
6 12
7 6
8 15
8 4
9 12
10 14
10 2
11 11
11 0
12 2
13 12
14 3
15 13
15 14
16 10
16 4
17 0
18 4
19 12
20 1
20 2
21 0
22 9
23 0
23 7
24 14
25 9
26 0
26 14
27 15
28 8
28 14
29 1
30 14
31 11
32 6
33 6
33 14
34 15
34 5
35 4
35 8
36 12
36 7
37 12
38 3
39 0
39 10
40 7
40 15
41 2
41 13
42 11
42 13
43 1
44 8
45 0
45 9
46 6
47 12
48 1
49 6
49 9
50 4
50 7
51 14
52 11
53 14
53 7
54 10
54 13
55 10
55 7
56 7
57 0
58 11
58 14
59 0
59 5
60 0
60 11
61 15
61 8
62 14
62 2
63 2
64 4
65 14
66 3
66 8
67 14
67 7
68 8
68 0
69 2
69 8
70 9
71 8
72 0
73 2
73 5
74 3
75 7
76 9
76 6
77 10
78 11
78 12
79 7
80 7
81 7
82 5
83 14
84 15
84 1
85 7
86 3
87 1
87 3
88 13
88 9
89 8
90 5
90 8
91 7
92 9
93 5
93 4
94 7
95 6
96 15
97 8
98 13
98 0
99 0
100 12
100 4
101 6
102 3
103 4
103 1
104 14
105 15
106 14
107 6
108 10
109 5
109 4
110 7
111 14
111 15
112 5
113 14
114 14
115 2
116 3
116 7
117 4
117 0
118 5
118 12
119 6
119 8
120 15
121 3
121 13
122 4
123 13
123 3
124 8
124 15
125 5
125 12
126 1
127 12
127 2
128 5
129 7
129 1
130 0
131 12
131 2
132 15
132 0
133 5
134 8
134 12
135 14
136 5
136 14
137 0
138 0
139 14
140 11
141 15
141 2
142 0
143 3
144 1
145 13
146 1
147 15
147 13
148 13
148 0
149 2
149 3
150 9
150 3
151 1
151 14
152 6
153 0
153 9
154 3
155 8
155 6
156 12
156 0
157 10
157 4
158 9
159 10
159 5
160 7
160 0
161 14
161 7
162 6
163 3
164 11
165 13
166 5
166 3
167 10
168 14
169 3
170 8
171 3
171 13
172 4
172 11
173 11
174 8
175 15
175 7
176 9
177 5
178 5
179 3
179 6
180 15
180 0
181 9
181 0
182 1
183 11
183 4
184 6
184 14
185 9
185 10
186 5
186 8
187 4
188 0
188 7
189 10
190 11
190 12
191 11
191 15
192 6
193 11
193 10
194 9
194 6
195 13
195 2
196 3
196 4
197 9
198 6
199 6
199 11
200 14
200 15
201 0
201 4
202 5
203 1
204 2
204 15
205 7
206 9
206 2
207 11
207 3
208 0
208 6
209 8
210 5
211 13
212 10
213 3
214 13
215 1
215 9
216 14
217 11
218 9
219 6
219 12
220 6
220 3
221 3
222 5
223 8
224 9
224 6
225 6
226 2
227 13
227 0
228 6
228 1
229 15
229 7
230 1
231 13
232 3
232 11
233 15
234 10
234 12
235 14
235 8
236 2
236 12
237 8
238 13
238 2
239 0
240 15
241 5
241 10
242 14
243 4
243 3
244 13
245 7
246 5
247 12
248 6
248 13
249 2
250 14
251 7
251 5
252 14
253 3
254 4
254 10
255 5
256 14
256 3
257 2
258 11
258 10
259 4
259 11
260 7
260 1
261 8
262 3
262 14
263 6
264 11
265 3
266 6
266 11
267 10
268 13
269 8
269 2
270 11
270 0
271 11
271 3
272 6
272 11
273 10
273 8
274 10
274 14
275 2
276 0
276 11
277 4
277 12
278 7
278 12
279 8
280 14
280 10
281 7
281 1
282 1
283 3
283 8
284 9
284 13
285 3
286 12
286 15
287 7
287 4
288 10
288 12
289 13
289 11
290 11
290 12
291 8
292 3
293 7
294 12
294 3
295 4
296 5
297 9
297 6
298 11
299 4
299 13
300 5
300 14
301 11
302 12
303 5
304 9
304 10
305 10
306 12
306 14
307 14
307 4
308 13
308 5
309 10
309 13
310 2
310 4
311 14
311 5
312 12
312 2
313 0
313 12
314 5
314 9
315 13
316 11
317 6
318 9
318 11
319 8
320 2
320 5
321 8
321 10
322 4
323 10
324 0
325 15
325 3
326 15
327 5
328 5
329 4
330 13
330 6
331 0
332 14
332 1
333 8
333 13
334 7
334 9
335 9
336 14
337 6
338 8
338 0
339 3
340 5
341 0
341 7
342 11
343 14
343 10
344 7
344 9
345 0
346 7
346 10
347 4
347 3
348 14
348 6
349 14
349 0
350 0
350 12
351 2
351 9
352 14
353 14
353 1
354 0
354 5
355 15
356 2
357 0
357 1
358 5
358 10
359 9
359 6
360 2
360 3
361 11
362 10
363 15
364 0
365 4
365 1
366 14
367 14
368 13
369 8
369 10
370 9
370 11
371 10
371 7
372 5
373 14
374 4
374 12
375 1
376 3
376 13
377 9
378 7
378 14
379 14
380 0
381 8
382 15
382 8
383 11
384 4
384 0
385 4
386 13
387 5
387 2
388 10
389 8
390 10
390 5
391 4
392 9
392 15
393 6
394 10
395 0
396 9
397 11
398 14
399 11
399 12
400 12
401 11
401 9
402 3
402 12
403 7
403 12
404 14
405 1
405 5
406 7
407 12
407 10
408 6
409 12
410 12
411 4
411 3
412 1
412 15
413 12
413 1
414 8
415 8
416 6
416 10
417 3
417 6
418 3
418 13
419 12
420 5
420 10
421 0
422 6
423 9
423 11
424 13
425 4
425 12
426 15
427 7
427 5
428 13
429 4
430 12
430 4
431 3
431 14
432 11
433 7
433 4
434 10
435 7
436 14
436 6
437 10
438 10
438 3
439 8
439 9
440 7
440 5
441 6
441 4
442 1
443 7
443 10
444 14
445 3
445 0
446 5
447 14
447 5
448 10
448 2
449 13
450 4
451 10
451 2
452 8
452 2
453 4
454 11
455 13
455 2
456 9
456 5
457 13
457 15
458 4
459 13
459 4
460 8
461 0
461 15
462 2
463 3
463 4
464 2
464 0
465 6
465 10
466 11
467 3
467 2
468 6
469 3
470 7
471 14
471 11
472 5
473 2
473 13
474 7
474 4
475 9
475 5
476 2
477 3
478 9
478 14
479 4
480 3
480 5
481 10
481 8
482 13
483 4
483 5
484 9
485 0
486 12
487 15
487 6
488 14
489 5
489 14
490 9
491 14
491 15
492 8
493 0
494 10
494 15
495 9
496 5
497 11
498 1
498 6
499 7
499 4
500 15
501 2
501 15
502 2
503 10
504 7
504 1
505 13
505 5
506 2
506 13
507 13
507 1
508 11
508 14
509 14
509 3
510 4
510 0
511 5
512 3
512 9
513 3
513 2
514 1
514 14
515 3
515 13
516 6
517 15
518 4
519 6
520 10
521 1
522 12
523 13
523 12
524 15
525 13
525 12
526 7
527 4
528 12
528 9
529 12
530 6
530 2
531 15
532 3
533 12
534 14
534 5
535 6
535 12
536 12
537 11
538 4
539 10
539 0
540 3
540 9
541 3
542 10
542 7
543 2
544 9
545 0
546 5
546 11
547 7
547 10
548 5
548 7
549 1
550 12
551 14
552 15
553 5
554 7
555 11
556 10
556 0
557 12
558 4
559 1
560 12
561 4
561 6
562 4
562 15
563 15
564 0
565 10
565 13
566 7
567 1
567 13
568 10
569 14
570 12
571 6
572 4
573 14
573 3
574 12
575 1
575 15
576 13
577 7
577 11
578 4
578 6
579 8
579 12
580 4
581 2
582 3
582 0
583 8
583 15
584 4
585 0
586 5
586 11
587 4
587 9
588 3
588 15
589 15
590 2
591 0
591 4
592 0
593 10
594 0
594 8
595 12
595 14
596 3
596 11
597 5
598 11
599 14
599 12
600 1
600 14
601 11
602 2
603 14
603 3
604 6
604 11
605 4
606 6
607 9
608 14
609 1
610 6
611 9
612 12
612 9
613 2
614 6
614 0
615 11
616 14
616 7
617 0
618 2
618 11
619 4
620 2
621 6
621 4
622 1
622 14
623 11
623 1
624 15
624 10
625 4
625 8
626 5
627 7
627 2
628 8
629 8
629 2
630 5
631 2
631 5
632 13
632 5
633 4
634 15
634 14
635 0
636 11
637 0
637 7
638 1
639 2
640 11
641 4
641 9
642 9
643 8
644 5
644 13
645 8
646 7
647 12
647 11
648 12
649 13
650 0
650 6
651 6
651 13
652 7
652 8
653 10
654 13
654 1
655 6
656 0
657 10
658 9
659 15
659 9
660 14
661 2
661 11
662 15
662 9
663 14
664 14
664 2
665 8
666 15
666 13
667 13
668 10
668 0
669 12
669 3
670 13
670 1
671 3
671 2
672 1
673 14
674 14
674 4
675 6
675 4
676 11
676 3
677 7
678 1
679 12
680 13
681 7
681 14
682 5
683 2
684 6
684 1
685 2
686 6
687 3
688 13
689 12
689 2
690 10
691 5
691 15
692 8
693 1
693 13
694 5
695 7
696 15
697 9
697 10
698 4
699 15
700 12
701 15
702 2
703 1
703 13
704 6
704 14
705 4
706 5
707 3
708 15
708 13
709 6
709 9
710 3
711 15
712 15
713 13
714 2
714 13
715 5
715 9
716 0
717 10
718 1
718 12
719 5
720 2
720 11
721 5
722 12
722 6
723 11
724 8
724 10
725 15
725 14
726 1
727 12
728 7
729 11
730 9
731 8
732 8
732 2
733 9
734 15
735 1
735 4
736 8
737 4
738 3
738 8
739 1
740 7
740 11
741 3
741 15
742 0
743 14
744 10
745 11
746 5
746 14
747 2
747 7
748 1
748 7
749 15
749 11
750 2
750 9
751 14
752 3
753 14
754 12
754 11
755 4
755 1
756 10
756 13
757 14
758 10
759 3
760 4
760 14
761 9
761 7
762 13
763 7
764 2
765 1
765 5
766 0
766 15
767 0
768 13
768 12
769 9
770 8
770 5
771 4
772 7
773 8
773 3
774 13
774 7
775 13
776 4
777 8
778 12
779 6
779 12
780 6
781 0
781 6
782 10
782 4
783 12
783 9
784 1
785 2
786 3
787 15
787 5
788 12
788 6
789 10
790 1
791 10
791 9
792 5
792 6
793 3
794 15
794 9
795 14
795 7
796 14
797 10
798 0
799 14
800 10
801 12
802 14
802 1
803 14
804 4
804 11
805 4
805 1
806 10
806 5
807 9
807 14
808 6
809 10
810 6
810 2
811 5
811 2
812 5
813 7
814 2
815 14
816 12
816 2
817 15
817 1
818 5
818 15
819 15
819 10
820 2
821 2
822 0
822 10
823 15
823 13
824 2
824 0
825 15
826 5
826 2
827 2
828 1
829 7
830 9
831 3
832 10
832 2
833 14
834 10
834 4
835 2
835 11
836 14
836 6
837 4
838 1
838 8
839 11
839 15
840 11
841 1
842 14
842 9
843 11
843 6
844 12
844 2
845 10
845 0
846 12
847 15
848 7
848 3
849 11
849 8
850 8
851 4
851 14
852 3
852 9
853 7
854 0
855 11
856 8
857 0
857 2
858 3
858 5
859 1
859 6
860 12
860 3
861 1
861 2
862 12
862 5
863 0
864 15
865 1
866 0
867 12
867 7
868 13
868 11
869 12
870 6
871 12
872 9
872 14
873 15
874 10
874 2
875 8
875 1
876 4
877 8
878 2
879 3
880 13
880 1
881 14
881 10
882 10
883 13
883 7
884 7
884 0
885 12
885 1
886 11
887 12
887 8
888 12
889 4
889 13
890 12
890 13
891 7
891 1
892 4
893 6
894 4
894 5
895 4
896 14
897 15
898 4
898 3
899 2
899 12
900 5
900 0
901 8
902 3
902 4
903 9
903 11
904 4
904 10
905 10
906 15
906 11
907 14
908 7
909 11
909 7
910 15
911 4
911 9
912 7
912 8
913 13
914 12
915 0
915 6
916 9
917 4
918 1
918 0
919 10
920 6
920 3
921 12
922 3
922 5
923 11
923 10
924 1
925 11
925 7
926 11
926 6
927 7
927 9
928 9
928 12
929 10
930 10
931 0
932 5
933 8
933 13
934 6
935 2
936 0
937 5
937 9
938 11
939 9
939 1
940 3
940 15
941 3
942 0
943 9
943 6
944 8
945 1
945 12
946 2
946 8
947 14
947 6
948 11
948 15
949 6
950 7
951 5
951 6
952 11
953 7
953 9
954 8
955 14
956 15
956 12
957 10
958 2
959 13
959 15
960 2
961 12
962 12
962 4
963 12
963 3
964 3
965 8
966 10
966 5
967 1
967 3
968 15
968 6
969 7
970 9
971 1
972 2
973 1
973 7
974 10
974 7
975 4
975 3
976 10
976 5
977 5
978 12
978 3
979 1
980 14
980 12
981 3
981 12
982 13
983 3
984 9
984 11
985 7
985 10
986 14
987 4
988 14
989 4
990 13
991 13
992 15
992 13
993 8
993 10
994 6
994 15
995 8
996 7
996 15
997 0
997 6
998 10
998 4
999 0
1000 1
1001 2
1002 0
1002 2
1003 10
1003 9
1004 12
1005 0
1006 5
1006 1
1007 1
1007 14
1008 7
1008 4
1009 6
1009 9
1010 11
1011 7
1012 4
1013 1
1013 11
1014 1
1015 12
1016 6
1017 11
1018 15
1018 11
1019 0
1019 9
1020 12
1020 7
1021 12
1021 8
1022 1
1023 9
1023 14
1024 2
1025 0
1026 1
1027 14
1028 15
1028 1
1029 3
1029 9
1030 13
1030 1
1031 4
1032 1
1033 7
1034 10
1034 14
1035 9
1035 2
1036 15
1037 6
1037 10
1038 7
1039 14
1039 11
1040 14
1040 2
1041 5
1041 14
1042 3
1042 13
1043 9
1043 5
1044 3
1044 8
1045 13
1046 1
1046 4
1047 1
1048 10
1048 7
1049 8
1049 14
1050 7
1050 2
1051 2
1051 11
1052 11
1053 7
1053 5
1054 3
1054 15
1055 8
1056 15
1056 3
1057 8
1058 0
1059 14
1059 10
1060 1
1060 5
1061 15
1062 13
1062 4
1063 7
1063 5
1064 11
1065 4
1066 2
1066 12
1067 5
1068 4
1069 13
1069 5
1070 7
1071 7
1072 1
1072 7
1073 13
1074 8
1075 10
1075 2
1076 15
1077 10
1078 6
1078 2
1079 11
1080 4
1080 9
1081 12
1082 6
1083 15
1083 10
1084 0
1085 3
1086 14
1086 1
1087 14
1087 8
1088 11
1088 6
1089 15
1090 10
1091 6
1092 9
1092 11
1093 7
1094 15
1095 15
1095 3
1096 4
1096 11
1097 14
1097 4
1098 0
1098 6
1099 1
1099 0
1100 0
1101 2
1101 8
1102 13
1103 7
1104 14
1105 11
1106 4
1106 3
1107 5
1108 1
1108 15
1109 15
1109 12
1110 11
1110 8
1111 1
1111 3
1112 8
1112 4
1113 15
1113 7
1114 3
1114 1
1115 5
1115 6
1116 15
1116 11
1117 13
1118 10
1118 4
1119 0
1120 7
1121 8
1122 10
1123 7
1124 13
1124 3
1125 8
1125 2
1126 0
1126 12
1127 7
1128 8
1129 13
1129 4
1130 0
1130 6
1131 14
1131 9
1132 5
1133 0
1134 1
1134 14
1135 9
1135 11
1136 14
1136 8
1137 11
1138 11
1139 7
1139 5
1140 9
1140 10
1141 4
1141 7
1142 3
1143 1
1143 5
1144 13
1144 8
1145 5
1146 4
1146 2
1147 5
1148 1
1148 3
1149 14
1149 8
1150 5
1150 7
1151 13
1152 1
1152 11
1153 15
1154 8
1155 4
1156 7
1156 12
1157 2
1157 3
1158 4
1158 7
1159 3
1159 9
1160 2
1161 4
1162 10
1162 7
1163 10
1163 9
1164 6
1165 12
1166 10
1166 7
1167 12
1167 10
1168 4
1168 11
1169 5
1169 7
1170 5
1171 4
1171 8
1172 11
1172 10
1173 11
1174 0
1175 15
1176 3
1177 10
1178 8
1179 7
1179 12
1180 3
1180 4
1181 10
1181 7
1182 9
1183 5
1183 13
1184 11
1184 12
1185 9
1186 13
1187 13
1187 4
1188 4
1189 7
1189 6
1190 4
1191 9
1191 4
1192 8
1192 15
1193 14
1194 3
1195 14
1196 6
1197 10
1198 11
1198 15
1199 12
1199 6
1200 11
1201 14
1201 10
1202 12
1203 12
1204 10
1204 4
1205 2
1205 1
1206 4
1207 14
1208 8
1209 0
1210 2
1211 2
1211 3
1212 10
1213 9
1213 8
1214 2
1215 5
1215 1
1216 12
1216 10
1217 15
1217 10
1218 9
1218 12
1219 2
1219 12
1220 10
1220 8
1221 14
1221 15
1222 4
1222 7
1223 2
1223 12
1224 6
1225 0
1226 9
1227 9
1227 11
1228 3
1229 15
1229 8
1230 13
1230 15
1231 2
1232 14
1233 9
1234 5
1234 4
1235 9
1236 10
1236 2
1237 5
1238 15
1238 1
1239 3
1240 6
1241 14
1242 9
1243 10
1243 0
1244 5
1245 9
1246 7
1246 4
1247 8
1248 10
1249 10
1249 1
1250 2
1251 9
1251 1
1252 11
1253 10
1254 11
1254 6
1255 5
1256 9
1256 1
1257 14
1257 1
1258 14
1258 10
1259 4
1260 5
1261 8
1262 7
1263 4
1264 9
1265 8
1265 1
1266 4
1267 5
1268 6
1268 12
1269 3
1270 1
1271 4
1272 4
1272 12
1273 12
1274 7
1274 2
1275 10
1276 1
1277 9
1277 1
1278 11
1278 0
1279 10
1279 4
1280 0
1280 10
1281 14
1281 0
1282 2
1282 10
1283 10
1283 2
1284 1
1285 6
1286 7
1286 0
1287 0
1288 8
1289 9
1290 15
1291 4
1292 11
1293 12
1293 2
1294 8
1295 2
1296 12
1296 13
1297 2
1298 12
1299 6
1299 5
1300 2
1300 15
1301 4
1302 1
1302 10
1303 5
1304 7
1304 2
1305 12
1306 12
1306 1
1307 0
1307 2
1308 5
1309 10
1309 12
1310 9
1311 1
1312 9
1312 14
1313 13
1313 4
1314 13
1315 15
1316 2
1316 9
1317 14
1318 2
1319 4
1319 9
1320 2
1320 14
1321 12
1321 2
1322 15
1323 2
1323 9
1324 6
1325 3
1326 7
1327 15
1327 9
1328 5
1328 0
1329 3
1330 3
1331 11
1331 15
1332 2
1332 14
1333 7
1334 6
1335 11
1335 7
1336 14
1336 4
1337 8
1338 1
1339 6
1340 6
1340 3
1341 14
1342 14
1342 7
1343 12
1343 5
1344 5
1344 8
1345 0
1345 1
1346 8
1346 5
1347 5
1348 15
1348 6
1349 15
1350 8
1351 4
1352 8
1353 14
1354 9
1355 13
1356 10
1357 14
1358 7
1359 5
1360 2
1361 6
1361 1
1362 7
1362 2
1363 13
1364 2
1364 4
1365 3
1365 4
1366 15
1366 0
1367 14
1367 13
1368 7
1369 6
1369 7
1370 3
1370 13
1371 15
1371 7
1372 4
1373 1
1373 9
1374 1
1374 14
1375 2
1375 13
1376 3
1377 14
1377 7
1378 8
1378 15
1379 13
1380 13
1380 5
1381 12
1381 0
1382 15
1383 0
1383 9
1384 11
1385 1
1385 14
1386 11
1386 0
1387 7
1388 4
1388 13
1389 4
1389 5
1390 6
1390 4
1391 11
1391 10
1392 13
1393 0
1393 7
1394 13
1394 7
1395 11
1395 6
1396 7
1396 9
1397 2
1398 0
1399 4
1399 1
1400 0
1400 7
1401 6
1401 12
1402 8
1403 1
1404 5
1405 2
1405 8
1406 11
1406 13
1407 3
1408 13
1409 12
1409 2
1410 11
1410 9
1411 0
1411 12
1412 11
1413 5
1414 3
1415 7
1416 2
1416 3
1417 15
1417 9
1418 10
1418 5
1419 13
1420 11
1420 13
1421 2
1421 15
1422 12
1422 5
1423 0
1423 5
1424 13
1425 6
1426 8
1427 13
1427 10
1428 11
1429 4
1430 8
1430 12
1431 15
1431 13
1432 9
1433 2
1433 5
1434 5
1435 3
1436 4
1436 12
1437 11
1438 15
1439 10
1439 8
1440 10
1441 8
1441 3
1442 2
1443 2
1443 9
1444 11
1445 10
1445 14
1446 3
1447 11
1447 14
1448 15
1448 12
1449 12
1449 7
1450 6
1450 12
1451 6
1451 13
1452 7
1453 14
1454 12
1454 7
1455 12
1455 2
1456 1
1457 12
1457 6
1458 8
1458 15
1459 15
1460 2
1460 10
1461 0
1461 3
1462 3
1463 12
1464 2
1465 15
1466 6
1466 5
1467 15
1467 9
1468 11
1468 0
1469 11
1470 6
1471 3
1471 1
1472 2
1473 3
1473 6
1474 14
1474 3
1475 5
1475 15
1476 7
1476 15
1477 12
1478 13
1479 12
1479 1
1480 15
1480 3
1481 13
1482 14
1482 1
1483 8
1483 3
1484 14
1484 7
1485 10
1486 4
1487 2
1488 12
1489 5
1489 10
1490 2
1491 1
1492 2
1492 10
1493 15
1494 15
1494 12
1495 1
1495 2
1496 6
1497 12
1498 6
1499 3
1500 11
1501 12
1501 14
1502 8
1502 9
1503 12
1503 15
1504 9
1505 5
1506 6
1507 0
1507 5
1508 6
1508 1
1509 2
1510 14
1511 6
1512 5
1513 2
1513 10
1514 10
1515 0
1515 3
1516 3
1517 12
1517 15
1518 4
1518 1
1519 7
1519 0
1520 12
1521 5
1521 11
1522 10
1523 8
1524 14
1524 7
1525 2
1526 7
1526 3
1527 7
1527 9
1528 14
1528 12
1529 0
1529 8
1530 8
1531 10
1532 12
1533 8
1534 0
1534 6
1535 12
1536 9
1537 6
1537 0
1538 1
1538 3
1539 4
1540 2
1541 5
1542 10
1543 6
1543 4
1544 1
1544 0
1545 7
1546 2
1547 10
1548 5
1548 4
1549 0
1550 12
1550 15
1551 7
1552 11
1552 14
1553 0
1553 2
1554 9
1555 9
1556 11
1556 2
1557 4
1557 0
1558 9
1558 12
1559 0
1559 8
1560 7
1561 13
1562 15
1562 8
1563 9
1564 10
1564 15
1565 7
1565 0
1566 11
1567 6
1568 7
1569 0
1570 0
1570 8
1571 9
1572 10
1573 1
1574 9
1575 5
1576 11
1577 2
1578 4
1578 12
1579 0
1580 8
1580 12
1581 14
1581 1
1582 7
1583 13
1584 2
1584 3
1585 3
1585 12
1586 15
1587 8
1588 10
1588 7
1589 14
1590 13
1591 4
1591 0
1592 0
1593 12
1594 7
1595 14
1595 2
1596 11
1597 0
1598 10
1599 3
1600 5
1601 8
1602 6
1603 2
1603 7
1604 12
1604 5
1605 5
1605 6
1606 6
1607 3
1608 14
1609 11
1610 13
1611 1
1611 7
1612 14
1613 3
1614 7
1615 7
1616 11
1616 12
1617 14
1617 2
1618 10
1619 0
1620 11
1620 3
1621 2
1622 2
1623 7
1623 6
1624 1
1624 6
1625 9
1625 8
1626 4
1627 15
1628 2
1628 7
1629 3
1630 9
1631 9
1632 5
1632 12
1633 5
1633 15
1634 10
1635 12
1636 10
1637 10
1637 4
1638 11
1639 8
1639 13
1640 12
1640 11
1641 1
1641 15
1642 14
1643 8
1644 10
1644 11
1645 10
1646 2
1647 10
1648 0
1648 10
1649 1
1650 6
1650 9
1651 7
1651 6
1652 5
1653 9
1654 15
1655 10
1656 5
1657 4
1658 12
1658 4
1659 14
1660 3
1660 15
1661 12
1662 14
1662 9
1663 9
1663 10
1664 7
1665 4
1666 1
1666 5
1667 0
1667 10
1668 5
1668 14
1669 7
1669 3
1670 4
1671 1
1671 10
1672 5
1673 13
1674 1
1674 12
1675 12
1675 0
1676 15
1677 7
1677 1
1678 15
1679 15
1680 8
1680 13
1681 4
1681 10
1682 3
1682 0
1683 8
1683 11
1684 14
1684 15
1685 14
1686 14
1687 4
1688 9
1688 6
1689 13
1689 10
1690 1
1691 11
1692 2
1693 15
1693 4
1694 6
1695 9
1695 12
1696 5
1697 10
1698 13
1698 12
1699 3
1700 5
1700 7
1701 12
1702 2
1703 10
1703 3
1704 4
1704 3
1705 15
1705 1
1706 6
1707 5
1707 7
1708 7
1708 14
1709 7
1710 11
1711 13
1711 0
1712 6
1713 2
1713 5
1714 9
1715 9
1715 15
1716 7
1717 3
1718 15
1719 8
1720 11
1720 7
1721 12
1721 15
1722 7
1722 1
1723 7
1724 14
1725 6
1725 2
1726 5
1726 9
1727 15
1727 3
1728 3
1728 14
1729 15
1730 8
1730 15
1731 2
1731 8
1732 5
1732 12
1733 9
1734 9
1735 12
1736 3
1736 0
1737 1
1738 2
1739 1
1739 5
1740 15
1740 10
1741 14
1741 8
1742 11
1742 1
1743 2
1743 13
1744 1
1744 0
1745 13
1746 10
1747 15
1747 14
1748 10
1748 15
1749 14
1750 9
1751 11
1751 2
1752 0
1752 13
1753 5
1754 9
1754 6
1755 2
1755 3
1756 0
1757 6
1757 2
1758 5
1759 4
1760 2
1760 9
1761 5
1761 3
1762 15
1763 13
1763 14
1764 12
1764 3
1765 14
1765 13
1766 9
1767 4
1767 15
1768 0
1769 3
1769 6
1770 5
1771 6
1772 12
1772 3
1773 7
1774 8
1775 10
1776 3
1777 11
1777 15
1778 10
1779 13
1779 10
1780 12
1780 2
1781 1
1781 4
1782 7
1783 14
1784 9
1784 12
1785 3
1786 10
1787 0
1787 1
1788 6
1788 15
1789 12
1790 9
1791 9
1791 11
1792 3
1793 7
1794 8
1794 9
1795 11
1796 2
1796 9
1797 5
1797 7
1798 0
1799 1
1799 11
1800 12
1800 7
1801 9
1801 7
1802 1
1802 13
1803 12
1804 13
1805 15
1805 13
1806 7
1807 14
1808 13
1808 3
1809 13
1810 14
1810 6
1811 2
1812 9
1813 14
1813 12
1814 6
1814 8
1815 6
1816 7
1816 8
1817 9
1818 15
1819 9
1819 15
1820 0
1820 6
1821 0
1822 7
1823 5
1823 14
1824 15
1825 6
1826 5
1826 15
1827 4
1827 3
1828 6
1828 12
1829 15
1829 0
1830 4
1830 2
1831 11
1831 13
1832 11
1833 4
1834 11
1835 15
1836 2
1837 3
1838 1
1839 9
1840 5
1841 0
1842 9
1842 8
1843 2
1843 1
1844 9
1845 6
1845 14
1846 1
1846 9
1847 4
1847 9
1848 2
1848 4
1849 3
1850 5
1851 11
1851 12
1852 14
1852 5
1853 6
1854 0
1855 3
1856 4
1856 6
1857 9
1857 8
1858 12
1858 6
1859 7
1860 9
1861 4
1862 2
1862 8
1863 12
1863 2
1864 11
1864 12
1865 3
1866 7
1866 15
1867 7
1868 0
1868 6
1869 5
1870 6
1871 13
1871 4
1872 0
1872 8
1873 4
1873 8
1874 13
1875 3
1875 8
1876 2
1877 9
1877 13
1878 10
1878 14
1879 10
1880 3
1881 7
1882 15
1883 2
1884 14
1884 10
1885 15
1885 12
1886 8
1886 12
1887 6
1888 15
1889 4
1889 3
1890 13
1891 9
1892 3
1892 4
1893 9
1893 10
1894 8
1894 10
1895 12
1896 1
1897 7
1897 2
1898 4
1899 13
1900 14
1901 2
1901 9
1902 5
1902 0
1903 13
1903 14
1904 9
1905 10
1906 3
1906 14
1907 1
1907 4
1908 15
1909 0
1910 4
1911 3
1912 1
1912 11
1913 9
1914 15
1915 3
1915 10
1916 10
1917 7
1918 7
1919 10
1920 8
1920 6
1921 7
1921 8
1922 15
1923 3
1923 5
1924 0
1924 3
1925 11
1926 4
1926 15
1927 12
1927 4
1928 7
1929 3
1930 1
1931 3
1931 5
1932 4
1932 13
1933 14
1934 1
1935 11
1935 5
1936 5
1936 6
1937 13
1938 7
1939 4
1940 0
1941 2
1941 13
1942 11
1943 4
1943 11
1944 13
1944 14
1945 5
1946 9
1946 10
1947 11
1947 14
1948 5
1949 8
1950 9
1951 0
1952 11
1952 13
1953 14
1953 4
1954 7
1954 5
1955 15
1956 13
1956 12
1957 6
1957 2
1958 3
1959 5
1959 1
1960 5
1961 4
1961 15
1962 4
1962 0
1963 12
1963 11
1964 7
1964 6
1965 2
1965 5
1966 0
1966 2
1967 12
1967 13
1968 13
1968 11
1969 6
1969 15
1970 2
1970 15
1971 3
1972 2
1973 6
1974 4
1974 2
1975 8
1975 15
1976 11
1977 15
1977 8
1978 0
1978 6
1979 9
1980 4
1980 11
1981 14
1981 12
1982 1
1982 11
1983 3
1984 5
1985 6
1985 10
1986 10
1987 8
1987 15
1988 7
1988 3
1989 10
1990 4
1990 15
1991 13
1992 4
1993 12
1993 3
1994 14
1995 0
1995 5
1996 4
1997 3
1998 6
1998 4
1999 9
1999 1
2000 0
2000 5
2001 12
2002 3
2002 15
2003 13
2003 6
2004 3
2005 14
2006 15
2006 4
2007 9
2008 9
2009 10
2009 5
2010 7
2010 13
2011 10
2012 13
2013 9
2013 10
2014 8
2015 4
2015 1
2016 11
2017 0
2018 9
2019 14
2020 1
2020 2
2021 13
2021 8
2022 1
2022 11
2023 3
2024 15
2025 2
2026 15
2026 0
2027 0
2027 8
2028 8
2029 3
2030 13
2030 11
2031 15
2032 0
2032 8
2033 7
2033 13
2034 14
2035 7
2035 2
2036 10
2037 2
2038 2
2038 11
2039 2
2039 12
2040 14
2041 8
2042 15
2042 13
2043 9
2043 11
2044 1
2045 3
2046 8
2046 11
2047 4
