0 1000
1 0010
2 0200
3 8000
4 0002
5 0001
6 0008
7 0002
8 0004
9 4000
10 2000
11 4000
12 0002
13 1000
14 0800
15 0020
16 4000
17 0020
18 0040
19 2000
20 0040
21 0002
22 8000
23 0002
24 0008
25 1000
26 0400
27 4000
28 0004
29 8000
30 0800
31 0100
32 0100
33 0004
34 0200
35 1000
36 0008
37 0008
38 0004
39 2000
40 0004
41 0800
42 0400
43 0010
44 0004
45 0001
46 0002
47 0010
48 0002
49 1000
50 0400
51 0002
52 0020
53 1000
54 0001
55 0001
56 0200
57 0800
58 0001
59 1000
60 1000
61 4000
62 1000
63 0200
64 0080
65 0001
66 0010
67 1000
68 8000
69 0010
70 0100
71 0200
72 0200
73 0002
74 2000
75 4000
76 0002
77 0800
78 8000
79 0040
80 8000
81 0040
82 0100
83 0080
84 8000
85 4000
86 4000
87 0010
88 0800
89 0001
90 1000
91 0800
92 4000
93 1000
94 0001
95 0008
96 0800
97 0001
98 0080
99 1000
100 0080
101 0080
102 4000
103 0004
104 0020
105 0008
106 0800
107 0100
108 4000
109 0002
110 0010
111 0100
112 0100
113 0001
114 0080
115 0100
116 0040
117 0002
118 1000
119 2000
120 0002
121 8000
122 0040
123 0010
124 0001
125 0010
126 2000
127 2000
128 4000
129 0001
130 0800
131 8000
132 4000
133 0400
134 0080
135 0400
136 0002
137 1000
138 0400
139 1000
140 0400
141 0080
142 0100
143 0001
144 0100
145 0800
146 0008
147 0800
148 0001
149 2000
150 0010
151 0001
152 0020
153 0100
154 8000
155 0040
156 0004
157 4000
158 0001
159 0004
160 0004
161 0004
162 0010
163 0200
164 4000
165 0002
166 0008
167 0800
168 0200
169 4000
170 0800
171 0080
172 0100
173 0010
174 0800
175 0004
176 0800
177 0100
178 0200
179 0010
180 0100
181 0008
182 0001
183 2000
184 0004
185 0400
186 0080
187 0008
188 0008
189 0080
190 0400
191 0200
192 0100
193 8000
194 0400
195 4000
196 0800
197 0020
198 8000
199 0080
200 8000
201 0080
202 0800
203 0080
204 0400
205 0020
206 0010
207 4000
208 0040
209 8000
210 0080
211 0004
212 0080
213 0200
214 0008
215 2000
216 0002
217 0010
218 0008
219 2000
220 0010
221 0004
222 0100
223 0080
224 0020
225 0100
226 0004
227 0080
228 8000
229 0200
230 0004
231 0020
232 0080
233 2000
234 0080
235 0008
236 0040
237 0004
238 8000
239 0100
240 0100
241 0100
242 2000
243 0100
244 0008
245 0001
246 0200
247 1000
248 0002
249 0400
250 0040
251 0400
252 0008
253 0800
254 0010
255 0002
256 0008
257 4000
258 0400
259 8000
260 0080
261 4000
262 4000
263 0040
264 0100
265 0400
266 0002
267 0020
268 0008
269 0004
270 0080
271 0001
272 4000
273 2000
274 0800
275 0020
276 0020
277 4000
278 0080
279 4000
280 0040
281 0004
282 0020
283 0008
284 0008
285 0100
286 0010
287 0040
288 0004
289 0020
290 0080
291 0080
292 0040
293 4000
294 0100
295 8000
296 0400
297 0008
298 0001
299 0004
300 0010
301 0100
302 2000
303 4000
304 2000
305 0100
306 0040
307 0020
308 0020
309 8000
310 4000
311 0002
312 4000
313 1000
314 0800
315 1000
316 0020
317 0200
318 0080
319 0010
320 0040
321 0001
322 1000
323 1000
324 0001
325 2000
326 8000
327 0100
328 0020
329 0020
330 0010
331 0100
332 0400
333 0800
334 4000
335 0004
336 0020
337 4000
338 1000
339 0001
340 0800
341 0001
342 0400
343 4000
344 0400
345 0800
346 0020
347 8000
348 0002
349 0001
350 0001
351 4000
352 0008
353 0100
354 0002
355 0008
356 2000
357 0400
358 0002
359 1000
360 8000
361 0008
362 0020
363 2000
364 0001
365 8000
366 0004
367 0200
368 2000
369 0200
370 0004
371 1000
372 0002
373 0010
374 0080
375 0040
376 0100
377 0001
378 0010
379 0020
380 0008
381 0020
382 0100
383 0001
384 0400
385 1000
386 0001
387 2000
388 0400
389 8000
390 0200
391 0200
392 0004
393 0400
394 0040
395 0800
396 0080
397 0004
398 0010
399 4000
400 0100
401 0400
402 0040
403 0040
404 0008
405 8000
406 0800
407 0200
408 2000
409 0001
410 0020
411 8000
412 0400
413 0400
414 0004
415 4000
416 0002
417 0008
418 1000
419 0100
420 2000
421 0008
422 0100
423 1000
424 0010
425 0200
426 4000
427 0800
428 1000
429 0100
430 0001
431 8000
432 0100
433 0400
434 0200
435 0020
436 0020
437 0200
438 0020
439 0200
440 0008
441 0001
442 0800
443 8000
444 0010
445 0100
446 0200
447 0200
448 0100
449 0002
450 0080
451 0800
452 0200
453 0080
454 0040
455 0400
456 1000
457 0200
458 0008
459 0800
460 0020
461 0004
462 0001
463 0010
464 0020
465 0001
466 0008
467 2000
468 0400
469 0008
470 0800
471 0002
472 0010
473 0800
474 8000
475 0800
476 0040
477 0002
478 0800
479 4000
480 1000
481 0200
482 8000
483 0002
484 2000
485 0008
486 1000
487 0008
488 0010
489 2000
490 0200
491 0001
492 0040
493 0080
494 0040
495 8000
496 0010
497 4000
498 0100
499 0080
500 0001
501 0001
502 1000
503 0020
504 0008
505 0002
506 0100
507 0004
508 4000
509 0800
510 0080
511 0400
512 0200
513 0080
514 0100
515 0800
516 0200
517 0080
518 0001
519 0020
520 0020
521 0100
522 0100
523 0020
524 4000
525 2000
526 8000
527 0400
528 0100
529 0008
530 0010
531 2000
532 0008
533 0002
534 0001
535 0400
536 4000
537 0010
538 0800
539 0400
540 0200
541 0020
542 0040
543 0001
544 0002
545 0040
546 4000
547 0100
548 0008
549 0040
550 0020
551 0040
552 0100
553 0080
554 0200
555 0400
556 1000
557 0040
558 1000
559 0004
560 0001
561 2000
562 0004
563 0200
564 0040
565 4000
566 0001
567 8000
568 0010
569 4000
570 0002
571 0008
572 2000
573 0200
574 0008
575 0800
576 2000
577 8000
578 0800
579 0400
580 0400
581 0100
582 4000
583 0040
584 1000
585 0004
586 0010
587 4000
588 0100
589 0040
590 2000
591 0020
592 0001
593 0001
594 1000
595 8000
596 0040
597 0020
598 0100
599 2000
600 4000
601 0800
602 0010
603 0002
604 0400
605 2000
606 0010
607 0080
608 8000
609 0020
610 0800
611 1000
612 0010
613 0040
614 0020
615 4000
616 0004
617 0400
618 4000
619 0004
620 0080
621 0400
622 0008
623 4000
624 0004
625 0008
626 0400
627 0010
628 0080
629 0010
630 0020
631 0004
632 4000
633 0010
634 0040
635 0004
636 4000
637 0800
638 0080
639 0080
640 0010
641 0080
642 0800
643 0080
644 1000
645 2000
646 0100
647 4000
648 0008
649 0800
650 0008
651 0040
652 0080
653 0800
654 0001
655 0008
656 0040
657 0040
658 0020
659 0008
660 0400
661 0008
662 2000
663 0200
664 0100
665 0100
666 2000
667 0800
668 0001
669 0004
670 0800
671 0200
672 0400
673 0040
674 1000
675 0100
676 0400
677 0004
678 8000
679 0400
680 2000
681 8000
682 0004
683 0080
684 0001
685 0400
686 0800
687 0010
688 0008
689 0080
690 0080
691 0400
692 0001
693 0100
694 0001
695 4000
696 0001
697 0002
698 0080
699 0800
700 0004
701 0002
702 0020
703 0008
704 2000
705 0080
706 0200
707 0008
708 0800
709 0008
710 0200
711 1000
712 0200
713 0010
714 0080
715 0008
716 0004
717 0400
718 2000
719 0002
720 2000
721 0040
722 0020
723 0800
724 0800
725 0004
726 0100
727 0040
728 0008
729 0004
730 0080
731 1000
732 1000
733 0040
734 0040
735 0010
736 1000
737 0020
738 0001
739 0200
740 0080
741 1000
742 0800
743 0020
744 0010
745 0004
746 0020
747 0020
748 0001
749 0200
750 0800
751 0100
752 1000
753 0020
754 0020
755 4000
756 0200
757 0800
758 0008
759 0400
760 2000
761 1000
762 0010
763 0002
764 4000
765 0800
766 4000
767 2000
768 0080
769 0002
770 0400
771 8000
772 0200
773 0004
774 0200
775 0040
776 4000
777 4000
778 8000
779 1000
780 0100
781 0004
782 0001
783 4000
784 0400
785 0020
786 1000
787 1000
788 2000
789 8000
790 0800
791 0040
792 0040
793 0080
794 0200
795 0100
796 0100
797 0100
798 0100
799 0004
800 0080
801 0800
802 0100
803 2000
804 1000
805 0010
806 0400
807 0400
808 0001
809 0001
810 0080
811 8000
812 0040
813 0020
814 8000
815 0100
816 0020
817 0008
818 0020
819 0002
820 0010
821 0080
822 2000
823 0400
824 0080
825 0001
826 0004
827 4000
828 2000
829 2000
830 0100
831 0100
832 0004
833 0080
834 0001
835 1000
836 0200
837 0040
838 4000
839 0001
840 0040
841 0004
842 0100
843 2000
844 0040
845 0008
846 0008
847 0020
848 0020
849 0001
850 0040
851 0010
852 0800
853 0004
854 4000
855 0004
856 0400
857 0080
858 0400
859 4000
860 0001
861 0020
862 0080
863 0040
864 0200
865 0010
866 0004
867 0400
868 4000
869 0800
870 0001
871 4000
872 0200
873 0020
874 0001
875 0100
876 0008
877 0004
878 0010
879 8000
880 4000
881 0080
882 4000
883 0008
884 0008
885 0001
886 0008
887 0080
888 8000
889 0100
890 0004
891 2000
892 0001
893 1000
894 0001
895 0020
896 0020
897 1000
898 0200
899 1000
900 0002
901 0004
902 0008
903 0200
904 0800
905 0200
906 0400
907 0040
908 8000
909 0020
910 0001
911 1000
912 0010
913 0008
914 0040
915 4000
916 0080
917 4000
918 0100
919 2000
920 0040
921 0100
922 1000
923 0010
924 0200
925 8000
926 0008
927 0400
928 4000
929 0400
930 0020
931 0020
932 4000
933 0800
934 0010
935 0200
936 8000
937 0002
938 0200
939 0008
940 0400
941 8000
942 0200
943 4000
944 0080
945 0002
946 0010
947 4000
948 0008
949 0001
950 1000
951 0100
952 0008
953 8000
954 8000
955 4000
956 0800
957 4000
958 0010
959 2000
960 0002
961 0010
962 0020
963 2000
964 0001
965 0020
966 4000
967 1000
968 0400
969 0200
970 0100
971 0800
972 0400
973 0200
974 2000
975 0010
976 4000
977 0200
978 4000
979 0200
980 0040
981 0400
982 0400
983 0400
984 0001
985 0020
986 0200
987 0010
988 0800
989 0400
990 4000
991 0040
992 0800
993 0008
994 0010
995 1000
996 0200
997 0800
998 0100
999 0004
1000 0008
1001 0008
1002 0002
1003 0080
1004 0010
1005 0004
1006 4000
1007 0400
1008 0002
1009 8000
1010 0200
1011 0080
1012 0002
1013 1000
1014 8000
1015 8000
1016 0040
1017 4000
1018 1000
1019 0080
1020 1000
1021 0100
1022 0010
1023 0002
1024 0001
1025 0002
1026 0001
1027 0004
1028 1000
1029 4000
1030 0040
1031 0100
1032 0008
1033 0100
1034 0800
1035 0040
1036 4000
1037 0008
1038 0008
1039 2000
1040 0010
1041 0008
1042 0400
1043 1000
1044 1000
1045 0010
1046 0020
1047 0008
1048 0020
1049 0001
1050 0040
1051 0040
1052 0001
1053 0200
1054 0004
1055 1000
1056 2000
1057 0800
1058 0010
1059 0020
1060 8000
1061 8000
1062 0400
1063 0080
1064 0001
1065 0001
1066 2000
1067 0010
1068 0010
1069 0400
1070 1000
1071 0001
1072 2000
1073 0008
1074 0800
1075 0008
1076 0800
1077 0400
1078 0080
1079 0004
1080 0200
1081 0400
1082 0200
1083 0080
1084 0010
1085 4000
1086 0040
1087 0002
1088 0400
1089 0010
1090 0400
1091 0002
1092 0002
1093 0100
1094 2000
1095 0200
1096 0080
1097 0020
1098 0080
1099 0040
1100 0200
1101 0200
1102 0002
1103 2000
1104 0080
1105 0010
1106 1000
1107 4000
1108 0080
1109 0008
1110 0020
1111 4000
1112 0020
1113 0010
1114 4000
1115 0400
1116 0004
1117 0400
1118 0080
1119 0800
1120 2000
1121 2000
1122 0010
1123 0400
1124 0400
1125 0100
1126 0400
1127 0100
1128 0040
1129 0080
1130 0010
1131 0001
1132 0800
1133 0020
1134 2000
1135 0010
1136 0020
1137 0200
1138 0100
1139 8000
1140 2000
1141 2000
1142 0080
1143 0010
1144 0001
1145 2000
1146 0040
1147 0200
1148 0100
1149 0400
1150 0001
1151 0100
1152 0004
1153 0004
1154 0008
1155 0008
1156 0020
1157 0001
1158 0004
1159 0800
1160 0001
1161 0040
1162 0002
1163 2000
1164 0800
1165 0002
1166 0008
1167 0100
1168 0001
1169 0040
1170 0001
1171 0008
1172 1000
1173 0080
1174 0200
1175 4000
1176 2000
1177 1000
1178 0020
1179 0080
1180 0004
1181 0800
1182 4000
1183 0080
1184 0010
1185 4000
1186 0200
1187 0040
1188 0001
1189 0004
1190 4000
1191 0008
1192 0080
1193 0200
1194 0200
1195 0080
1196 0010
1197 4000
1198 0008
1199 2000
1200 0200
1201 0400
1202 4000
1203 0008
1204 2000
1205 4000
1206 0010
1207 0002
1208 0002
1209 0200
1210 2000
1211 0001
1212 0010
1213 1000
1214 0004
1215 8000
1216 0400
1217 0020
1218 4000
1219 0080
1220 0020
1221 0400
1222 0080
1223 0200
1224 0001
1225 4000
1226 0800
1227 0001
1228 0100
1229 4000
1230 0001
1231 0800
1232 0400
1233 0800
1234 0100
1235 0200
1236 0004
1237 0020
1238 0080
1239 0800
1240 0020
1241 0002
1242 0040
1243 1000
1244 0080
1245 8000
1246 2000
1247 8000
1248 0004
1249 0004
1250 8000
1251 0040
1252 0004
1253 0080
1254 0400
1255 0002
1256 0080
1257 0001
1258 0080
1259 2000
1260 0004
1261 0004
1262 0004
1263 0200
1264 0400
1265 2000
1266 0020
1267 0100
1268 0800
1269 0008
1270 0800
1271 4000
1272 0010
1273 0200
1274 0010
1275 0100
1276 0040
1277 0020
1278 0080
1279 0008
1280 0080
1281 0004
1282 0008
1283 0020
1284 0020
1285 0002
1286 0001
1287 0008
1288 0008
1289 0010
1290 8000
1291 0040
1292 0400
1293 8000
1294 0010
1295 0010
1296 0200
1297 0040
1298 0004
1299 0400
1300 0010
1301 0002
1302 0200
1303 1000
1304 0010
1305 2000
1306 4000
1307 0008
1308 8000
1309 0020
1310 2000
1311 0004
1312 2000
1313 0080
1314 0020
1315 0010
1316 0020
1317 1000
1318 0200
1319 0001
1320 1000
1321 8000
1322 0040
1323 0001
1324 0020
1325 8000
1326 0002
1327 0008
1328 0400
1329 1000
1330 0010
1331 4000
1332 0004
1333 0400
1334 0040
1335 1000
1336 0001
1337 1000
1338 0020
1339 0800
1340 0002
1341 0010
1342 0002
1343 0400
1344 4000
1345 0800
1346 0008
1347 0080
1348 0040
1349 0008
1350 0001
1351 0400
1352 0002
1353 0001
1354 0004
1355 0004
1356 0200
1357 4000
1358 0001
1359 0100
1360 0020
1361 0004
1362 2000
1363 0080
1364 8000
1365 0200
1366 0020
1367 0100
1368 0200
1369 0002
1370 0200
1371 1000
1372 0008
1373 4000
1374 0010
1375 8000
1376 0080
1377 0020
1378 0200
1379 0080
1380 0020
1381 0800
1382 0080
1383 0400
1384 2000
1385 0200
1386 1000
1387 0080
1388 0010
1389 0001
1390 0002
1391 0200
1392 1000
1393 0020
1394 0010
1395 0100
1396 0080
1397 0010
1398 0080
1399 0020
1400 8000
1401 0100
1402 0001
1403 0020
1404 0400
1405 4000
1406 0800
1407 0080
1408 0020
1409 0002
1410 0080
1411 2000
1412 0400
1413 0400
1414 4000
1415 1000
1416 1000
1417 4000
1418 0040
1419 0004
1420 0010
1421 0400
1422 4000
1423 0002
1424 0008
1425 1000
1426 8000
1427 0002
1428 0800
1429 4000
1430 2000
1431 0008
1432 0080
1433 2000
1434 0002
1435 0010
1436 0400
1437 1000
1438 0100
1439 2000
1440 0200
1441 0010
1442 1000
1443 0004
1444 0200
1445 0008
1446 0040
1447 0200
1448 0100
1449 0020
1450 0100
1451 0010
1452 0080
1453 0001
1454 4000
1455 0020
1456 0400
1457 0200
1458 0010
1459 0002
1460 4000
1461 0008
1462 0010
1463 0200
1464 8000
1465 0002
1466 0004
1467 0080
1468 0001
1469 0100
1470 0200
1471 0001
1472 0004
1473 0400
1474 0080
1475 0001
1476 0800
1477 0004
1478 1000
1479 0040
1480 1000
1481 0008
1482 0002
1483 0008
1484 0020
1485 0400
1486 0800
1487 1000
1488 4000
1489 0008
1490 0008
1491 0002
1492 0008
1493 0008
1494 0800
1495 8000
1496 0004
1497 0002
1498 4000
1499 0200
1500 1000
1501 0040
1502 8000
1503 0400
1504 0010
1505 0020
1506 0040
1507 0008
1508 0200
1509 0040
1510 4000
1511 0010
1512 0002
1513 8000
1514 0040
1515 8000
1516 0200
1517 0400
1518 1000
1519 0004
1520 0004
1521 0004
1522 8000
1523 0040
1524 4000
1525 0004
1526 0800
1527 0100
1528 4000
1529 0010
1530 0200
1531 0001
1532 4000
1533 0004
1534 2000
1535 0040
1536 0010
1537 0800
1538 0004
1539 0001
1540 0040
1541 1000
1542 4000
1543 0002
1544 0001
1545 0002
1546 0800
1547 0100
1548 0004
1549 8000
1550 0800
1551 0004
1552 0010
1553 0400
1554 0400
1555 0020
1556 0001
1557 0080
1558 0400
1559 1000
1560 0100
1561 2000
1562 0100
1563 0001
1564 0800
1565 0020
1566 0400
1567 0004
1568 0010
1569 0004
1570 2000
1571 1000
1572 0004
1573 0010
1574 2000
1575 8000
1576 2000
1577 0100
1578 0001
1579 4000
1580 0800
1581 1000
1582 0001
1583 4000
1584 0800
1585 0002
1586 0200
1587 0004
1588 0080
1589 0800
1590 0004
1591 0010
1592 0010
1593 0200
1594 0200
1595 0400
1596 0100
1597 0020
1598 0020
1599 0020
1600 0200
1601 0100
1602 0100
1603 0080
1604 0010
1605 1000
1606 0800
1607 0100
1608 1000
1609 0020
1610 2000
1611 8000
1612 0001
1613 0400
1614 0001
1615 0040
1616 0008
1617 0100
1618 0080
1619 0200
1620 0200
1621 0400
1622 0010
1623 2000
1624 0080
1625 0004
1626 0040
1627 4000
1628 0001
1629 0020
1630 0400
1631 1000
1632 0200
1633 0008
1634 8000
1635 8000
1636 0800
1637 4000
1638 0200
1639 0004
1640 0080
1641 0040
1642 8000
1643 0100
1644 0800
1645 4000
1646 0010
1647 4000
1648 0200
1649 0400
1650 0100
1651 0040
1652 8000
1653 0040
1654 0200
1655 2000
1656 8000
1657 0400
1658 0040
1659 0001
1660 1000
1661 0800
1662 0002
1663 2000
1664 2000
1665 0004
1666 0008
1667 0040
1668 1000
1669 0002
1670 0400
1671 4000
1672 0004
1673 4000
1674 0008
1675 0080
1676 0040
1677 0400
1678 8000
1679 0800
1680 2000
1681 0004
1682 0080
1683 0004
1684 0002
1685 0200
1686 1000
1687 0400
1688 2000
1689 2000
1690 0080
1691 8000
1692 8000
1693 0020
1694 0001
1695 0004
1696 0200
1697 0040
1698 0400
1699 0400
1700 0004
1701 0100
1702 0040
1703 0800
1704 0008
1705 0001
1706 2000
1707 2000
1708 1000
1709 0008
1710 0001
1711 0400
1712 0200
1713 0020
1714 0001
1715 0002
1716 0100
1717 0100
1718 0002
1719 0400
1720 0100
1721 0020
1722 2000
1723 0080
1724 1000
1725 8000
1726 8000
1727 0200
1728 4000
1729 0400
1730 0010
1731 2000
1732 8000
1733 0002
1734 1000
1735 2000
1736 8000
1737 0008
1738 0004
1739 0010
1740 0002
1741 0800
1742 0100
1743 0040
1744 0001
1745 1000
1746 0010
1747 0200
1748 0020
1749 0040
1750 0008
1751 0400
1752 8000
1753 0008
1754 0100
1755 0040
1756 2000
1757 0400
1758 0008
1759 0010
1760 8000
1761 0080
1762 8000
1763 0400
1764 2000
1765 4000
1766 0004
1767 0001
1768 0800
1769 0020
1770 0020
1771 0002
1772 0001
1773 0080
1774 0400
1775 8000
1776 0002
1777 0400
1778 0010
1779 0020
1780 0020
1781 0004
1782 0004
1783 0100
1784 0020
1785 0002
1786 1000
1787 0002
1788 0200
1789 0800
1790 0080
1791 0100
1792 0008
1793 0004
1794 8000
1795 0800
1796 0200
1797 0002
1798 0008
1799 1000
1800 8000
1801 0080
1802 0080
1803 0800
1804 0080
1805 0200
1806 0040
1807 0100
1808 0004
1809 0100
1810 0020
1811 0020
1812 0200
1813 0080
1814 8000
1815 0800
1816 0002
1817 8000
1818 0010
1819 0100
1820 4000
1821 0010
1822 0010
1823 0008
1824 0010
1825 2000
1826 0002
1827 0010
1828 0080
1829 0400
1830 0020
1831 0008
1832 0004
1833 0040
1834 0001
1835 0080
1836 4000
1837 2000
1838 0400
1839 0004
1840 0800
1841 0020
1842 0020
1843 0040
1844 0008
1845 0004
1846 0010
1847 0040
1848 0002
1849 0004
1850 1000
1851 8000
1852 8000
1853 4000
1854 0004
1855 0020
1856 0200
1857 4000
1858 0800
1859 0008
1860 1000
1861 4000
1862 0008
1863 1000
1864 0080
1865 1000
1866 0010
1867 0008
1868 0008
1869 0400
1870 0010
1871 0200
1872 4000
1873 0800
1874 0400
1875 2000
1876 0008
1877 0002
1878 0010
1879 2000
1880 0200
1881 0200
1882 0400
1883 0020
1884 2000
1885 0080
1886 0080
1887 0400
1888 0004
1889 0200
1890 0002
1891 0040
1892 8000
1893 0001
1894 0800
1895 0100
1896 0001
1897 0200
1898 2000
1899 0008
1900 0080
1901 0200
1902 0040
1903 0100
1904 0002
1905 0800
1906 0010
1907 0001
1908 0080
1909 0008
1910 0100
1911 0100
1912 8000
1913 2000
1914 0002
1915 0800
1916 2000
1917 0040
1918 0010
1919 0200
1920 0100
1921 0010
1922 1000
1923 4000
1924 0040
1925 4000
1926 0200
1927 0040
1928 0400
1929 0001
1930 0002
1931 0800
1932 0400
1933 1000
1934 0040
1935 1000
1936 0040
1937 0001
1938 0002
1939 0001
1940 0004
1941 0004
1942 0008
1943 0020
1944 8000
1945 0040
1946 1000
1947 1000
1948 0040
1949 0008
1950 0400
1951 0040
1952 0002
1953 0002
1954 0400
1955 8000
1956 1000
1957 0020
1958 0001
1959 0002
1960 0008
1961 8000
1962 8000
1963 0800
1964 0400
1965 4000
1966 0400
1967 0040
1968 4000
1969 1000
1970 0400
1971 0200
1972 0001
1973 8000
1974 4000
1975 0100
1976 0400
1977 0200
1978 1000
1979 0040
1980 4000
1981 0010
1982 8000
1983 4000
1984 4000
1985 0010
1986 0020
1987 0040
1988 0010
1989 1000
1990 0008
1991 0400
1992 8000
1993 0008
1994 0200
1995 0800
1996 0004
1997 0040
1998 0010
1999 0400
2000 0200
2001 0040
2002 0100
2003 0010
2004 0020
2005 0008
2006 0008
2007 0020
2008 0800
2009 0080
2010 0001
2011 0004
2012 0080
2013 4000
2014 1000
2015 1000
2016 1000
2017 0002
2018 8000
2019 0010
2020 0020
2021 0020
2022 0001
2023 0008
2024 8000
2025 0040
2026 8000
2027 0004
2028 0080
2029 0004
2030 0080
2031 0001
2032 0004
2033 0004
2034 8000
2035 0100
2036 0008
2037 0004
2038 0002
2039 0080
2040 8000
2041 0800
2042 0020
2043 1000
2044 0040
2045 0004
2046 8000
2047 0002
