0 1000 1000
2 1000 1000
3 1000 0000
5 1000 1000
6 1000 1000
17 1000 0000
18 1000 1000
21 1000 1000
24 1000 1000
35 1000 1000
44 1000 1000
46 1000 1000
49 1000 0000
51 1000 1000
54 1000 0000
57 1000 1000
73 1000 1000
76 1000 1000
79 1000 1000
84 1000 1000
85 1000 1000
86 1000 0000
89 1000 1000
90 1000 1000
102 1000 0000
103 1000 0000
106 1000 1000
134 1000 1000
138 1000 1000
139 1000 1000
143 1000 0000
146 1000 1000
147 1000 1000
152 1000 1000
169 1000 0000
172 1000 1000
174 1000 1000
182 1000 1000
185 1000 0000
189 1000 1000
192 1000 1000
197 1000 1000
199 1000 1000
200 1000 0000
202 0020 0020
203 1000 1000
204 1000 0000
205 1000 1000
206 1000 0000
207 0002 0002
210 1000 1000
211 1000 1000
213 0040 0040
214 0001 0001
215 0800 0800
216 0300 0300
217 0400 0400
218 001c 001c
221 1002 1002
222 0020 0020
224 1003 1003
225 0080 0080
226 0004 0004
230 8002 8002
231 3000 3000
232 0008 0008
233 0040 0040
234 1000 1000
235 1100 1100
236 1020 0020
237 4000 4000
238 0201 0201
239 0100 0100
240 0002 0002
241 3000 3000
242 0e14 0e14
243 0180 0180
244 8000 8000
245 1160 1160
246 0008 0008
247 6001 6001
248 2e00 2e00
249 1136 1136
250 8001 8001
251 1040 1040
252 6782 6782
253 1800 1800
254 0024 0024
255 804a 804a
256 0080 0080
258 1008 0008
259 0802 0800
261 0118 0000
262 1224 0000
263 2000 0000
265 0040 0000
266 0c21 0021
267 0080 0000
268 c110 0110
269 2006 2006
270 1021 1021
271 1650 1650
272 2100 2100
273 30ee 30ee
274 c008 c008
275 0804 0804
276 1699 1699
277 0121 0121
278 a051 a051
279 5102 5102
280 ff7f ff7f
281 22a0 22a0
282 8c4f 8c4f
283 dfa8 dfa8
284 2051 2051
285 0086 0086
286 8c00 8c00
287 4148 4148
288 1280 1280
290 1000 0000
291 8000 8000
294 1000 0000
295 0004 0004
297 0020 0020
300 2800 2800
301 0011 0011
302 1000 1000
303 0408 0408
313 0002 0002
315 8000 8000
316 4000 4000
317 0001 0000
318 1113 0000
319 0634 0000
320 f16f 0000
321 efff 0000
322 7678 0000
323 ccee 0000
324 3510 0000
325 ce89 0000
326 0060 0000
327 0104 0000
328 dc02 1000
329 2210 0000
330 0080 0000
331 0408 0000
333 8044 0000
334 5000 0000
335 0021 0000
336 0002 0000
337 2800 0000
338 1010 1000
339 1150 1000
341 0600 0000
343 0010 0000
344 1009 0000
345 e7f7 0000
346 0a2e 0000
347 d5c0 0000
348 2208 0000
349 ccc0 0000
350 0024 0000
351 0001 0001
352 3376 3376
353 740c 640c
354 98b0 8880
355 0402 0000
356 f44c 0000
357 1800 0000
359 1113 0000
360 0624 0000
361 20c8 0000
362 9000 1000
363 200c 200c
366 7117 0000
367 0e68 0000
368 6080 0000
369 8c0b 0003
370 377c 377c
371 4880 4880
372 8008 8008
373 1000 1000
375 1000 1000
380 0203 0203
382 1000 1000
384 0020 0020
387 8000 8000
390 1000 1000
392 4000 0000
393 3322 0000
394 945d 0000
396 4b00 0000
397 24e2 0000
398 801c 0000
402 0400 0000
406 0001 0000
408 1000 1000
411 1000 1000
413 1000 1000
418 1010 1000
419 1000 0000
420 1000 0000
422 0800 0000
424 0208 0000
425 4002 0000
428 2000 0000
431 1000 1000
432 1000 0000
435 1000 0000
437 0100 0000
439 1000 1000
441 1000 1000
442 1000 1000
443 0080 0000
446 1000 1000
449 1000 1000
450 1000 1000
451 0004 0000
455 0020 0000
456 0400 0000
460 0040 0000
463 8011 0000
464 0200 0000
466 2000 0000
468 1000 0000
469 4008 0000
470 0100 0000
471 1800 1000
472 7311 7311
473 efff efff
475 0040 0040
476 1000 0000
477 ffff 1000
478 6010 0000
479 8e67 0000
480 14c8 1440
481 8188 8088
482 7657 0000
483 8dac 0000
484 765b 0000
485 0884 0000
486 0020 0000
487 ffff ffff
488 0108 0108
489 6404 0004
490 8000 0000
491 fc02 fc02
492 1080 0080
493 1013 1000
494 ac14 0010
495 0005 0005
496 0100 0000
497 f6b5 0000
498 ff7f ff7f
499 8cee 8cee
500 1000 1000
501 4019 4009
502 f77f 0000
503 eefe 0000
504 9089 1000
505 ffff ffff
506 0010 0000
507 0442 0000
510 4000 4000
511 0020 0000
512 0100 0000
513 0004 0000
515 1100 1100
518 1042 1042
521 8000 8000
522 0004 0004
523 2000 2000
524 0200 0200
525 1000 1000
527 0010 0010
528 4400 4400
529 1001 0001
532 1100 0100
533 7777 0000
534 ccfc 0000
535 3303 0000
536 dcdc 0000
537 1000 1000
538 0020 0000
539 0400 0000
542 1000 1000
543 1400 1400
547 1000 1000
548 1020 0020
549 3010 3010
550 c949 c949
551 17b6 17b6
552 6848 6848
553 979b 979b
554 0004 0004
555 0020 0020
556 1040 0040
557 6777 0000
558 dcc8 0000
559 0153 0153
560 ecac ecac
561 0240 0240
563 1050 0000
565 4127 0000
566 a680 0000
567 1858 0000
570 1004 1000
571 1000 1000
573 1000 1000
577 1001 1000
578 1100 0000
579 4632 0000
580 88c8 0000
581 dfb3 dfb3
582 1048 0048
583 3337 3337
584 ecc8 ecc8
587 6752 0000
588 1005 0000
589 0023 0000
590 b099 0000
591 7fee 0000
592 b163 3163
593 060c 060c
594 b990 b990
595 5028 4028
596 1000 0000
597 0100 0000
598 0002 0002
600 1000 1000
601 0400 0400
603 0004 0004
605 0001 0001
606 0100 0100
608 18c0 18c0
610 1000 1000
615 1000 1000
623 0040 0000
624 0801 0000
625 0400 0000
626 0080 0000
637 0102 0000
638 1000 0000
639 1000 1000
641 0004 0000
642 0008 0000
646 5000 1000
647 1000 1000
651 0020 0000
655 8000 0000
660 2400 0000
661 0a00 0000
663 0010 0000
664 0041 0000
666 0004 0000
671 0100 0000
672 0028 0000
674 1000 1000
681 0080 0000
682 4000 0000
684 0402 0000
686 8000 0000
692 1000 1000
694 1000 1000
702 0400 0400
704 1000 1000
705 1100 1100
708 0002 0002
711 9000 9000
712 1000 0000
713 1000 1000
714 1000 1000
716 4000 4000
718 1000 1000
719 0200 0200
720 0088 0088
721 1000 1000
722 1120 1120
724 1000 1000
725 1001 1001
726 1000 1000
727 3000 3000
728 1000 0000
729 0810 0810
730 1000 1000
733 9000 9000
735 0400 0400
736 1044 1044
737 1000 1000
738 1002 0002
739 0020 0020
742 1040 1040
743 5118 5118
744 2000 2000
745 0080 0080
747 0201 0201
748 1800 1800
750 1100 0000
752 6e10 0000
753 81e8 0000
754 4017 4000
755 3008 3000
756 1100 1100
757 bf7f bf7f
758 40d8 40d8
759 0226 0226
761 0801 0801
764 0500 0500
766 0008 0008
768 0400 0000
769 1000 1000
772 1000 1000
773 1000 0000
776 1000 1000
778 1000 1000
783 1000 1000
784 1000 0000
786 1000 1000
787 1000 0000
791 1000 1000
792 1200 1000
793 1000 0000
794 1000 1000
795 1000 1000
796 1000 0000
802 1000 1000
808 1000 1000
809 1000 1000
812 1002 0000
814 5000 1000
816 1200 1200
819 1000 1000
820 1000 1000
823 1000 1000
827 1000 1000
828 1000 0000
829 1000 0000
830 1000 1000
831 1000 1000
834 1000 1000
835 1000 0000
836 1000 1000
837 1000 1000
839 1000 1000
848 1000 1000
853 1000 0000
859 1000 1000
861 1000 0000
864 1000 1000
868 1000 1000
869 1000 0000
871 1000 1000
874 1000 1000
897 1000 1000
898 1000 0000
902 1000 1000
903 1000 0000
905 1000 1000
906 1000 1000
908 1000 0000
909 1000 1000
910 1000 1000
912 1000 1000
916 1000 1000
920 1002 1002
921 1000 0000
925 1000 1000
927 1000 0000
928 1000 1000
929 1000 0000
932 1000 1000
948 1000 1000
954 0002 0000
972 1000 0000
975 1000 1000
989 1000 1000
990 1000 1000
993 1000 1000
994 1000 0000
995 0002 0002
997 1000 1000
1001 1000 1000
1007 1000 1000
1009 1000 1000
1012 1000 1000
1013 1000 0000
1020 1000 1000
1021 0400 0400
1023 1400 1000
1024 1000 1000
1026 0040 0040
1027 1000 1000
1028 1000 1000
1030 8000 8000
1032 1000 1000
1033 1000 0000
1038 1000 1000
1041 1000 1000
1043 1000 1000
1044 0040 0000
1045 1000 1000
1047 6000 6000
1048 0710 0710
1049 0021 0021
1050 8880 8880
1051 1044 0044
1053 0008 0008
1054 8000 0000
1055 4100 0000
1056 0e40 0000
1057 2010 0000
1058 04e8 0000
1059 0040 0040
1060 2804 2000
1061 0001 0000
1062 1100 1100
1063 1600 0600
1064 1800 1800
1065 40c1 40c1
1066 0004 0004
1067 0118 0118
1068 9020 9020
1070 5102 0002
1071 a620 0000
1072 4c57 0000
1073 32a8 3000
1074 4304 4300
1075 ac77 ac77
1076 1c88 1c88
1077 4001 4001
1078 006e 006e
1080 1000 0000
1082 f500 0000
1083 3a68 3000
1084 8180 8100
1085 4a00 4a00
1086 84c0 84c0
1087 0400 0000
1089 0002 0000
1095 0002 0002
1096 1004 1000
1097 1000 0000
1098 0002 0000
1099 1000 1000
1100 1002 0002
1101 1000 1000
1103 0020 0020
1109 1000 1000
1110 1000 1000
1111 1000 0000
1112 2000 2000
1113 1000 1000
1115 1000 1000
1116 2000 0000
1117 0373 0100
1118 009c 0010
1119 2341 2341
1120 00ae 00ae
1122 a100 0000
1123 0020 0000
1124 a105 a101
1125 0024 0024
1126 1000 1000
1127 1400 0400
1129 0048 0048
1130 1010 1010
1131 43a6 43a6
1132 8808 8808
1134 3101 3101
1136 000a 000a
1138 8cf0 8cf0
1139 5204 5204
1141 0004 0000
1142 1604 1004
1143 0002 0000
1144 1308 1300
1145 354f 354f
1146 9010 8010
1147 1e20 1e20
1148 5082 5082
1149 1001 1001
1150 0004 0004
1151 3148 3148
1152 8000 8000
1153 1100 0000
1154 6215 0000
1155 dfff 0000
1156 3040 1000
1157 848a 0000
1158 1020 1000
1160 1000 1000
1164 0020 0020
1169 1000 1000
1175 0008 0008
1177 1002 1002
1178 e700 e700
1179 7fff 7fff
1180 80c2 80c2
1181 0008 0008
1183 0004 0004
1184 0100 0000
1185 4000 0000
1186 1006 1000
1187 4000 4000
1188 1000 1000
1189 7278 0000
1190 8400 0000
1191 0080 0000
1192 4800 0000
1193 0011 0011
1196 9000 9000
1197 7733 7733
1198 ffff ffff
1199 ffef ffef
1200 efff efff
1201 0804 0804
1202 146a 146a
1203 0080 0080
1207 0400 0000
1214 1000 1000
1216 1000 0000
1217 8014 8014
1218 2000 2000
1219 0140 0140
1220 0008 0008
1221 ff7f 0000
1222 6cc0 0000
1223 0109 0101
1224 600a 600a
1225 0c00 0c00
1228 a203 a200
1229 5c80 5c80
1230 0040 0040
1231 3113 0000
1232 7774 0000
1233 cccf 0000
1234 777b 7773
1235 98ce 98ce
1236 6731 6731
1237 08ce 08ce
1238 8040 8040
1239 0008 0008
1240 3111 0000
1241 ffff 0000
1242 ff7f 0000
1243 dece 0000
1244 2428 0000
1245 c984 0000
1246 1001 0000
1248 1042 1000
1249 0210 0000
1250 0800 0000
1251 0448 0000
1253 0004 0000
1255 10a0 0000
1259 8000 0000
1261 0006 0000
1262 4001 0000
1264 0200 0000
1265 1000 1000
1268 0400 0000
1269 1000 0000
1270 0110 0000
1271 1000 1000
1273 3000 1000
1274 1000 0000
1275 1048 1000
1278 1000 1000
1279 0800 0000
1280 1000 1000
1286 1000 0000
1289 1000 0000
1293 1000 1000
1294 1000 0000
1298 1000 1000
1299 0080 0000
1303 0400 0000
1304 0020 0000
1307 1000 1000
1308 1000 1000
1310 1000 1000
1311 1000 1000
1314 1000 1000
1315 1000 0000
1316 4000 0000
1317 1002 1000
1322 1000 1000
1324 1800 0000
1325 0004 0000
1328 0200 0000
1330 1000 0000
1331 1000 1000
1335 8000 0000
1338 1000 1000
1340 1000 1000
1342 1000 1000
1343 1000 0000
1345 1000 1000
1347 1000 0000
1349 1001 1000
1352 0010 0000
1353 1000 1000
1354 1000 0000
1356 1000 1000
1357 1000 0000
1361 2000 0000
1362 1400 1000
1369 1000 0000
1370 1000 1000
1373 0040 0000
1375 1000 1000
1376 0108 0000
1377 1000 1000
1380 1000 1000
1381 1000 1000
1389 1000 1000
1391 1200 1000
1394 1000 1000
1396 1000 0000
1411 0004 0000
1412 1000 1000
1414 1000 1000
1418 0020 0000
1419 1000 1000
1422 1002 1000
1423 1000 1000
1425 1800 0000
1426 1080 1000
1428 5000 0000
1431 0100 0000
1432 1041 1000
1434 2000 0000
1436 8208 0000
1437 0032 0000
1438 0400 0000
1439 0001 0000
1441 0004 0000
1442 0803 0003
1443 0010 0010
1444 4321 0321
1445 3116 3116
1446 1660 0660
1447 4809 4809
1448 1082 0082
1449 b56c b56c
1450 0890 0890
1451 4000 4000
1452 8000 8000
1453 0200 0200
1454 1000 1000
1455 1000 1000
1458 1000 1000
1461 1000 1000
1463 1000 0000
1464 2000 2000
1476 0100 0100
1478 0008 0008
1480 0400 0400
1482 9000 9000
1487 0004 0004
1494 0100 0100
1498 0001 0001
1504 0200 0200
1510 1000 1000
1513 1000 1000
1514 1000 0000
1517 0010 0010
1518 1000 1000
1522 0800 0800
1523 1000 1000
1537 0002 0002
1540 1000 0000
1543 4000 4000
1545 0040 0040
1548 0080 0080
1554 1000 0000
1557 8000 0000
1558 5810 1000
1559 2040 0000
1560 0010 0010
1563 2000 2000
1564 0800 0800
1565 1040 1040
1568 1000 1000
1569 9000 8000
1575 1000 1000
1579 4000 4000
1581 1000 1000
1582 0020 0020
1583 1000 1000
1584 1000 0000
1585 1000 0000
1591 1000 1000
1593 1000 1000
