6 0040 0040
31 0080 0080
41 0004 0004
65 0080 0000
72 0080 0000
86 0080 0000
159 0400 0400
162 0400 0400
212 0400 0400
218 0400 0400
230 0200 0200
231 0010 0010
234 1100 1100
236 0080 0080
237 0800 0800
238 8000 8000
239 4000 4000
240 0020 0020
242 0040 0040
245 0100 0100
246 0005 0005
248 2000 2000
250 0002 0002
255 0001 0001
260 0008 0008
262 8400 8400
266 1190 1190
269 8800 8800
271 4001 4001
272 0224 0224
273 0440 0440
276 2006 2006
277 0100 0100
278 0020 0020
279 0080 0080
280 0010 0010
281 0008 0008
285 0200 0200
286 1041 1041
287 0404 0404
288 8120 8120
289 0800 0800
290 4012 4012
292 2000 2000
294 0208 0208
295 0040 0040
296 0490 0480
297 0301 0000
298 8080 8000
299 3432 0000
300 014c 0000
301 6ea2 0000
302 8088 0000
303 0004 0000
304 c8c0 0000
305 0004 0004
314 1101 1101
315 0032 0032
316 1315 1315
317 2062 2062
318 7fff 7fff
319 d734 d734
320 88c8 88c8
321 ed27 ed27
322 12d8 12d8
323 8404 8404
324 4800 4800
325 0080 0080
326 8400 8400
327 2000 2000
328 0008 0008
331 0002 0002
332 0001 0001
333 2000 0000
334 8000 0000
335 ec00 0000
336 0090 0010
337 0101 0101
338 3024 3024
339 ce42 ce42
340 9180 9180
341 6c30 6c30
342 82c4 82c4
343 0c08 0c08
344 4001 4001
345 2072 2072
346 1984 1984
348 8000 8000
349 0400 0400
352 3100 0000
353 f710 0000
354 ffe5 0000
355 ff72 0000
356 ffff 0000
357 8fff 0000
358 78ef 0000
359 cfff 0000
360 0106 0000
361 3888 0000
362 8451 0000
363 732e 0000
364 0c00 0000
365 8005 0000
366 03fa 0000
367 4080 0000
368 0804 0000
369 1481 0000
370 a00a 0000
371 0300 0000
372 00d0 0000
373 4024 0000
374 0c00 0000
375 0001 0000
376 1000 0000
377 a24a 0000
378 0100 0000
380 0090 0000
381 1084 0000
383 0ca8 0000
384 4100 0000
385 2000 0000
386 0001 0000
389 0282 0000
390 8000 0000
391 0004 0000
394 00c0 0000
396 0800 0000
397 0001 0001
398 0307 0307
399 0173 0173
400 1336 1336
401 7fff 7fec
402 fda1 ec80
403 cb76 c800
404 ffc8 8000
405 e424 0000
406 8a20 0020
407 0008 0000
408 d000 0000
411 0121 0120
413 0030 0000
414 8103 8000
415 12ec 0000
416 2c81 0001
417 c004 0004
418 0002 0002
421 0080 0080
422 0200 0200
423 0080 0000
424 0003 0000
425 0194 0080
426 0261 0000
427 0186 0000
428 945c 0000
429 6aa8 0000
430 5001 0001
431 8d80 0000
432 2040 0000
433 0105 0104
434 c040 0040
435 7408 7408
436 0800 0800
437 9040 8000
438 0104 0000
439 2c08 0000
440 c000 0000
444 0010 0000
446 7310 7310
447 bf77 bf77
448 5fff 5fff
449 efef efef
450 8c08 8c08
451 0004 0004
453 0303 0000
454 1450 0000
455 69ac 0000
456 0280 0000
457 0011 0000
458 004a 0000
459 9700 0000
460 2084 0000
461 4800 0000
462 0080 0000
463 0028 0000
464 0011 0000
465 1142 0000
466 c635 0000
467 28c9 0001
468 0020 0020
469 33d0 33d0
470 cddf cddf
471 0820 0820
472 8150 0000
473 ffef 0000
474 7733 0000
475 88cc 0000
476 000a 0000
477 b302 b302
478 0444 0444
479 2108 0008
480 1664 0000
481 480a 0000
482 a081 0000
483 075c 0000
484 9000 0000
485 0080 0000
486 6c22 0000
487 93dc 0000
489 0a23 0000
490 6590 0000
491 904f 0000
492 0020 0000
493 0800 0000
494 0284 0000
495 0008 0000
498 ffbc ffbc
499 5240 5240
500 ad22 ad22
501 57ec 57ec
502 02d7 02d7
503 0028 0028
504 0007 0007
505 8010 8010
506 0002 0002
507 090d 090d
508 2540 2540
509 0080 0080
510 0031 0031
511 0080 0000
513 2000 0000
514 8140 0000
515 8c00 8000
516 6410 6400
517 1900 1900
518 b6d4 b6d4
519 4921 4921
520 000a 000a
521 5014 0014
522 0080 0080
523 1000 1000
524 c014 c000
525 bff4 bff4
526 070b 070b
527 1104 0004
528 6735 0000
529 dcce 0000
530 0020 0000
531 0210 0000
532 a888 0000
539 0001 0000
540 0002 0000
541 0040 0000
542 0104 0000
545 4000 0000
546 0020 0000
553 1400 0000
555 9000 1000
556 8000 8000
557 0400 0400
559 0020 0020
561 4080 4080
563 0080 0000
564 0080 0000
565 17b0 0000
566 0008 0000
567 1738 1738
568 0041 0041
569 0082 0082
570 0200 0200
571 0020 0020
573 8014 8014
574 2000 2000
578 0013 0000
579 0024 0000
580 081b 0813
581 002c 002c
582 0004 0004
584 0400 0400
588 1000 1000
590 2000 0000
591 8800 0000
594 a000 a000
598 3404 0000
600 0020 0000
601 0200 0000
603 8000 0000
604 0088 0000
607 0040 0000
608 0082 0000
609 0001 0000
610 0114 0000
611 366a 0000
612 d98d 1001
613 43be 43be
614 3c40 3c40
615 8089 8089
616 0404 0404
619 013f 0000
620 34c0 0000
621 0a8c 0000
622 d521 0000
623 28c0 0000
625 8081 0001
626 0157 0157
627 16a8 16a8
628 e800 e800
629 d500 d500
630 2000 2000
632 0080 0000
646 0100 0000
647 4000 0000
657 3428 0000
658 0001 0000
659 8080 0000
664 0020 0020
672 2000 2000
674 1700 1700
675 8000 8000
676 0200 0000
677 0500 0000
678 1080 0000
679 8000 0000
680 0020 0000
685 2000 0000
688 0040 0000
690 0080 0000
692 0020 0020
693 0004 0000
695 2040 2040
697 1000 1000
698 0200 0200
701 0080 0080
704 8400 8400
705 0101 0101
711 0004 0004
719 8000 0000
721 4300 0000
722 bcc1 0000
724 0020 0000
725 0015 0000
726 0102 0000
727 0088 0000
729 f900 f900
730 4630 4630
731 01c9 01c9
732 0006 0006
733 1801 1801
734 242c 242c
735 8000 8000
736 0010 0010
737 0100 0100
738 0002 0002
739 80c0 80c0
743 0600 0600
746 0800 0800
747 4000 4000
748 0020 0020
749 1000 1000
753 0001 0001
755 001e 001e
757 8000 8000
759 0400 0400
760 0080 0080
761 2000 2000
766 0080 0000
767 00c0 00c0
768 1000 1000
769 0320 0320
771 0262 0000
772 0004 0000
774 1008 0000
775 0080 0000
781 0002 0002
782 0020 0020
787 0004 0004
788 1000 0000
789 2000 0000
791 0100 0000
794 4000 0000
796 8080 0000
798 0600 0000
801 0100 0000
811 0010 0000
817 0100 0100
819 0004 0000
823 0010 0010
826 0008 0008
835 0010 0000
845 0020 0000
846 0800 0000
852 0010 0000
854 0001 0000
860 0102 0000
861 0080 0000
863 0080 0080
864 4010 4000
865 0080 0000
867 0020 0000
868 1000 1000
869 4040 0000
874 0200 0000
875 0002 0000
878 0001 0000
879 2020 2000
880 0600 0200
881 0044 0040
882 0008 0000
883 4000 4000
885 8000 8000
886 0100 0100
890 8000 8000
892 0080 0080
893 0040 0000
894 0100 0100
897 1004 1000
899 0400 0400
900 0080 0000
901 0010 0010
902 0204 0200
903 0080 0000
904 0100 0100
906 0008 0000
909 0030 0030
911 0400 0400
912 0008 0000
913 0020 0020
915 0801 0801
919 0040 0040
920 0004 0004
921 0080 0080
923 0030 0030
924 0200 0200
926 0002 0002
927 0041 0041
929 0080 0080
934 0004 0004
940 0008 0008
948 0002 0002
961 0008 0008
964 0400 0400
965 0400 0000
978 0400 0400
982 0010 0000
987 1000 0000
989 2000 0000
993 4100 0000
994 2204 0004
996 8000 0000
997 0500 0000
999 0200 0000
1001 1c00 1000
1003 2000 2000
1004 0100 0100
1006 4860 4000
1007 0100 0100
1009 0080 0000
1010 9600 9600
1013 0884 0800
1015 0800 0800
1016 0020 0020
1017 20c8 20c0
1020 0488 0488
1023 0004 0004
1024 0080 0000
1037 0200 0200
1055 4000 4000
1070 8000 8000
1075 0100 0100
1082 0800 0800
1085 0001 0000
1086 0192 0080
1087 1225 0000
1088 2180 0000
1089 fece 0000
1090 41a0 0000
1092 8e50 0000
1093 4080 0000
1094 881e 0010
1095 0103 0103
1096 9214 9214
1097 00e0 00e0
1098 0502 0502
1099 4a0c 4a0c
1100 a0a1 a0a1
1101 1800 1800
1102 0400 0400
1103 0040 0040
1105 0008 0008
1106 4080 4080
1107 0008 0000
1109 4000 0000
1110 0090 0010
1111 0100 0100
1112 0223 0223
1113 14c4 14c4
1114 a908 a908
1116 4010 4010
1117 0400 0400
1119 8000 8000
1123 0500 0000
1124 810b 0103
1125 0025 0024
1126 1202 1200
1127 35ff 24c8
1128 4ae8 4800
1129 b5d4 8000
1130 4e88 0000
1131 e862 0000
1132 8480 0000
1133 4808 0000
1134 1004 0000
1135 0001 0000
1137 8200 0000
1143 2000 0000
1144 0080 0000
1148 2000 2000
1149 8000 8000
1150 4000 4000
1151 a800 a800
1152 d000 d000
1153 0c00 0c00
1154 0080 0080
1155 fe00 fe00
1156 4000 4000
1157 3c81 3c81
1158 97ca 97ca
1159 4b20 4b20
1160 2040 2040
1161 979c 979c
1162 4868 4868
1163 37b4 37b4
1164 0802 0802
1165 02cd 02cd
1166 1002 0002
1167 e200 0000
1168 0d00 0000
1169 fac8 0000
1170 800c 0000
1171 0400 0000
1172 0001 0001
1173 2010 2010
1174 1724 1724
1175 c08b c08b
1176 ff75 ff75
1177 2073 2073
1178 df8c df8c
1179 acff acff
1180 5244 5244
1181 0021 0021
1182 0908 0908
1187 1000 0000
1188 0100 0000
1189 4800 0000
1190 02c8 0000
1191 1001 0000
1192 6d24 0000
1193 821a 0000
1194 0080 0000
1195 4c60 0000
1196 b081 0000
1197 0b9c 0000
1199 4000 0000
1200 0028 0000
1201 8040 0000
1202 0002 0000
1205 1104 1100
1207 c6fc c6fc
1208 0002 0002
1209 7730 0000
1210 ffff 0000
1211 c7a7 0000
1212 3858 0000
1213 848e 0000
1214 4a80 0000
1215 0020 0000
1216 0040 0000
1217 0001 0000
1219 0001 0001
1222 0008 0000
1223 0080 0080
1225 1000 1000
1226 0620 0620
1227 2111 2111
1228 ffff ffff
1229 ff77 ff77
1230 ffff ffff
1231 efff efff
1232 1902 0802
1233 3399 0088
1234 ffff 0000
1235 efff 0000
1236 ccee 0000
1237 1a88 0000
1238 a0de 0000
1239 0400 0000
1241 0180 0000
1242 4001 0000
1243 0020 0000
1246 0008 0000
1252 0800 0000
1253 0200 0000
1255 1000 0000
1266 0004 0000
1268 8000 0000
1273 0080 0000
1303 0040 0000
1309 0040 0040
1321 c000 c000
1323 2000 2000
1324 0f00 0f00
1325 e000 0000
1327 0020 0020
1328 1f90 0090
1329 c004 0004
1330 0030 0000
1331 a9c9 8009
1332 0201 0000
1333 00ac 0000
1335 0016 0000
1336 0200 0200
1338 0900 0900
1340 1010 1010
1343 0080 0000
1345 0004 0004
1349 1080 0000
1350 c400 0000
1351 2b00 0000
1352 0400 0000
1353 0085 0000
1354 0030 0000
1355 0800 0000
1356 20ca 2000
1357 0005 0000
1358 8000 8000
1359 0408 0400
1360 0400 0400
1361 0020 0020
1362 0880 0880
1363 0040 0040
1364 0218 0218
1365 0500 0100
1366 0005 0005
1369 1302 0002
1370 e800 0000
1372 0230 0000
1373 04c2 0000
1374 0911 0000
1375 000c 0000
1376 5060 5000
1377 800e 8000
1378 2700 2700
1379 1800 1800
1380 f770 f770
1381 8966 8966
1382 1611 0611
1383 88fd 08fd
1384 0b2e 002e
1386 0032 0002
1387 2008 0008
1388 000a 0000
1390 00c4 0000
1397 0008 0000
1406 3004 3004
1407 7004 7000
1408 c300 c300
1409 af10 af10
1410 0c70 0c70
1411 b2f7 b2f7
1412 f18f f18f
1413 0f1c 0f1c
1414 feb8 0eb8
1415 25c5 00c5
1416 5a12 0002
1417 81ec 000c
1418 7fff 0000
1419 8cd3 0000
1420 02ec 0000
1421 18af 1000
1422 0040 0000
1423 0109 0100
1424 0220 0220
1425 0465 0461
1426 0206 0006
1428 1531 0000
1429 0040 0000
1431 0004 0000
1432 4022 0000
1434 8004 0000
1439 0080 0000
1442 0080 0000
1444 2000 0000
1445 4000 4000
1450 0500 0500
1456 0080 0000
1489 0080 0080
1499 0080 0000
1505 0008 0000
1534 2000 2000
1539 0080 0000
1540 0200 0000
1561 0091 0000
1569 0100 0000
1571 1100 1100
1572 3314 3310
1573 ff7f ff77
1574 eb9c eb9c
1575 94fb 84fb
1576 a935 8825
1577 ffff 00ce
1578 13cd 0000
1579 ef3a 0000
1580 ceef 0000
1581 00ee 0000
1582 1018 0000
1583 0800 0000
1585 8000 0000
1587 1000 1000
1592 0001 0000
