0 0001 0001
1 0001 0000
2 0001 0001
3 0001 0001
4 0001 0001
5 0001 0001
6 0001 0000
10 0001 0000
12 0001 0001
13 0001 0000
14 0001 0000
18 0001 0001
19 0001 0001
20 0001 0001
22 0001 0000
23 0001 0000
25 0001 0000
26 0001 0000
27 0001 0001
28 0001 0000
29 0001 0000
30 0001 0000
31 0001 0001
34 0001 0001
35 0001 0001
36 0001 0000
37 0001 0001
38 0001 0001
39 0001 0001
40 0001 0000
41 0001 0001
42 0001 0000
44 0001 0001
45 0001 0001
47 0001 0000
48 0001 0000
49 0001 0000
50 0001 0000
51 0001 0001
53 0001 0001
54 0001 0001
55 2000 2000
56 0001 0000
57 0001 0000
58 0001 0001
59 0001 0001
60 0001 0000
62 0001 0001
64 0001 0000
65 0001 0001
66 0001 0001
68 0001 0001
69 0001 0000
70 0001 0000
71 0001 0000
72 0001 0001
74 0001 0001
75 0001 0000
76 0001 0001
77 0001 0001
79 0001 0001
80 0001 0001
81 0001 0001
82 0001 0000
83 0001 0000
84 0001 0000
85 0001 0001
86 0001 0000
87 0001 0001
88 0001 0001
89 0001 0000
91 0001 0001
92 0001 0000
93 0001 0001
95 0001 0000
96 0001 0000
98 0001 0000
99 0001 0000
100 0001 0001
103 0001 0000
107 0001 0001
108 0001 0001
109 0001 0001
110 0001 0001
111 0001 0000
112 0001 0000
113 0001 0000
114 0001 0001
116 0001 0000
117 0001 0001
118 0001 0001
119 0001 0001
121 0001 0001
122 0001 0000
124 0001 0001
125 0001 0000
127 0001 0001
128 0001 0001
129 0001 0000
130 0001 0001
131 0001 0001
132 0001 0001
133 0001 0000
134 0001 0001
135 0001 0000
136 0001 0000
137 0001 0000
138 0001 0001
139 0001 0000
141 0001 0000
142 0001 0000
143 0001 0000
144 0001 0000
145 0001 0001
146 0001 0001
147 0001 0001
149 0001 0000
150 0001 0000
151 0001 0000
153 0001 0000
155 0001 0001
156 0001 0001
157 0001 0000
158 0001 0000
159 0001 0001
160 0001 0000
161 0001 0001
162 0101 0101
163 0001 0001
164 0001 0001
166 0001 0001
167 0001 0000
168 0001 0001
169 0001 0000
170 0001 0000
171 0001 0000
172 0001 0000
173 0001 0001
174 0001 0001
175 0001 0000
176 0001 0000
177 0001 0000
179 0001 0000
180 0001 0000
183 0001 0001
184 0001 0000
185 0001 0000
186 0001 0001
187 0001 0001
189 0001 0000
190 0001 0001
191 0001 0001
193 0001 0001
194 0001 0001
195 0001 0000
196 0001 0000
197 0001 0001
198 0001 0000
199 0001 0001
200 0001 0000
201 0001 0000
202 0001 0000
203 0001 0001
205 0001 0000
207 0001 0001
208 0001 0000
209 0001 0000
210 0001 0000
211 0001 0001
213 0001 0000
214 0001 0001
215 0001 0000
216 0001 0001
217 0001 0001
218 0001 0000
219 0001 0000
220 0001 0000
221 0001 0001
222 0001 0001
223 0001 0001
224 0001 0001
225 0001 0000
226 0001 0000
227 0001 0000
228 0001 0001
229 0801 0800
231 0001 0001
233 0001 0000
234 0001 0001
235 8081 8080
237 0001 0001
238 0001 0001
239 0400 0400
240 0001 0000
241 0001 0000
242 0001 0001
243 0021 0020
244 0001 0000
245 0101 0101
246 0005 0004
248 0002 0002
249 0001 0000
250 0001 0001
252 0001 0001
253 0001 0000
254 0001 0001
255 0001 0001
256 0001 0000
257 0001 0001
258 0001 0000
259 0001 0001
260 0001 0000
261 0001 0001
262 0001 0000
263 0001 0000
264 0001 0000
265 8001 0000
266 4001 0001
267 2001 0000
268 0401 0000
269 0003 0001
270 4001 0000
271 1008 0008
272 0001 0001
273 a001 0001
274 0801 0000
275 0500 0000
276 5203 0003
278 8101 0000
279 1801 0001
280 0401 0001
281 2201 0000
282 2001 2000
283 c201 0000
284 2920 0000
285 0081 0000
286 1400 0000
287 0011 0000
288 0041 0001
289 8401 0000
290 0335 0001
291 6801 0000
292 0081 0000
293 0003 0001
294 9505 0001
295 0048 0000
296 0831 0000
297 2280 0000
298 4001 0001
299 010d 0001
300 1003 0001
301 00c8 0000
302 0801 0000
303 0027 0000
304 04d9 0000
305 0002 0000
306 0025 0001
307 0a59 0000
308 0107 0001
309 0401 0001
311 0081 0001
312 0001 0000
313 8040 0000
314 0111 0001
315 0001 0000
317 0029 0000
319 0001 0000
320 0003 0001
321 0001 0001
322 0005 0000
324 0001 0000
325 0001 0001
326 0001 0000
327 0001 0001
328 0209 0009
329 0001 0001
330 0001 0001
333 0001 0000
334 4000 0000
335 0001 0000
336 8041 0001
337 0001 0000
338 0001 0001
339 0401 0001
340 0001 0001
341 0001 0001
342 3001 0000
343 0001 0000
344 0001 0000
345 0001 0000
346 0080 0000
347 0011 0001
349 0001 0001
350 0801 0001
351 0101 0000
352 0001 0000
354 0001 0000
355 0001 0000
356 8003 0000
357 0001 0001
358 0200 0000
359 4001 0001
360 0029 0001
361 8405 0000
362 20c1 0000
363 5913 0000
364 0201 0000
365 0021 0000
366 4001 4000
367 0001 0000
368 8c00 8c00
369 0180 0180
370 2239 2239
371 1003 1002
372 0001 0000
373 0001 0001
375 4001 4001
376 0001 0000
377 a8c4 a8c4
378 1101 1101
379 0439 0438
380 0003 0003
381 0001 0000
382 0401 0000
383 0001 0001
385 8001 0001
386 0001 0000
387 0021 0000
389 0001 0001
390 0001 0000
391 0003 0000
392 0809 0001
393 0001 0001
394 0001 0001
395 0001 0000
396 0001 0001
397 0001 0000
398 0001 0000
400 0001 0000
401 0001 0001
402 0008 0008
403 0020 0020
404 0401 0400
406 0001 0001
407 0001 0001
408 0001 0000
409 0001 0001
411 0001 0000
412 0001 0001
413 0001 0001
414 0001 0000
415 8001 8001
419 0800 0800
422 0001 0001
423 0001 0000
424 0001 0001
425 0003 0003
426 0001 0000
428 0101 0000
429 0001 0000
430 0001 0000
431 0001 0000
432 0201 0200
433 0001 0001
434 0001 0000
435 0001 0000
436 4001 4001
438 0001 0000
439 0101 0100
440 0001 0000
442 0001 0000
443 0001 0000
444 0001 0001
445 0001 0000
446 1041 1041
449 2081 2081
450 0001 0001
452 0014 0014
453 c009 c009
454 0001 0001
455 0800 0800
456 0501 0501
457 0001 0000
458 0003 0002
459 0001 0000
460 00a1 00a1
461 0200 0200
462 0080 0000
463 1c0d 1001
464 81ea 0000
465 6e15 0000
466 9102 0000
467 77fd 0001
468 8803 0000
469 0001 0000
470 0011 0001
471 0021 0000
472 2001 0000
473 1001 0001
475 0001 0000
476 2020 2020
477 0001 0001
478 0001 0001
480 0001 0001
481 0001 0000
482 2001 0001
483 0001 0000
484 0001 0001
485 0001 0000
486 0001 0000
487 c08f c08e
488 2c01 2c01
489 5115 5115
490 00eb 00eb
491 3f1f 3f1f
492 0041 0040
493 0009 0001
494 09cf 0000
495 0411 0000
496 2227 0000
497 4001 0000
498 0101 0001
499 0001 0000
500 0001 0000
501 0041 0000
502 0001 0001
504 0001 0001
505 0201 0200
507 0001 0000
508 0001 0000
509 4001 4000
510 0101 0101
513 0001 0000
514 0001 0000
515 0001 0001
517 0001 0001
518 0001 0001
519 0021 0020
520 0001 0001
522 2001 2000
523 0001 0000
524 0001 0001
525 804e 804e
526 0081 0080
527 0409 0408
528 0801 0801
529 0017 0017
530 4001 4000
531 0060 0060
532 0081 0081
533 0909 0909
534 0404 0404
535 0211 0211
536 d2eb d2ea
537 2900 2900
538 0001 0000
539 0c11 0c10
540 2080 2080
541 0221 0220
542 dc84 dc84
543 efdb efdb
544 fded fded
545 7fbf 7fbe
546 ffff ffff
547 825f 825e
548 5121 5121
549 a499 a498
550 5a47 5a46
551 0121 0121
552 2018 2018
553 dc05 dc05
554 02c1 02c1
555 0001 0001
556 0001 0000
557 1500 1500
558 0001 0001
559 8000 8000
560 6a31 6a31
561 0001 0001
563 0001 0000
564 c888 0000
565 2637 0000
566 cd88 cc88
567 ffff ffff
568 0222 0222
569 2105 2105
570 800d 0001
571 0ca3 0001
572 0300 0000
573 000d 0000
574 ecff 0001
575 5fdf 0000
576 b3fe 0000
577 ecbf ec88
578 1304 1304
579 001b 001b
580 ce01 0001
581 f51d 000d
582 b303 0002
583 4200 0000
584 bfef 0000
585 d516 0000
586 0a78 0000
587 0103 0000
588 e085 0000
589 0001 0000
590 1401 0001
591 0001 0001
592 0001 0001
593 0001 0000
594 0011 0000
595 0041 0000
596 0001 0001
597 0021 0000
598 0003 0001
599 0a00 0000
600 0001 0000
601 2001 0000
603 0001 0000
604 0001 0000
605 0001 0001
606 0001 0000
607 0001 0000
608 0001 0000
609 0001 0001
610 0001 0000
611 0005 0000
612 8001 0000
613 0108 0000
614 0005 0000
615 0004 0004
616 0001 0000
617 0001 0001
618 0401 0001
619 0001 0000
620 0001 0000
621 4001 0000
622 8001 0000
624 0001 0001
625 0001 0000
626 0001 0001
627 0001 0000
628 0200 0000
629 0001 0001
630 0001 0000
631 0001 0001
632 1000 0000
635 0001 0000
636 0003 0001
638 0001 0001
639 0001 0001
640 0001 0001
641 0001 0001
642 0001 0000
646 0011 0000
647 0001 0000
648 0001 0001
650 0081 0000
651 0001 0001
652 0001 0000
653 0001 0001
655 0001 0001
657 0001 0001
658 0001 0001
660 0001 0001
661 0001 0001
662 0005 0001
663 0001 0001
664 0001 0000
665 0001 0000
666 088c 088c
667 ffff ffff
668 6666 6666
669 9dd9 1111
670 422f 0000
671 bf53 0001
672 4084 0000
673 0ceb 0000
674 f337 0000
675 0101 0001
676 1001 0001
677 0001 0000
678 0501 0100
679 0001 0000
680 0001 0000
681 5001 5000
682 0001 0000
683 0001 0001
684 7851 0000
685 0001 0001
686 0001 0000
687 0101 0001
688 8a8d 0001
689 0443 0000
690 6024 0000
691 db9d c88c
692 4c41 4c40
693 f2bf f2bf
694 3511 3511
695 1001 1001
696 0021 0021
697 0203 0203
698 0041 0041
699 4001 4000
702 0001 0001
703 0001 0001
704 0101 0100
705 0801 0800
707 0001 0000
708 0001 0001
709 1001 1001
710 0005 0004
711 0001 0000
712 0001 0000
713 0001 0000
714 0001 0001
715 0001 0000
716 0001 0001
717 0001 0000
718 0001 0000
719 0001 0001
721 0001 0000
722 0001 0001
724 0001 0000
725 0011 0010
727 0001 0000
728 0001 0001
729 0001 0001
730 0001 0001
731 0001 0001
732 0001 0000
733 0001 0000
734 0001 0000
735 0001 0000
736 0001 0000
738 0001 0000
739 0001 0000
740 0001 0001
741 0001 0001
743 0001 0001
744 4001 4000
745 0001 0001
747 0001 0000
748 0001 0000
749 0001 0001
750 0001 0000
752 0001 0001
754 0001 0000
755 0001 0001
757 0001 0000
758 0011 0000
759 c801 0000
760 0481 0000
761 036f 0001
762 2010 0000
763 1000 0000
764 0101 0001
765 0008 0008
766 0001 0000
767 2001 2001
768 0067 0066
769 0001 0000
770 0080 0080
771 8b01 8b00
772 5001 5000
773 0001 0001
774 0001 0000
775 0401 0400
776 0001 0001
777 0001 0000
778 0001 0001
781 0001 0001
782 0001 0001
783 0001 0000
785 0001 0001
786 0001 0000
787 0001 0001
788 0001 0001
789 0001 0000
790 0001 0001
791 0001 0001
792 0001 0001
793 0001 0000
794 0001 0000
795 0001 0000
796 0011 0010
798 0001 0000
799 0001 0001
800 0001 0001
801 0001 0000
802 0001 0001
803 0001 0001
806 0001 0000
807 0001 0001
808 0001 0000
809 0001 0001
813 0001 0000
814 0001 0000
815 0001 0000
816 0001 0001
818 0001 0000
819 0001 0001
820 0001 0001
821 0001 0000
822 0001 0000
823 0001 0001
824 0001 0000
825 0040 0000
827 0001 0000
828 0001 0000
829 0001 0001
830 0001 0000
831 0001 0001
832 0001 0000
833 4001 0000
834 0001 0000
835 0001 0000
837 0001 0001
838 0001 0001
839 0001 0000
840 0001 0001
842 0001 0000
843 0001 0000
844 0001 0000
847 0001 0000
848 0001 0000
849 0001 0000
850 0001 0001
851 0001 0001
852 0001 0000
853 0001 0000
855 0001 0000
857 0001 0000
858 0001 0001
859 0001 0000
860 0001 0001
861 0005 0000
862 0800 0000
863 0001 0001
864 0001 0000
866 0081 0000
867 0001 0001
868 0001 0000
869 0001 0001
870 0001 0001
871 0001 0000
872 0001 0001
873 0001 0001
874 0001 0000
875 0001 0001
876 0001 0001
877 0001 0000
878 0001 0001
879 0001 0001
881 0001 0001
882 0001 0001
883 8001 0001
884 0001 0000
885 0003 0001
887 0001 0000
889 0001 0001
890 0001 0001
891 0001 0000
892 0001 0001
893 0001 0001
894 0001 0001
895 0001 0001
897 0001 0001
898 0001 0001
899 0001 0001
900 0001 0001
901 0001 0000
902 0001 0001
903 0001 0001
904 0001 0000
905 0001 0000
906 0401 0000
908 0001 0001
909 0001 0001
910 0001 0000
911 0001 0000
913 0001 0000
914 0001 0000
916 0001 0000
917 0001 0000
918 0001 0000
920 0011 0001
921 0001 0000
922 0001 0001
923 0101 0000
925 0001 0001
926 0001 0001
927 0001 0001
928 0001 0001
929 0001 0001
930 0001 0001
931 0001 0000
932 0001 0000
933 0001 0000
934 0001 0000
935 0001 0000
937 0001 0001
938 0001 0001
939 0001 0000
940 0001 0000
941 0001 0000
943 0001 0001
944 0001 0000
945 0001 0001
946 0001 0000
947 0001 0000
948 0001 0001
949 0001 0000
950 0005 0001
951 0001 0001
952 0001 0001
953 0001 0000
954 0001 0001
956 0001 0001
957 0001 0000
958 0001 0001
959 0001 0001
961 0001 0000
962 0001 0000
963 0201 0001
964 0001 0001
965 0001 0000
966 0001 0000
967 0001 0000
968 0001 0000
969 0001 0001
970 0001 0000
971 0001 0000
972 0001 0001
974 0001 0000
976 0001 0000
978 0001 0000
979 0001 0000
980 0001 0000
983 0001 0001
984 0001 0001
985 0001 0001
986 0001 0001
989 0001 0000
990 0001 0000
991 0001 0000
992 0001 0001
993 0001 0001
995 0001 0000
996 0001 0001
997 0005 0004
998 0001 0001
1000 0001 0001
1002 0003 0002
1003 0001 0001
1004 0001 0000
1005 0001 0000
1006 0001 0001
1009 0001 0001
1010 0111 0111
1012 0001 0001
1013 0001 0001
1014 0081 0080
1016 0001 0001
1017 0001 0000
1019 0001 0000
1020 0001 0001
1021 0801 0801
1022 0201 0201
1023 0001 0001
1024 0001 0000
1026 0001 0001
1027 4001 4000
1028 0001 0000
1029 0001 0000
1030 8001 8001
1032 0009 0008
1033 0401 0400
1034 0001 0000
1035 0001 0001
1036 0001 0000
1037 0001 0000
1038 0001 0000
1039 0801 0800
1040 0021 0020
1041 2041 2041
1042 0101 0100
1043 0001 0000
1044 0209 0209
1045 0001 0000
1046 4001 4001
1047 0001 0000
1048 1085 1084
1049 0401 0400
1050 0003 0002
1051 0001 0001
1052 0001 0000
1053 0811 0811
1054 8001 8000
1055 0101 0100
1056 0001 0001
1057 0001 0000
1058 0001 0001
1059 0001 0000
1060 0001 0000
1061 0001 0000
1062 0001 0001
1063 0001 0000
1064 2001 2001
1065 0001 0000
1066 0008 0008
1068 0005 0004
1070 0021 0020
1071 0001 0001
1072 0041 0040
1073 0001 0001
1075 0001 0001
1077 0003 0003
1078 1000 1000
1079 0001 0001
1080 0001 0000
1081 0001 0000
1082 0001 0000
1083 0001 0000
1084 0a01 0a01
1086 0001 0001
1087 0401 0400
1089 4005 4005
1090 1001 1001
1092 2000 2000
1093 0080 0080
1094 0001 0001
1095 0101 0101
1096 0009 0008
1097 0001 0000
1098 0001 0000
1099 0001 0001
1100 0001 0001
1101 0041 0040
1102 8001 8001
1103 0001 0000
1104 0001 0001
1105 0001 0000
1106 4003 4003
1107 0800 0800
1108 0001 0000
1109 1001 1000
1110 0221 0221
1111 0011 0011
1112 0001 0001
1113 0085 0085
1115 0001 0000
1117 2109 2108
1118 0441 0440
1119 0001 0000
1120 4001 4001
1121 0101 0100
1122 0003 0002
1124 1801 1800
1125 0001 0000
1126 0001 0001
1127 8021 8021
1128 0081 0081
1129 0001 0001
1130 0005 0004
1131 4201 4200
1132 0001 0000
1133 0011 0010
1134 0909 0909
1135 1001 1000
1136 0041 0040
1137 0001 0000
1138 2401 2400
1139 0003 0003
1141 8085 8085
1142 0011 0011
1143 4020 4020
1144 0108 0108
1145 0801 0800
1147 0645 0644
1148 5003 5002
1149 2001 2001
1150 8011 8011
1151 0981 0981
1152 0029 0028
1153 0001 0000
1154 0001 0000
1155 0041 0040
1156 0205 0205
1157 1001 1000
1158 e19b e19b
1159 0c01 0c00
1160 1801 1800
1161 0020 0020
1162 2005 2005
1163 4001 4000
1164 8981 8981
1165 774b 774b
1166 0021 0020
1167 8015 0015
1168 6481 0000
1169 1b7d 0001
1170 e000 0000
1171 0783 0000
1172 007d 0001
1174 4001 4000
1175 8001 8001
1176 ec89 ec88
1177 5f49 5f48
1178 a0b7 a0b7
1179 5fff 5fff
1180 3948 3948
1181 d411 d410
1182 022f 022f
1183 01c1 01c1
1184 0001 0000
1185 0011 0010
1186 1001 1000
1187 0801 0801
1188 6421 6420
1189 9bcd 9bcd
1190 4403 4403
1191 28b9 28b8
1192 1001 1001
1193 c347 c346
1194 0829 0829
1195 0100 0100
1196 0010 0010
1197 0001 0001
1198 0001 0000
1199 0001 0000
1200 0001 0000
1201 0001 0000
1203 8001 0001
1204 6800 0000
1205 8100 0000
1206 106d 0001
1207 efdf 0000
1208 ffa9 0000
1209 8dde 0000
1210 ffff 0000
1211 ff7f 0000
1212 77f7 0000
1213 9911 0000
1214 77ff 0000
1215 8701 0000
1216 3825 0000
1217 410b 0000
1218 06d1 0000
1219 8024 0000
1220 0801 0000
1221 710b 0000
1222 0041 0000
1223 0001 0001
1224 0015 0001
1225 0281 0001
1226 0803 0000
1227 8030 0000
1228 1401 0000
1229 0100 0000
1230 0008 0000
1231 2001 0001
1232 0001 0000
1233 0005 0001
1234 4101 0001
1235 00c1 0000
1237 0002 0000
1238 0c01 0001
1239 0001 0001
1240 8000 0000
1242 0001 0000
1243 0201 0000
1244 0020 0000
1245 1011 0000
1246 0001 0001
1247 0001 0000
1248 0001 0000
1250 0100 0000
1252 2001 0000
1253 0001 0000
1254 0001 0000
1255 0401 0001
1256 0001 0001
1258 0001 0001
1259 0005 0001
1262 0200 0000
1263 0001 0001
1265 0001 0001
1266 0041 0001
1267 a001 a001
1268 4000 4000
1269 b409 b401
1270 4100 4100
1271 1a01 1a00
1272 e001 e000
1273 1f01 1f01
1274 4841 4840
1275 a5b1 a5b0
1277 1a50 1a50
1278 01a9 01a9
1279 aef5 aef5
1280 4201 4200
1281 006f 006e
1282 0011 0011
1283 018f 018f
1284 0001 0000
1285 0400 0400
1286 1aef 1aee
1287 0011 0010
1288 0001 0000
1289 2001 2001
1290 000b 000a
1291 0001 0000
1292 0801 0800
1293 4001 4000
1295 0115 0114
1296 0800 0000
1297 c001 0001
1298 258c 0000
1299 1210 0000
1300 c463 0000
1301 0301 0000
1302 2010 0000
1303 1001 0001
1304 8089 8089
1305 4001 4000
1306 0441 0440
1307 7a3f 7a3f
1308 0081 0081
1309 8041 8040
1310 0100 0100
1311 0003 0002
1312 0001 0000
1313 0011 0010
1314 0001 0001
1315 0021 0021
1317 8001 0000
1318 0001 0000
1319 0001 0000
1321 0001 0001
1322 0001 0000
1323 8081 0000
1324 4001 0001
1325 0801 0000
1326 0001 0000
1327 6411 0000
1328 1241 0000
1329 01a1 0001
1330 0001 0001
1331 8003 0001
1332 0801 0001
1333 0415 0001
1334 1048 0000
1335 0321 0000
1336 2001 0000
1337 0801 0001
1338 0003 0001
1339 4087 0000
1341 8409 0001
1342 0171 0001
1343 0081 0000
1344 0201 0000
1345 1807 0000
1346 0001 0000
1347 0009 0000
1348 0041 0000
1349 0233 0000
1350 0088 0000
1351 2003 0000
1352 4405 0000
1353 8800 0000
1354 0101 0000
1355 2023 0000
1356 9451 0001
1357 0005 0000
1358 4201 0000
1359 215b 0001
1360 0081 0001
1361 8821 0000
1362 0401 0001
1364 1000 0000
1365 0100 0000
1366 8205 8000
1367 0889 0888
1368 0005 0005
1369 cee9 cee8
1370 c0cf c0ce
1371 3f11 3f10
1372 0067 0066
1373 7fbf 7fbf
1374 9111 9110
1376 4323 4323
1377 0051 0050
1379 c001 0000
1380 0801 0001
1381 00c8 0000
1382 8601 0001
1383 0971 0001
1384 008c 0000
1385 4003 0000
1386 2014 0000
1387 132b 0000
1388 4001 4000
1389 0001 0000
1390 8815 8801
1391 2003 2001
1392 0208 0208
1393 0001 0001
1394 53b5 53b5
1395 0001 0001
1396 0001 0001
1397 0001 0001
1398 0001 0000
1399 0081 0001
1400 0008 0000
1401 8801 0000
1402 0001 0000
1403 4001 0001
1404 0135 0000
1405 0201 0001
1406 0001 0000
1407 0001 0001
1409 0001 0000
1410 4881 4880
1411 000d 000c
1412 0021 0021
1413 0002 0002
1414 8089 8089
1415 4015 4015
1416 0141 0141
1417 0203 0202
1418 0081 0081
1419 2401 2400
1420 0030 0030
1421 1101 1100
1422 0001 0000
1423 0011 0000
1424 0001 0001
1425 0481 0000
1428 0809 0001
1429 c081 0001
1430 2445 0001
1431 988b 0000
1432 4775 0000
1433 340a 0000
1434 0370 0000
1435 1101 0000
1436 2009 0009
1437 0001 0000
1438 04c0 04c0
1439 0021 0021
1440 2201 2201
1441 0118 0110
1442 54c1 1000
1443 8005 0001
1444 003a 0000
1445 0301 0000
1446 0400 0400
1447 0001 0000
1448 0001 0001
1449 0401 0001
1450 0801 0001
1451 2001 0000
1452 1001 0000
1453 82c5 0001
1454 0001 0001
1455 0400 0000
1456 0111 0001
1457 0001 0000
1458 0001 0000
1459 008d 008d
1460 0801 0800
1461 0001 0000
1462 8601 8600
1463 01d7 01d7
1464 4220 4220
1465 3001 3001
1466 0181 0101
1467 0004 0000
1468 c801 0000
1469 2601 0001
1470 117f 0001
1471 0001 0000
1472 0001 0000
1475 0001 0001
1476 0001 0000
1477 8001 8001
1478 6001 6000
1479 8000 8000
1480 f901 f900
1481 7e80 7e80
1482 0141 0140
1483 06b9 06b8
1484 7bff 7bff
1485 0004 0004
1486 000b 000b
1487 0155 0155
1488 0023 0022
1489 0001 0000
1490 0001 0001
1491 6000 0000
1492 9801 0000
1493 0201 0000
1494 0501 0000
1495 0041 0000
1496 0105 0001
1497 eab1 0000
1498 0008 0000
1499 9402 0000
1500 4000 0000
1501 2151 0001
1502 0e80 0000
1503 9121 0000
1504 204f 0000
1505 4001 0000
1506 8c11 0001
1507 0284 0000
1508 2149 0001
1509 1003 0000
1510 4224 0000
1511 8c93 0000
1512 2109 0000
1513 0041 0000
1514 0004 0000
1515 9fba 0000
1516 4001 0001
1517 0041 0000
1518 2435 0000
1519 0103 0000
1520 1281 0000
1521 0010 0000
1522 0845 0000
1523 8000 0000
1524 0003 0000
1525 8001 8001
1526 0880 0880
1527 c000 c000
1528 0cc1 0cc1
1529 fecf fece
1530 6924 6924
1531 5658 5658
1532 b1b7 b1b7
1533 0522 0522
1534 6211 6211
1535 1141 1141
1537 0001 0001
1538 0080 0000
1539 cc45 0000
1540 0200 0000
1541 0009 0000
1542 e933 0000
1543 0401 0001
1544 3001 0001
1545 0201 0000
1546 1001 0000
1547 0140 0000
1548 e001 0000
1549 0001 0001
1551 0001 0000
1552 0001 0001
1553 1009 0008
1555 0001 0000
1556 00c3 00c3
1557 0801 0801
1559 0001 0000
1560 0001 0001
1561 4001 4001
1562 0401 0400
1563 0301 0301
1564 3003 3000
1566 0441 0000
1567 2101 0000
1568 0001 0000
1569 4009 0009
1570 0245 0044
1571 0009 0008
1572 0c03 0c03
1573 c2a1 c2a1
1574 0005 0004
1575 0053 0052
1576 2501 2500
1577 4001 4000
1578 0001 0000
1579 1205 1200
1580 0101 0101
1581 0001 0001
1582 0001 0000
1584 0001 0000
1585 0001 0000
1588 0001 0001
1589 0004 0004
1591 a841 a841
1592 0020 0020
1593 0014 0010
