44 0400 0400
95 0002 0002
104 0080 0080
230 0400 0000
235 0400 0400
240 3000 0000
242 e711 0000
243 1140 0000
244 8c32 0000
245 62a5 0000
246 094a 0000
247 9011 0000
248 2c8c 0000
249 c062 0000
250 048c 0000
251 0801 0000
252 3208 3000
255 0700 0700
256 0811 0811
257 8000 8000
258 4000 4000
259 34ff 34ff
260 0100 0100
261 0210 0210
262 7067 7067
263 0204 0204
264 6502 6502
265 88c8 88c8
266 0004 0004
267 8100 8000
276 0003 0000
277 3350 0000
278 4024 0000
279 8408 0000
280 08e0 0020
281 0110 0110
282 1241 1241
283 0004 0004
285 0011 0000
286 1100 0000
287 1377 0000
288 2810 0000
289 4646 0000
290 94a8 0000
291 5849 1001
292 81b0 0130
293 4040 4040
294 2686 2686
295 8800 8800
297 0028 0028
299 0040 0040
320 0010 0010
321 1000 1000
325 0001 0001
326 0020 0020
328 0422 0402
330 0880 0880
331 0002 0000
332 4004 4004
334 0002 0002
335 0040 0040
336 8000 8000
338 2000 2000
339 0120 0120
340 0008 0008
341 0200 0200
343 0004 0004
345 0801 0801
349 6b0d 0000
350 8430 0000
351 10c6 0000
352 0809 0000
353 0140 0000
355 2000 0000
357 9408 0000
359 0010 0000
363 4200 0000
366 0090 0010
369 0200 0200
376 0040 0040
380 0040 0000
386 0004 0000
393 0204 0004
401 0020 0000
406 0100 0000
420 0800 0000
421 0001 0000
424 0010 0000
425 0040 0000
426 0002 0000
427 0004 0000
429 c000 0000
430 3008 0000
431 0200 0000
432 0480 0000
433 0800 0000
437 0104 0000
439 f711 f710
440 eff7 eff7
441 10fd 10fd
442 8802 8802
443 1000 0000
444 f130 0000
445 fffb 0000
446 ffff 0000
447 22a9 0000
448 1c56 0000
449 c1a8 0000
450 0006 0000
451 0100 0000
452 2200 0000
453 5c41 0000
454 a000 0000
456 ff40 ff40
457 f7f7 f7f7
458 cfff cfff
459 340c 340c
460 ffff ffff
461 8008 8008
463 0084 0084
464 4000 0000
465 bc10 0000
466 03a9 0000
467 7fff 0000
468 ff77 0000
469 cccf 0000
470 ffff ffff
471 90ac 90ac
472 2802 2802
473 4451 4451
474 0204 0204
475 0008 0008
476 0100 0100
482 0020 0020
483 0884 0884
484 1000 1000
485 0002 0002
486 0090 0090
487 4640 4640
488 a000 a000
501 5110 0000
502 fff7 0000
503 eefe 0000
504 1101 0000
505 fefe 0000
506 0001 0000
507 8408 0000
508 4140 0000
509 0082 0000
511 100c 0000
512 0800 0000
514 1000 1000
515 0808 0808
520 0001 0001
521 0040 0040
522 2606 2606
523 4880 4880
525 0100 0100
526 8000 8000
527 0040 0040
528 1000 1000
529 e63c e63c
530 11c3 11c3
531 0820 0820
532 e7dc e7dc
533 2803 2803
536 ffff 0000
537 6402 0000
538 8008 0000
539 e642 e642
540 0008 0008
545 0001 0000
546 0400 0000
549 0031 0031
550 ffee ffee
551 0001 0000
552 0132 0000
553 eccc 0000
554 8000 8000
556 1000 0000
557 0200 0000
565 8000 0000
574 0040 0040
576 0200 0200
578 1000 0000
583 0040 0000
587 8000 8000
591 8000 0000
595 0200 0000
603 0080 0000
605 0004 0000
606 4420 0000
607 2000 0000
608 0802 0000
609 0010 0000
612 0100 0000
614 0008 0000
622 1001 0000
623 0200 0000
629 8800 0000
630 0400 0000
631 0008 0000
632 2040 0000
633 0004 0000
634 4100 0000
636 0080 0000
639 0002 0000
642 0020 0000
646 0010 0000
664 0020 0020
675 0012 0012
677 0004 0004
679 0201 0201
680 a0a0 a0a0
682 0100 0100
684 0400 0400
685 1000 1000
686 0040 0040
687 4008 4008
689 0804 0804
691 8140 8140
692 2010 2010
694 0001 0001
695 0622 0622
698 080c 080c
699 0080 0080
701 4800 4000
703 0040 0040
704 3000 3000
705 0c00 0c00
709 0010 0010
719 8102 8102
721 0004 0004
722 0221 0221
723 0008 0008
729 0040 0040
738 0010 0010
740 6000 6000
743 0400 0400
747 0080 0080
748 8800 8800
750 fff7 0000
752 0008 0000
753 b000 b000
754 4700 4700
755 7bff 7bff
756 843b 843b
757 0144 0044
758 0008 0000
759 0904 0900
760 b204 b204
761 4dff 4dff
763 0002 0002
767 2080 2080
769 1010 1010
770 0001 0001
772 0020 0020
773 8040 8040
774 0200 0200
775 080c 080c
776 0800 0000
784 4000 4000
792 040c 0400
794 0004 0004
804 0800 0800
823 0080 0080
824 0080 0000
837 0020 0020
847 0800 0000
848 0040 0040
852 0100 0100
858 0200 0200
864 0040 0000
872 0800 0800
875 0048 0048
894 0001 0001
895 1002 1002
902 2000 2000
913 0010 0010
917 0010 0000
927 2000 0000
934 0080 0080
939 0010 0010
951 2000 2000
961 0010 0000
968 8000 8000
971 0080 0000
973 0020 0020
975 0080 0080
982 2000 0000
983 1000 0000
985 3000 0000
986 8000 0000
987 1100 0000
988 6000 0000
989 0120 0000
990 c200 0000
991 1000 0000
992 a710 0000
993 4880 0000
994 0210 0000
995 0461 0000
996 8872 0000
997 1800 1000
998 0401 0000
999 30c6 3000
1000 3000 3000
1001 6001 6000
1002 830e 8300
1003 e180 e100
1004 060c 0600
1005 c100 c100
1006 1e10 1e10
1007 0400 0400
1008 0830 0830
1009 0048 0040
1010 08e1 08e1
1012 82c7 82c7
1013 042e 042e
1014 000d 000d
1017 000c 000c
1020 0080 0080
1021 0180 0100
1022 0020 0000
1023 1010 0010
1027 8022 0022
1028 c000 0000
1030 0410 0000
1032 8020 8000
1033 4000 4000
1034 0080 0000
1035 8020 8020
1039 0080 0080
1041 0804 0804
1044 0040 0040
1056 1010 1010
1058 2000 2000
1059 0600 0600
1061 1008 0008
1062 60e4 40e4
1064 2000 2000
1065 0081 0001
1067 0002 0002
1068 0080 0080
1069 0100 0100
1072 3100 0000
1073 e730 0000
1074 3c73 3000
1075 efff eff3
1076 000c 000c
1077 140a 140a
1078 00c0 00c0
1079 8005 8005
1084 2000 2000
1085 0020 0020
1086 0810 0810
1087 0002 0002
1088 1010 0000
1089 08a3 0000
1090 242c 0020
1092 2112 2112
1093 1401 1401
1094 4afc 4afc
1095 0400 0400
1096 8000 8000
1099 1000 0000
1100 ff10 0000
1101 8871 0000
1102 7786 0000
1103 cfff 0000
1104 9849 0000
1105 24bc 0000
1107 0408 0400
1110 0802 0000
1113 0002 0002
1120 0008 0008
1122 0004 0004
1124 5020 5020
1127 a111 a111
1128 0800 0800
1129 0200 0200
1130 0006 0006
1131 77f0 77f0
1132 ff73 ff73
1133 ffff ffff
1134 ffff ffff
1135 90ee 90ee
1136 45c4 45c4
1137 0818 0818
1138 2223 2223
1139 0044 0044
1140 1000 1000
1141 00c0 00c0
1142 8400 8400
1143 0028 0028
1145 0a00 0a00
1148 0001 0001
1150 0080 0080
1151 0040 0040
1162 2000 2000
1167 0100 0100
1168 0010 0010
1169 fe2f fe2f
1170 27c0 27c0
1171 0004 0004
1172 3719 0008
1173 33dc 3310
1174 e7f5 e7f5
1175 dcef dcef
1176 09de 09de
1177 0220 0220
1178 2000 2000
1181 3100 0000
1182 7b30 0000
1183 ffff 0000
1184 339d 3311
1185 eff7 eff7
1186 ffff ffff
1187 84c4 84c4
1188 0008 0008
1189 3911 0800
1190 7f33 0000
1191 ffff 0000
1192 ffff 0000
1193 ffff 0000
1194 a622 0000
1195 0089 0000
1196 4844 0000
1197 2110 0000
1198 0002 0000
1199 1000 0000
1200 8000 0000
1202 0208 0000
1203 4ca0 0000
1204 2001 0000
1205 0004 0000
1208 0040 0000
1212 1100 0000
1214 0002 0000
1215 0400 0000
1216 0010 0000
1218 8000 0000
1219 0080 0000
1221 0008 0000
1222 0004 0000
1224 4000 0000
1225 3000 0000
1226 0001 0000
1231 0020 0000
1232 0200 0000
1237 0050 0000
1238 000a 0000
1239 0080 0000
1241 0800 0000
1242 0400 0000
1245 0004 0000
1250 0100 0000
1258 0080 0000
1262 2000 0000
1267 0001 0000
1268 0002 0000
1269 1020 0000
1271 0200 0000
1274 4000 0000
1277 8010 0000
1278 0400 0000
1279 0100 0000
1283 0040 0000
1284 0004 0000
1285 3000 0000
1286 0880 0000
1288 0021 0000
1289 000a 0000
1290 4200 0000
1291 0400 0000
1292 9000 1000
1293 0203 0203
1294 2500 2500
1295 4031 4031
1296 1206 1206
1297 ade8 ade8
1298 4005 4005
1299 8448 8448
1300 0206 0206
1303 0010 0010
1304 0800 0800
1306 0440 0440
1307 00a0 00a0
1309 4000 4000
1314 2000 2000
1319 0004 0004
1322 0100 0100
1334 1000 1000
1337 8008 8008
1354 0200 0200
1357 0010 0010
1359 0040 0040
1376 0010 0000
1377 0040 0000
1378 2000 0000
1382 2f00 0000
1383 8021 0000
1384 0088 0000
1385 8000 8000
1386 0001 0001
1387 2a00 2a00
1389 0030 0030
1390 0400 0400
1391 0180 0180
1394 0008 0008
1400 0802 0802
1402 0040 0040
1409 0004 0004
1416 0001 0001
1417 4000 4000
1442 8000 8000
1453 2000 2000
1459 1000 1000
1466 0200 0200
1473 0020 0020
1478 0020 0000
1480 0020 0020
1481 0008 0008
1515 0008 0000
1521 0400 0400
1559 0080 0080
1565 0020 0020
