0 0008
1 2000
2 0008
3 0008
4 0008
5 2000
6 4000
7 0008
9 0010
10 0008
11 0008
13 0008
14 0008
15 0008
16 0008
17 0008
18 0008
19 0008
20 0008
21 8000
22 0008
24 0008
25 0004
26 0008
28 0008
29 0008
30 0008
31 0008
32 0200
33 0008
34 0008
35 0008
36 0008
37 0008
39 0008
40 0100
41 0008
42 0008
43 0008
45 0008
46 1000
48 0008
49 0008
50 0008
51 0008
52 0040
53 0008
55 0008
56 0002
57 0008
58 0008
59 4000
60 0008
61 0008
62 0008
63 0008
64 0010
67 0008
68 0008
69 0200
70 0008
71 0008
72 0008
73 0008
74 0008
75 0008
76 2000
77 0008
78 0008
79 0008
80 0010
81 0008
82 0008
83 0008
85 0200
86 0008
87 0008
88 0100
89 0008
91 0008
92 0200
93 0100
94 0008
95 0008
96 0008
97 0008
98 0080
99 0004
101 0008
102 0008
103 0008
104 0008
105 0008
107 0008
108 0008
109 0008
110 0008
111 0008
112 0800
113 0008
114 0008
115 0008
116 0008
117 0008
118 0008
120 0008
121 0008
122 0008
123 0008
124 0008
125 0040
126 0008
127 0001
128 0008
129 0008
130 0008
131 0008
132 0008
133 0008
134 0080
135 0008
137 0800
138 0008
139 0400
140 8000
141 0008
142 0008
143 0008
144 1000
145 0008
146 0800
147 2000
148 0008
149 2000
151 0100
152 0008
153 0008
154 0008
155 0008
156 0008
157 0008
158 2000
159 0001
161 0008
163 0008
164 2000
165 0008
166 0008
167 0008
168 0008
169 0008
170 0400
171 0008
172 0008
174 0008
175 1000
176 0008
177 0008
178 0008
179 0002
180 0008
182 0008
183 0008
184 0008
185 0008
186 0008
187 0100
188 0008
189 0080
190 0008
191 0008
192 0008
193 0008
195 0008
196 0008
197 0008
198 0008
199 0008
200 0008
201 0200
202 0008
203 0008
204 0008
205 0008
206 0008
207 0200
208 0008
209 0008
210 0008
211 0008
212 0008
213 0008
214 0100
215 0008
216 0008
217 0008
218 0008
219 0008
220 0008
221 0008
222 0008
223 0008
224 0200
225 0008
226 0001
227 0008
228 0008
229 1000
230 8000
231 1000
232 0020
233 0008
234 0008
236 2000
237 0008
238 1000
239 0008
240 0008
241 0008
242 0800
243 0080
244 0008
245 0008
246 0008
248 0008
249 0008
251 0008
252 0008
253 0020
254 0008
255 0400
256 4000
257 0008
258 0080
259 0008
260 0400
261 0008
262 0008
263 0008
264 0008
265 0800
267 0008
268 0008
269 0008
270 0008
271 0008
272 0008
273 0008
275 0008
276 0008
277 0008
278 0008
280 0008
281 0008
282 0008
283 0008
284 0008
285 0008
286 0008
287 0008
288 0080
289 1000
290 0008
291 0008
292 0080
294 0008
295 0008
296 0008
297 0008
298 0100
299 0008
300 8000
301 0008
302 0008
303 0008
304 0008
305 0008
307 0008
308 0008
309 0008
311 0008
312 0008
313 0008
314 0008
315 0008
317 0008
318 0008
319 0008
320 0800
321 0008
322 0008
323 0008
324 0002
325 0008
326 0008
327 0008
328 0008
329 0008
330 0008
331 0008
332 0008
333 0008
334 0008
336 0008
337 0008
338 0008
339 0008
340 0020
341 0008
342 0008
344 0008
345 0008
346 0008
348 0008
349 0008
350 0008
351 0008
352 0002
354 0008
355 0008
356 0008
357 0008
358 0008
359 0008
360 0020
362 0008
363 0002
364 0800
365 0020
366 0008
367 0008
369 0008
370 0008
371 0200
372 0008
373 0008
375 0008
376 0010
378 0008
379 0008
380 0008
381 0008
382 0008
383 0008
384 0008
385 0002
386 0008
387 0008
388 0008
389 0008
390 0008
391 0008
392 0008
393 1000
394 0008
395 0008
396 0004
397 0008
398 0008
399 0008
400 0008
401 0008
402 0008
403 0008
404 0008
405 0008
406 0008
407 0008
408 0008
409 0008
410 0008
411 0008
412 0008
413 0008
414 0008
415 0008
416 0010
418 0008
419 0008
420 0004
421 0008
422 0008
424 0002
426 0008
427 0008
428 0008
429 0008
430 0008
432 0800
433 0004
434 0008
435 0008
436 0008
437 0008
438 0008
439 0008
440 0008
441 0004
443 0020
444 2000
445 0008
446 0008
447 0008
449 0008
450 0008
451 0008
452 0008
454 0008
457 0008
458 0008
459 0008
460 0008
461 0008
462 0008
463 0008
464 0008
465 0008
466 0008
467 0008
468 0008
469 0100
471 0008
472 0008
473 0008
474 0008
476 2000
477 0008
478 0200
480 0008
481 0008
482 0400
483 0008
484 0008
485 0008
486 0008
487 0008
488 0200
489 0008
490 0008
491 0008
492 0008
493 0008
494 0008
496 0008
497 0008
498 8000
499 0008
500 0008
501 0008
502 0004
503 0008
504 0008
506 0001
507 0008
508 0008
509 0008
510 0008
511 0008
513 0008
515 0100
516 0008
518 0008
520 0008
521 0008
522 0008
523 0008
524 0008
525 4000
526 0002
527 0008
528 0008
529 0008
530 0008
531 2000
532 0080
533 0008
534 2000
535 0200
536 0008
537 0008
538 0008
539 0008
540 0008
541 0008
542 0008
543 0008
544 0008
545 0008
546 0008
547 0200
548 0800
549 0008
550 0008
551 0008
552 0080
553 0008
555 0008
556 0008
557 0008
559 0008
560 0008
561 0008
562 0008
563 0008
564 0008
565 0040
566 0008
567 0008
568 0008
569 0008
570 0008
571 0001
572 0008
573 0008
574 0008
575 0008
576 0008
577 0008
580 0008
582 0010
583 0008
584 0008
585 0008
586 0400
587 0008
588 0008
589 0008
590 0008
591 0008
592 0040
594 4000
595 0008
596 2000
597 0008
598 0008
600 0008
602 0004
603 0008
604 0008
606 0008
607 0008
608 8000
609 0800
610 0008
611 0002
612 0008
613 0008
614 0008
615 0008
616 0008
617 0008
618 0008
619 0008
620 0008
621 0008
622 0002
623 0080
624 0008
625 4000
627 0008
628 0080
629 0008
631 0008
632 0008
633 0008
634 0008
635 0008
636 0008
637 0008
638 0008
640 0008
641 0008
642 0020
643 0008
646 0008
647 0008
649 0008
650 0008
651 0008
652 0008
653 0008
654 0008
655 0008
656 0008
657 0080
658 0008
659 0008
660 0008
662 0008
663 0008
664 0008
665 0008
666 0008
667 0008
669 0008
670 0008
671 0008
672 0008
674 0008
675 0008
676 0008
677 0008
678 0008
679 0008
680 0008
681 0008
682 0008
683 0008
684 0008
685 0008
686 0008
687 0008
688 0008
689 0008
690 0008
691 0008
692 0008
693 0008
694 0008
695 0008
696 0008
697 0008
698 0008
699 0008
701 0008
702 0008
703 0004
705 0008
707 0008
708 0008
709 0008
710 0008
711 0002
712 0008
713 0008
714 0008
715 0800
716 0008
718 0008
719 0008
720 0100
721 0008
722 0008
723 0008
724 0008
725 0080
726 0001
727 0008
728 0008
729 0008
730 4000
731 0008
732 0800
733 0100
735 0008
736 0008
737 0008
738 0008
740 0008
741 0008
742 0008
743 0008
744 0800
745 0008
747 2000
748 0008
749 0008
750 0008
751 0008
752 0008
753 0008
754 0008
755 0008
756 0008
757 0004
758 0008
759 1000
761 0008
762 0008
763 0008
764 0400
765 2000
766 0008
767 0008
768 0008
769 0008
770 0008
771 0008
772 0008
773 4000
774 0008
776 0800
778 0008
779 0008
780 0008
781 0008
783 0008
784 0008
785 0008
786 0008
787 0004
788 0020
789 0008
790 0008
791 0008
792 0008
793 0008
794 0008
795 4000
796 0008
797 2000
798 0008
799 0008
800 0008
801 0008
802 2000
803 0008
804 0008
807 0008
808 0008
809 0008
810 0008
811 0008
812 0008
814 0008
815 0008
816 0001
818 0008
819 0008
820 0008
821 0008
822 0008
823 0008
824 0008
825 0008
826 0040
827 0008
828 0008
829 0008
830 0008
831 0008
833 0008
834 0008
835 0080
836 0008
837 0008
838 0008
839 0008
840 0008
841 0008
842 0008
843 0008
844 0008
845 0008
846 0008
847 0008
848 0008
849 0200
850 0040
851 0040
852 0040
854 0008
855 0008
856 0008
857 0008
858 4000
859 0008
860 0001
861 8000
862 0008
863 0008
864 0008
865 0008
866 0008
867 0800
869 0004
870 0008
871 0008
872 0008
873 0008
874 0008
875 0002
876 0008
877 0002
878 0008
879 0008
880 0008
881 0008
882 0008
883 0008
884 0008
885 0008
886 0008
887 0008
888 0008
889 0008
890 0008
891 0008
892 0008
893 0008
894 4000
895 0008
896 0008
897 0008
898 0008
899 0008
900 0008
901 0008
902 0008
903 0008
905 0008
906 0008
907 0008
908 0008
909 0008
910 0004
911 0008
912 0008
913 0008
914 0008
915 0008
916 0008
917 0008
918 0008
919 0008
920 0008
921 0008
922 0008
923 0008
924 0002
925 0008
926 0008
927 0008
928 0100
929 0002
930 0008
931 0008
932 0001
933 0008
934 0008
935 0008
936 0010
937 0002
938 0008
939 0020
941 0008
942 0008
943 0020
944 0008
945 0008
946 0008
948 0008
949 0400
950 0008
951 0008
952 0008
953 0008
954 0008
955 0008
956 0008
957 0008
958 0008
959 0008
960 0008
962 0002
963 0008
964 0008
965 0008
966 0200
967 0100
969 0002
970 0008
971 0008
972 0008
973 0008
974 0008
975 0008
978 0008
979 0008
980 0002
981 0010
982 0008
983 0008
984 0008
985 0008
986 0008
987 0800
988 0800
989 0008
990 0008
991 0008
992 0008
994 0008
995 0008
996 0008
997 0004
998 0008
999 0008
1000 0008
1001 1000
1002 0008
1003 0008
1005 0008
1006 0080
1007 0008
1008 0008
1009 0002
1010 0008
1011 0008
1012 0008
1013 0008
1015 0008
1016 0008
1017 0008
1018 4000
1019 0008
1020 0008
1021 0008
1022 0400
1023 0008
1024 0400
1025 4000
1026 0008
1028 0200
1029 0008
1030 0008
1031 0008
1033 0008
1034 0008
1036 0008
1037 0008
1038 0008
1039 0008
1040 0008
1041 0008
1042 4000
1043 0008
1044 0008
1045 0008
1046 0008
1047 0008
1048 0008
1049 0008
1050 0008
1052 0008
1053 0008
1054 0008
1055 0008
1056 0008
1057 0008
1058 0008
1059 0008
1060 0010
1062 4000
1065 0008
1066 0008
1067 0008
1068 0008
1069 0008
1070 0080
1071 0008
1072 0008
1073 0008
1074 0008
1076 0008
1077 0008
1078 0008
1080 0020
1081 8000
1082 0400
1083 0002
1084 0008
1085 1000
1087 0008
1088 0008
1090 0008
1091 0008
1092 0010
1093 0008
1094 0008
1095 0008
1096 0008
1097 0008
1098 0008
1099 0008
1101 0008
1102 0008
1103 0008
1104 0008
1105 0008
1106 0008
1107 0004
1108 0008
1109 0008
1110 0008
1111 0008
1112 0002
1113 0080
1114 0008
1116 1000
1117 0010
1118 0008
1120 2000
1121 0008
1122 0008
1124 0100
1125 0008
1126 0008
1127 0800
1128 1000
1129 0008
1130 0008
1131 0008
1132 0008
1133 0004
1135 0008
1139 0008
1140 0008
1141 0002
1142 0008
1143 0008
1144 0008
1145 0008
1146 0008
1147 0008
1148 0008
1149 0008
1150 0008
1151 0008
1153 0008
1154 0008
1155 0008
1156 0008
1157 0008
1158 0008
1159 0008
1160 0800
1161 0008
1162 0008
1163 0008
1164 0008
1165 0008
1166 0008
1168 0008
1169 0008
1170 0008
1171 0008
1173 0008
1174 0008
1175 0008
1176 0008
1177 0200
1178 0008
1179 0008
1180 0008
1181 0008
1182 0010
1183 0400
1184 0008
1185 0008
1186 0002
1187 0008
1190 0008
1191 0008
1192 0008
1193 0001
1194 0008
1195 0008
1197 0008
1198 0008
1199 0008
1200 0200
1201 0004
1202 0008
1203 0008
1204 0008
1205 8000
1207 0008
1208 0008
1209 0008
1210 0008
1211 0008
1212 0008
1213 0001
1214 0008
1215 0008
1216 0008
1217 0008
1218 0008
1219 2000
1220 0008
1221 0008
1222 0020
1224 1000
1225 0008
1226 0008
1227 0008
1228 0008
1229 0008
1231 0008
1232 1000
1233 0008
1234 0008
1235 0008
1237 0008
1238 0002
1239 0001
1240 0008
1241 0008
1242 0008
1243 0008
1244 0200
1245 0008
1246 0008
1247 0008
1248 0008
1249 0008
1250 0010
1251 0008
1252 0008
1253 0100
1254 0008
1255 8000
1256 0008
1257 0008
1258 0008
1259 0008
1261 0008
1262 0008
1264 0008
1265 0008
1267 0008
1268 0008
1269 0008
1270 0008
1271 2000
1272 0008
1273 0008
1275 0008
1276 0008
1277 0008
1279 0008
1280 0008
1281 0400
1282 0008
1284 0200
1285 0008
1286 0010
1287 0008
1289 0008
1290 0008
1291 0004
1292 8000
1293 0010
1294 0008
1295 0040
1296 0004
1297 0008
1298 0008
1299 0004
1300 0008
1301 0008
1302 0008
1303 0008
1304 0008
1305 0008
1307 0008
1308 0008
1310 0040
1311 0008
1312 0008
1313 0004
1314 0400
1315 0008
1317 8000
1318 0400
1319 0008
1320 0008
1321 0008
1322 0800
1323 0008
1324 0008
1325 0008
1326 0008
1327 0008
1328 0008
1329 0008
1330 0008
1331 4000
1332 0008
1333 0040
1334 0008
1335 0400
1336 0008
1337 0008
1338 0008
1339 0008
1340 4000
1342 0008
1344 0008
1345 0008
1346 0008
1348 0008
1349 0008
1350 0008
1351 0008
1353 0008
1354 0020
1355 0008
1356 0008
1357 0008
1358 0008
1359 0008
1360 0008
1361 0008
1362 0008
1363 0040
1364 0002
1365 0008
1366 0008
1368 0008
1369 0008
1370 0008
1371 0008
1372 0040
1373 0008
1374 0008
1375 0008
1377 0008
1378 0010
1379 0008
1380 1000
1381 0008
1382 0008
1383 0008
1384 0008
1386 0008
1387 0008
1389 0008
1390 0008
1391 0008
1392 0800
1393 0008
1394 0008
1395 0008
1396 0008
1397 0008
1399 0008
1400 0100
1401 0008
1402 0002
1403 0008
1404 0008
1405 0100
1406 0020
1407 0008
1408 0008
1409 0008
1410 8000
1411 0008
1412 0010
1413 0008
1414 0008
1415 0008
1416 0008
1417 0008
1418 0008
1419 0800
1420 0008
1421 0008
1422 0008
1423 0008
1424 0008
1425 1000
1427 0008
1428 2000
1429 0008
1430 0008
1431 0008
1433 0008
1434 0008
1435 0008
1438 0008
1439 0008
1440 0008
1442 0008
1443 0008
1444 0008
1445 0008
1446 0008
1447 0080
1448 0200
1449 8000
1451 0008
1452 4000
1453 0080
1454 0008
1455 0008
1456 0008
1457 0008
1458 0008
1459 0400
1460 0008
1461 0008
1462 1000
1463 0008
1464 0008
1465 0400
1466 0010
1467 0008
1468 0008
1469 0008
1472 0008
1473 0020
1474 0008
1475 0008
1476 0008
1478 0008
1479 0008
1480 0008
1481 0008
1482 0008
1483 0008
1484 0008
1485 0008
1486 4000
1487 0008
1488 0008
1489 0040
1490 0008
1491 0008
1492 0004
1493 0008
1494 0008
1495 0008
1496 0008
1497 0008
1498 0010
1499 0008
1501 0008
1502 0008
1503 0008
1504 0008
1505 0040
1506 0008
1507 0008
1508 0008
1509 0008
1510 0008
1511 0008
1512 0008
1513 0008
1514 0008
1515 0008
1517 0008
1518 0008
1519 0008
1520 0008
1521 0008
1522 0008
1523 0008
1524 0008
1525 0002
1526 0008
1528 0008
1529 1000
1531 0008
1533 0008
1534 0008
1535 0008
1536 0100
1537 0008
1538 0008
1539 0010
1540 0008
1541 0002
1542 0008
1543 0400
1544 0008
1545 0008
1546 0008
1547 0008
1548 0100
1549 0008
1550 0008
1551 0008
1552 0008
1553 0004
1554 2000
1555 0008
1556 0008
1557 0008
1558 0008
1559 4000
1560 0008
1561 0008
1562 0008
1563 0008
1564 0008
1565 0008
1566 0008
1567 0008
1568 0008
1569 4000
1570 0008
1571 0008
1572 0010
1573 0008
1575 0008
1576 0200
1577 0008
1578 0008
1579 2000
1580 0020
1581 0008
1582 0008
1584 0008
1585 0200
1586 0008
1587 0008
1588 0008
1589 0008
1590 0004
1591 0008
1592 0008
1593 0008
1594 0008
1595 0008
1596 0008
1597 0008
1598 0008
1599 0004
1600 0040
1601 0008
1602 0008
1603 0008
1604 0001
1605 0008
1606 8000
1607 0008
1608 0008
1609 0008
1610 0008
1611 0008
1612 0008
1613 0200
1614 0008
1615 0008
1616 0008
1617 0008
1618 0008
1619 0008
1620 0008
1621 0008
1622 0008
1623 0008
1624 0008
1625 0008
1626 0008
1627 0008
1629 0008
1630 0008
1631 0008
1632 0400
1633 0008
1635 0008
1636 0008
1637 0008
1638 0008
1639 0008
1640 0008
1641 0008
1642 0008
1644 0008
1645 0020
1646 0008
1647 0008
1648 0008
1650 0008
1651 0400
1652 0008
1653 0008
1654 0080
1656 0008
1657 0008
1659 0008
1660 1000
1661 0008
1662 0001
1663 0008
1664 0008
1665 0008
1666 0008
1667 0008
1668 0008
1669 0010
1670 0008
1671 0008
1672 0008
1673 0008
1675 0008
1676 0008
1677 0008
1678 0008
1680 0008
1681 0008
1682 0008
1683 0008
1685 0008
1686 0008
1687 0008
1688 0008
1689 0008
1690 0008
1691 0400
1692 0008
1693 0001
1694 8000
1695 0008
1696 0002
1697 0008
1698 0040
1699 0008
1700 0008
1701 0100
1702 0008
1703 0008
1704 0008
1705 0001
1706 0008
1707 0008
1708 0020
1709 0008
1710 0008
1711 0008
1712 0008
1713 0008
1714 0008
1715 0008
1716 0008
1719 0008
1720 0008
1721 0008
1722 0008
1723 0004
1724 0008
1725 0008
1726 0010
1728 0040
1729 0008
1730 0008
1731 0008
1732 0008
1733 0008
1734 0008
1735 0008
1736 0008
1737 0008
1738 0800
1739 0008
1740 0008
1742 0008
1743 0008
1744 0100
1745 0008
1746 0008
1747 0008
1749 0008
1750 0008
1751 0008
1752 0008
1753 0800
1754 0020
1755 0008
1756 0008
1757 0008
1758 0008
1759 0008
1760 0400
1761 0008
1762 0200
1763 0001
1764 0008
1765 0008
1766 0004
1767 0008
1768 0008
1769 0008
1770 0008
1771 1000
1772 0008
1773 0008
1774 0008
1775 0008
1777 4000
1778 0008
1779 0008
1780 0008
1782 0008
1784 0008
1785 0008
1786 0008
1789 0008
1790 0008
1791 0002
1792 0008
1793 0008
1794 0008
1796 0008
1797 0008
1798 0008
1799 8000
1802 0008
1803 0200
1804 0008
1806 0004
1807 1000
1808 0008
1809 0008
1810 0008
1811 0200
1812 0008
1814 0008
1816 0008
1821 0008
1822 0008
1823 0008
1824 0008
1825 0008
1826 2000
1827 0008
1828 0008
1829 0200
1830 0008
1831 0008
1832 0002
1833 0008
1834 0008
1836 0008
1838 1000
1839 0100
1840 0008
1841 0008
1842 0008
1843 0080
1844 0008
1845 0002
1847 0008
1848 0008
1849 0008
1850 0008
1851 0008
1852 0008
1853 0008
1854 0040
1855 0008
1856 0008
1857 0008
1858 1000
1859 0008
1860 0008
1861 0008
1862 0010
1863 0008
1864 0008
1865 0008
1866 4000
1867 0020
1868 0008
1869 0008
1870 0008
1871 0008
1872 0008
1873 0008
1874 0008
1875 0008
1876 0008
1877 0002
1878 0040
1879 0008
1880 0008
1881 1000
1882 0008
1883 0008
1884 0020
1886 0008
1887 0008
1888 0008
1890 0008
1892 0008
1893 0008
1894 0020
1895 0008
1896 0008
1897 0008
1899 8000
1900 0008
1901 0008
1902 8000
1903 0008
1904 0008
1905 4000
1906 0008
1907 0008
1908 0008
1910 0008
1913 0008
1914 0008
1915 0008
1916 0008
1918 0008
1919 0008
1920 0008
1921 0008
1922 0002
1924 0008
1925 0008
1926 0008
1927 2000
1928 0008
1929 0008
1930 0008
1931 0008
1932 0008
1933 0008
1934 0008
1935 0008
1936 0008
1937 0008
1938 0008
1939 0100
1940 0008
1941 0008
1942 0008
1943 0008
1944 2000
1945 0020
1948 0008
1949 0008
1951 0008
1952 0008
1953 0008
1954 0008
1955 0008
1956 4000
1958 0008
1959 0008
1960 0008
1961 0008
1962 8000
1963 0008
1964 0008
1965 0800
1966 0008
1967 0008
1968 0008
1969 0008
1970 0008
1971 0008
1973 0008
1974 0008
1975 0008
1976 0008
1977 0008
1978 0008
1980 0008
1981 0008
1982 0008
1983 0400
1984 0020
1985 0008
1986 0008
1987 0008
1988 0008
1989 0008
1990 0008
1991 0020
1992 0008
1993 0008
1994 0008
1995 0200
1996 0008
1999 0008
2000 0008
2001 0008
2002 0008
2004 0008
2005 0001
2006 0008
2007 0008
2008 0008
2009 0008
2010 0008
2011 0008
2012 0008
2013 0008
2014 0008
2015 0080
2016 0008
2018 0008
2019 0008
2020 0008
2021 0008
2022 0008
2024 0008
2025 0008
2026 0008
2027 0008
2028 0008
2030 0008
2031 0008
2032 0008
2033 0008
2034 0040
2035 0008
2036 0400
2037 0008
2038 0200
2039 0008
2040 0008
2041 0008
2042 0008
2043 0008
2044 0001
2045 0008
2046 0008
2047 0008
