0 0001
1 0004
2 0001
3 0001
4 0001
5 0004
6 8000
7 0001
9 2000
10 0001
11 0001
13 0001
14 0001
15 0001
16 0001
17 0001
18 0001
19 0001
20 0001
21 1000
22 0001
24 0001
25 0008
26 0001
28 0001
29 0001
30 0001
31 0001
32 4000
33 0001
34 0001
35 0001
36 0001
37 0001
39 0001
40 0002
41 0001
42 0001
43 0001
45 0001
46 0020
48 0001
49 0001
50 0001
51 0001
52 0080
53 0001
55 0001
56 0040
57 0001
58 0001
59 8000
60 0001
61 0001
62 0001
63 0001
64 2000
67 0001
68 0001
69 4000
70 0001
71 0001
72 0001
73 0001
74 0001
75 0001
76 0004
77 0001
78 0001
79 0001
80 2000
81 0001
82 0001
83 0001
85 4000
86 0001
87 0001
88 0002
89 0001
91 0001
92 4000
93 0002
94 0001
95 0001
96 0001
97 0001
98 0010
99 0008
101 0001
102 0001
103 0001
104 0001
105 0001
107 0001
108 0001
109 0001
110 0001
111 0001
112 0100
113 0001
114 0001
115 0001
116 0001
117 0001
118 0001
120 0001
121 0001
122 0001
123 0001
124 0001
125 0080
126 0001
127 0200
128 0001
129 0001
130 0001
131 0001
132 0001
133 0001
134 0010
135 0001
137 0100
138 0001
139 0800
140 1000
141 0001
142 0001
143 0001
144 0020
145 0001
146 0100
147 0004
148 0001
149 0004
151 0002
152 0001
153 0001
154 0001
155 0001
156 0001
157 0001
158 0004
159 0200
161 0001
163 0001
164 0004
165 0001
166 0001
167 0001
168 0001
169 0001
170 0800
171 0001
172 0001
174 0001
175 0020
176 0001
177 0001
178 0001
179 0040
180 0001
182 0001
183 0001
184 0001
185 0001
186 0001
187 0002
188 0001
189 0010
190 0001
191 0001
192 0001
193 0001
195 0001
196 0001
197 0001
198 0001
199 0001
200 0001
201 4000
202 0001
203 0001
204 0001
205 0001
206 0001
207 4000
208 0001
209 0001
210 0001
211 0001
212 0001
213 0001
214 0002
215 0001
216 0001
217 0001
218 0001
219 0001
220 0001
221 0001
222 0001
223 0001
224 4000
225 0001
226 0200
227 0001
228 0001
229 0020
230 1000
231 0020
232 0400
233 0001
234 0001
236 0004
237 0001
238 0020
239 0001
240 0001
241 0001
242 0100
243 0010
244 0001
245 0001
246 0001
248 0001
249 0001
251 0001
252 0001
253 0400
254 0001
255 0800
256 8000
257 0001
258 0010
259 0001
260 0800
261 0001
262 0001
263 0001
264 0001
265 0100
267 0001
268 0001
269 0001
270 0001
271 0001
272 0001
273 0001
275 0001
276 0001
277 0001
278 0001
280 0001
281 0001
282 0001
283 0001
284 0001
285 0001
286 0001
287 0001
288 0010
289 0020
290 0001
291 0001
292 0010
294 0001
295 0001
296 0001
297 0001
298 0002
299 0001
300 1000
301 0001
302 0001
303 0001
304 0001
305 0001
307 0001
308 0001
309 0001
311 0001
312 0001
313 0001
314 0001
315 0001
317 0001
318 0001
319 0001
320 0100
321 0001
322 0001
323 0001
324 0040
325 0001
326 0001
327 0001
328 0001
329 0001
330 0001
331 0001
332 0001
333 0001
334 0001
336 0001
337 0001
338 0001
339 0001
340 0400
341 0001
342 0001
344 0001
345 0001
346 0001
348 0001
349 0001
350 0001
351 0001
352 0040
354 0001
355 0001
356 0001
357 0001
358 0001
359 0001
360 0400
362 0001
363 0040
364 0100
365 0400
366 0001
367 0001
369 0001
370 0001
371 4000
372 0001
373 0001
375 0001
376 2000
378 0001
379 0001
380 0001
381 0001
382 0001
383 0001
384 0001
385 0040
386 0001
387 0001
388 0001
389 0001
390 0001
391 0001
392 0001
393 0020
394 0001
395 0001
396 0008
397 0001
398 0001
399 0001
400 0001
401 0001
402 0001
403 0001
404 0001
405 0001
406 0001
407 0001
408 0001
409 0001
410 0001
411 0001
412 0001
413 0001
414 0001
415 0001
416 2000
418 0001
419 0001
420 0008
421 0001
422 0001
424 0040
426 0001
427 0001
428 0001
429 0001
430 0001
432 0100
433 0008
434 0001
435 0001
436 0001
437 0001
438 0001
439 0001
440 0001
441 0008
443 0400
444 0004
445 0001
446 0001
447 0001
449 0001
450 0001
451 0001
452 0001
454 0001
457 0001
458 0001
459 0001
460 0001
461 0001
462 0001
463 0001
464 0001
465 0001
466 0001
467 0001
468 0001
469 0002
471 0001
472 0001
473 0001
474 0001
476 0004
477 0001
478 4000
480 0001
481 0001
482 0800
483 0001
484 0001
485 0001
486 0001
487 0001
488 4000
489 0001
490 0001
491 0001
492 0001
493 0001
494 0001
496 0001
497 0001
498 1000
499 0001
500 0001
501 0001
502 0008
503 0001
504 0001
506 0200
507 0001
508 0001
509 0001
510 0001
511 0001
513 0001
515 0002
516 0001
518 0001
520 0001
521 0001
522 0001
523 0001
524 0001
525 8000
526 0040
527 0001
528 0001
529 0001
530 0001
531 0004
532 0010
533 0001
534 0004
535 4000
536 0001
537 0001
538 0001
539 0001
540 0001
541 0001
542 0001
543 0001
544 0001
545 0001
546 0001
547 4000
548 0100
549 0001
550 0001
551 0001
552 0010
553 0001
555 0001
556 0001
557 0001
559 0001
560 0001
561 0001
562 0001
563 0001
564 0001
565 0080
566 0001
567 0001
568 0001
569 0001
570 0001
571 0200
572 0001
573 0001
574 0001
575 0001
576 0001
577 0001
580 0001
582 2000
583 0001
584 0001
585 0001
586 0800
587 0001
588 0001
589 0001
590 0001
591 0001
592 0080
594 8000
595 0001
596 0004
597 0001
598 0001
600 0001
602 0008
603 0001
604 0001
606 0001
607 0001
608 1000
609 0100
610 0001
611 0040
612 0001
613 0001
614 0001
615 0001
616 0001
617 0001
618 0001
619 0001
620 0001
621 0001
622 0040
623 0010
624 0001
625 8000
627 0001
628 0010
629 0001
631 0001
632 0001
633 0001
634 0001
635 0001
636 0001
637 0001
638 0001
640 0001
641 0001
642 0400
643 0001
646 0001
647 0001
649 0001
650 0001
651 0001
652 0001
653 0001
654 0001
655 0001
656 0001
657 0010
658 0001
659 0001
660 0001
662 0001
663 0001
664 0001
665 0001
666 0001
667 0001
669 0001
670 0001
671 0001
672 0001
674 0001
675 0001
676 0001
677 0001
678 0001
679 0001
680 0001
681 0001
682 0001
683 0001
684 0001
685 0001
686 0001
687 0001
688 0001
689 0001
690 0001
691 0001
692 0001
693 0001
694 0001
695 0001
696 0001
697 0001
698 0001
699 0001
701 0001
702 0001
703 0008
705 0001
707 0001
708 0001
709 0001
710 0001
711 0040
712 0001
713 0001
714 0001
715 0100
716 0001
718 0001
719 0001
720 0002
721 0001
722 0001
723 0001
724 0001
725 0010
726 0200
727 0001
728 0001
729 0001
730 8000
731 0001
732 0100
733 0002
735 0001
736 0001
737 0001
738 0001
740 0001
741 0001
742 0001
743 0001
744 0100
745 0001
747 0004
748 0001
749 0001
750 0001
751 0001
752 0001
753 0001
754 0001
755 0001
756 0001
757 0008
758 0001
759 0020
761 0001
762 0001
763 0001
764 0800
765 0004
766 0001
767 0001
768 0001
769 0001
770 0001
771 0001
772 0001
773 8000
774 0001
776 0100
778 0001
779 0001
780 0001
781 0001
783 0001
784 0001
785 0001
786 0001
787 0008
788 0400
789 0001
790 0001
791 0001
792 0001
793 0001
794 0001
795 8000
796 0001
797 0004
798 0001
799 0001
800 0001
801 0001
802 0004
803 0001
804 0001
807 0001
808 0001
809 0001
810 0001
811 0001
812 0001
814 0001
815 0001
816 0200
818 0001
819 0001
820 0001
821 0001
822 0001
823 0001
824 0001
825 0001
826 0080
827 0001
828 0001
829 0001
830 0001
831 0001
833 0001
834 0001
835 0010
836 0001
837 0001
838 0001
839 0001
840 0001
841 0001
842 0001
843 0001
844 0001
845 0001
846 0001
847 0001
848 0001
849 4000
850 0080
851 0080
852 0080
854 0001
855 0001
856 0001
857 0001
858 8000
859 0001
860 0200
861 1000
862 0001
863 0001
864 0001
865 0001
866 0001
867 0100
869 0008
870 0001
871 0001
872 0001
873 0001
874 0001
875 0040
876 0001
877 0040
878 0001
879 0001
880 0001
881 0001
882 0001
883 0001
884 0001
885 0001
886 0001
887 0001
888 0001
889 0001
890 0001
891 0001
892 0001
893 0001
894 8000
895 0001
896 0001
897 0001
898 0001
899 0001
900 0001
901 0001
902 0001
903 0001
905 0001
906 0001
907 0001
908 0001
909 0001
910 0008
911 0001
912 0001
913 0001
914 0001
915 0001
916 0001
917 0001
918 0001
919 0001
920 0001
921 0001
922 0001
923 0001
924 0040
925 0001
926 0001
927 0001
928 0002
929 0040
930 0001
931 0001
932 0200
933 0001
934 0001
935 0001
936 2000
937 0040
938 0001
939 0400
941 0001
942 0001
943 0400
944 0001
945 0001
946 0001
948 0001
949 0800
950 0001
951 0001
952 0001
953 0001
954 0001
955 0001
956 0001
957 0001
958 0001
959 0001
960 0001
962 0040
963 0001
964 0001
965 0001
966 4000
967 0002
969 0040
970 0001
971 0001
972 0001
973 0001
974 0001
975 0001
978 0001
979 0001
980 0040
981 2000
982 0001
983 0001
984 0001
985 0001
986 0001
987 0100
988 0100
989 0001
990 0001
991 0001
992 0001
994 0001
995 0001
996 0001
997 0008
998 0001
999 0001
1000 0001
1001 0020
1002 0001
1003 0001
1005 0001
1006 0010
1007 0001
1008 0001
1009 0040
1010 0001
1011 0001
1012 0001
1013 0001
1015 0001
1016 0001
1017 0001
1018 8000
1019 0001
1020 0001
1021 0001
1022 0800
1023 0001
1024 0800
1025 8000
1026 0001
1028 4000
1029 0001
1030 0001
1031 0001
1033 0001
1034 0001
1036 0001
1037 0001
1038 0001
1039 0001
1040 0001
1041 0001
1042 8000
1043 0001
1044 0001
1045 0001
1046 0001
1047 0001
1048 0001
1049 0001
1050 0001
1052 0001
1053 0001
1054 0001
1055 0001
1056 0001
1057 0001
1058 0001
1059 0001
1060 2000
1062 8000
1065 0001
1066 0001
1067 0001
1068 0001
1069 0001
1070 0010
1071 0001
1072 0001
1073 0001
1074 0001
1076 0001
1077 0001
1078 0001
1080 0400
1081 1000
1082 0800
1083 0040
1084 0001
1085 0020
1087 0001
1088 0001
1090 0001
1091 0001
1092 2000
1093 0001
1094 0001
1095 0001
1096 0001
1097 0001
1098 0001
1099 0001
1101 0001
1102 0001
1103 0001
1104 0001
1105 0001
1106 0001
1107 0008
1108 0001
1109 0001
1110 0001
1111 0001
1112 0040
1113 0010
1114 0001
1116 0020
1117 2000
1118 0001
1120 0004
1121 0001
1122 0001
1124 0002
1125 0001
1126 0001
1127 0100
1128 0020
1129 0001
1130 0001
1131 0001
1132 0001
1133 0008
1135 0001
1139 0001
1140 0001
1141 0040
1142 0001
1143 0001
1144 0001
1145 0001
1146 0001
1147 0001
1148 0001
1149 0001
1150 0001
1151 0001
1153 0001
1154 0001
1155 0001
1156 0001
1157 0001
1158 0001
1159 0001
1160 0100
1161 0001
1162 0001
1163 0001
1164 0001
1165 0001
1166 0001
1168 0001
1169 0001
1170 0001
1171 0001
1173 0001
1174 0001
1175 0001
1176 0001
1177 4000
1178 0001
1179 0001
1180 0001
1181 0001
1182 2000
1183 0800
1184 0001
1185 0001
1186 0040
1187 0001
1190 0001
1191 0001
1192 0001
1193 0200
1194 0001
1195 0001
1197 0001
1198 0001
1199 0001
1200 4000
1201 0008
1202 0001
1203 0001
1204 0001
1205 1000
1207 0001
1208 0001
1209 0001
1210 0001
1211 0001
1212 0001
1213 0200
1214 0001
1215 0001
1216 0001
1217 0001
1218 0001
1219 0004
1220 0001
1221 0001
1222 0400
1224 0020
1225 0001
1226 0001
1227 0001
1228 0001
1229 0001
1231 0001
1232 0020
1233 0001
1234 0001
1235 0001
1237 0001
1238 0040
1239 0200
1240 0001
1241 0001
1242 0001
1243 0001
1244 4000
1245 0001
1246 0001
1247 0001
1248 0001
1249 0001
1250 2000
1251 0001
1252 0001
1253 0002
1254 0001
1255 1000
1256 0001
1257 0001
1258 0001
1259 0001
1261 0001
1262 0001
1264 0001
1265 0001
1267 0001
1268 0001
1269 0001
1270 0001
1271 0004
1272 0001
1273 0001
1275 0001
1276 0001
1277 0001
1279 0001
1280 0001
1281 0800
1282 0001
1284 4000
1285 0001
1286 2000
1287 0001
1289 0001
1290 0001
1291 0008
1292 1000
1293 2000
1294 0001
1295 0080
1296 0008
1297 0001
1298 0001
1299 0008
1300 0001
1301 0001
1302 0001
1303 0001
1304 0001
1305 0001
1307 0001
1308 0001
1310 0080
1311 0001
1312 0001
1313 0008
1314 0800
1315 0001
1317 1000
1318 0800
1319 0001
1320 0001
1321 0001
1322 0100
1323 0001
1324 0001
1325 0001
1326 0001
1327 0001
1328 0001
1329 0001
1330 0001
1331 8000
1332 0001
1333 0080
1334 0001
1335 0800
1336 0001
1337 0001
1338 0001
1339 0001
1340 8000
1342 0001
1344 0001
1345 0001
1346 0001
1348 0001
1349 0001
1350 0001
1351 0001
1353 0001
1354 0400
1355 0001
1356 0001
1357 0001
1358 0001
1359 0001
1360 0001
1361 0001
1362 0001
1363 0080
1364 0040
1365 0001
1366 0001
1368 0001
1369 0001
1370 0001
1371 0001
1372 0080
1373 0001
1374 0001
1375 0001
1377 0001
1378 2000
1379 0001
1380 0020
1381 0001
1382 0001
1383 0001
1384 0001
1386 0001
1387 0001
1389 0001
1390 0001
1391 0001
1392 0100
1393 0001
1394 0001
1395 0001
1396 0001
1397 0001
1399 0001
1400 0002
1401 0001
1402 0040
1403 0001
1404 0001
1405 0002
1406 0400
1407 0001
1408 0001
1409 0001
1410 1000
1411 0001
1412 2000
1413 0001
1414 0001
1415 0001
1416 0001
1417 0001
1418 0001
1419 0100
1420 0001
1421 0001
1422 0001
1423 0001
1424 0001
1425 0020
1427 0001
1428 0004
1429 0001
1430 0001
1431 0001
1433 0001
1434 0001
1435 0001
1438 0001
1439 0001
1440 0001
1442 0001
1443 0001
1444 0001
1445 0001
1446 0001
1447 0010
1448 4000
1449 1000
1451 0001
1452 8000
1453 0010
1454 0001
1455 0001
1456 0001
1457 0001
1458 0001
1459 0800
1460 0001
1461 0001
1462 0020
1463 0001
1464 0001
1465 0800
1466 2000
1467 0001
1468 0001
1469 0001
1472 0001
1473 0400
1474 0001
1475 0001
1476 0001
1478 0001
1479 0001
1480 0001
1481 0001
1482 0001
1483 0001
1484 0001
1485 0001
1486 8000
1487 0001
1488 0001
1489 0080
1490 0001
1491 0001
1492 0008
1493 0001
1494 0001
1495 0001
1496 0001
1497 0001
1498 2000
1499 0001
1501 0001
1502 0001
1503 0001
1504 0001
1505 0080
1506 0001
1507 0001
1508 0001
1509 0001
1510 0001
1511 0001
1512 0001
1513 0001
1514 0001
1515 0001
1517 0001
1518 0001
1519 0001
1520 0001
1521 0001
1522 0001
1523 0001
1524 0001
1525 0040
1526 0001
1528 0001
1529 0020
1531 0001
1533 0001
1534 0001
1535 0001
1536 0002
1537 0001
1538 0001
1539 2000
1540 0001
1541 0040
1542 0001
1543 0800
1544 0001
1545 0001
1546 0001
1547 0001
1548 0002
1549 0001
1550 0001
1551 0001
1552 0001
1553 0008
1554 0004
1555 0001
1556 0001
1557 0001
1558 0001
1559 8000
1560 0001
1561 0001
1562 0001
1563 0001
1564 0001
1565 0001
1566 0001
1567 0001
1568 0001
1569 8000
1570 0001
1571 0001
1572 2000
1573 0001
1575 0001
1576 4000
1577 0001
1578 0001
1579 0004
1580 0400
1581 0001
1582 0001
1584 0001
1585 4000
1586 0001
1587 0001
1588 0001
1589 0001
1590 0008
1591 0001
1592 0001
1593 0001
1594 0001
1595 0001
1596 0001
1597 0001
1598 0001
1599 0008
1600 0080
1601 0001
1602 0001
1603 0001
1604 0200
1605 0001
1606 1000
1607 0001
1608 0001
1609 0001
1610 0001
1611 0001
1612 0001
1613 4000
1614 0001
1615 0001
1616 0001
1617 0001
1618 0001
1619 0001
1620 0001
1621 0001
1622 0001
1623 0001
1624 0001
1625 0001
1626 0001
1627 0001
1629 0001
1630 0001
1631 0001
1632 0800
1633 0001
1635 0001
1636 0001
1637 0001
1638 0001
1639 0001
1640 0001
1641 0001
1642 0001
1644 0001
1645 0400
1646 0001
1647 0001
1648 0001
1650 0001
1651 0800
1652 0001
1653 0001
1654 0010
1656 0001
1657 0001
1659 0001
1660 0020
1661 0001
1662 0200
1663 0001
1664 0001
1665 0001
1666 0001
1667 0001
1668 0001
1669 2000
1670 0001
1671 0001
1672 0001
1673 0001
1675 0001
1676 0001
1677 0001
1678 0001
1680 0001
1681 0001
1682 0001
1683 0001
1685 0001
1686 0001
1687 0001
1688 0001
1689 0001
1690 0001
1691 0800
1692 0001
1693 0200
1694 1000
1695 0001
1696 0040
1697 0001
1698 0080
1699 0001
1700 0001
1701 0002
1702 0001
1703 0001
1704 0001
1705 0200
1706 0001
1707 0001
1708 0400
1709 0001
1710 0001
1711 0001
1712 0001
1713 0001
1714 0001
1715 0001
1716 0001
1719 0001
1720 0001
1721 0001
1722 0001
1723 0008
1724 0001
1725 0001
1726 2000
1728 0080
1729 0001
1730 0001
1731 0001
1732 0001
1733 0001
1734 0001
1735 0001
1736 0001
1737 0001
1738 0100
1739 0001
1740 0001
1742 0001
1743 0001
1744 0002
1745 0001
1746 0001
1747 0001
1749 0001
1750 0001
1751 0001
1752 0001
1753 0100
1754 0400
1755 0001
1756 0001
1757 0001
1758 0001
1759 0001
1760 0800
1761 0001
1762 4000
1763 0200
1764 0001
1765 0001
1766 0008
1767 0001
1768 0001
1769 0001
1770 0001
1771 0020
1772 0001
1773 0001
1774 0001
1775 0001
1777 8000
1778 0001
1779 0001
1780 0001
1782 0001
1784 0001
1785 0001
1786 0001
1789 0001
1790 0001
1791 0040
1792 0001
1793 0001
1794 0001
1796 0001
1797 0001
1798 0001
1799 1000
1802 0001
1803 4000
1804 0001
1806 0008
1807 0020
1808 0001
1809 0001
1810 0001
1811 4000
1812 0001
1814 0001
1816 0001
1821 0001
1822 0001
1823 0001
1824 0001
1825 0001
1826 0004
1827 0001
1828 0001
1829 4000
1830 0001
1831 0001
1832 0040
1833 0001
1834 0001
1836 0001
1838 0020
1839 0002
1840 0001
1841 0001
1842 0001
1843 0010
1844 0001
1845 0040
1847 0001
1848 0001
1849 0001
1850 0001
1851 0001
1852 0001
1853 0001
1854 0080
1855 0001
1856 0001
1857 0001
1858 0020
1859 0001
1860 0001
1861 0001
1862 2000
1863 0001
1864 0001
1865 0001
1866 8000
1867 0400
1868 0001
1869 0001
1870 0001
1871 0001
1872 0001
1873 0001
1874 0001
1875 0001
1876 0001
1877 0040
1878 0080
1879 0001
1880 0001
1881 0020
1882 0001
1883 0001
1884 0400
1886 0001
1887 0001
1888 0001
1890 0001
1892 0001
1893 0001
1894 0400
1895 0001
1896 0001
1897 0001
1899 1000
1900 0001
1901 0001
1902 1000
1903 0001
1904 0001
1905 8000
1906 0001
1907 0001
1908 0001
1910 0001
1913 0001
1914 0001
1915 0001
1916 0001
1918 0001
1919 0001
1920 0001
1921 0001
1922 0040
1924 0001
1925 0001
1926 0001
1927 0004
1928 0001
1929 0001
1930 0001
1931 0001
1932 0001
1933 0001
1934 0001
1935 0001
1936 0001
1937 0001
1938 0001
1939 0002
1940 0001
1941 0001
1942 0001
1943 0001
1944 0004
1945 0400
1948 0001
1949 0001
1951 0001
1952 0001
1953 0001
1954 0001
1955 0001
1956 8000
1958 0001
1959 0001
1960 0001
1961 0001
1962 1000
1963 0001
1964 0001
1965 0100
1966 0001
1967 0001
1968 0001
1969 0001
1970 0001
1971 0001
1973 0001
1974 0001
1975 0001
1976 0001
1977 0001
1978 0001
1980 0001
1981 0001
1982 0001
1983 0800
1984 0400
1985 0001
1986 0001
1987 0001
1988 0001
1989 0001
1990 0001
1991 0400
1992 0001
1993 0001
1994 0001
1995 4000
1996 0001
1999 0001
2000 0001
2001 0001
2002 0001
2004 0001
2005 0200
2006 0001
2007 0001
2008 0001
2009 0001
2010 0001
2011 0001
2012 0001
2013 0001
2014 0001
2015 0010
2016 0001
2018 0001
2019 0001
2020 0001
2021 0001
2022 0001
2024 0001
2025 0001
2026 0001
2027 0001
2028 0001
2030 0001
2031 0001
2032 0001
2033 0001
2034 0080
2035 0001
2036 0800
2037 0001
2038 4000
2039 0001
2040 0001
2041 0001
2042 0001
2043 0001
2044 0200
2045 0001
2046 0001
2047 0001
