0 0008
1 4000
2 00e0
3 1004
4 0008
5 0100
6 1210
9 4424
10 0010
11 4000
13 0424
14 0120
15 48e0
16 0008
17 0040
18 0108
19 4200
20 8499
21 0002
23 0201
24 0800
25 4802
26 0160
27 0004
28 0020
29 2092
30 00a1
31 0030
32 0184
33 0080
34 4804
35 0408
36 0208
38 1041
39 0902
40 2000
41 2000
42 0810
43 8000
44 0a00
45 0040
46 8404
47 8102
48 800a
49 0200
51 8000
52 3840
53 4400
55 8401
56 b000
58 0118
60 8a00
61 0044
62 1120
63 0020
64 4202
65 4a46
66 1048
67 0020
68 0400
69 2000
70 2008
71 5020
72 0020
73 0a01
74 0010
76 5084
77 0202
78 2200
79 04a0
80 0040
82 0480
83 0002
84 8009
85 1200
86 0101
87 0020
88 0018
89 8021
90 0080
91 0100
92 0010
93 2408
94 6020
96 a200
97 1886
98 0008
99 4008
100 0080
101 4820
102 4000
103 0062
104 4020
106 6810
108 0710
109 2e01
110 0880
111 2008
112 0003
113 9000
114 0286
116 5000
117 ca00
118 2000
119 0900
120 0002
121 0001
122 1181
123 3248
124 4800
125 0414
126 0080
127 0004
128 00a0
129 4008
130 4003
131 8808
133 8012
134 022a
135 1a00
136 0200
137 e000
138 4002
139 0088
140 0802
141 0180
142 4530
143 1005
144 c010
145 2282
146 0024
147 2042
148 0448
149 0410
150 912c
151 2104
152 0400
153 4052
154 4801
155 aaa2
156 0018
157 0020
158 2560
159 0040
160 4000
161 2d02
162 5200
163 0210
164 0002
166 0080
167 1040
168 0001
169 9c11
170 804d
171 20a0
172 9080
173 1002
174 c000
175 4008
176 2800
177 1204
178 0980
180 0800
181 0100
182 4a58
183 4020
185 0050
186 6100
187 0404
188 104c
189 004a
190 a212
191 4200
192 0148
193 0001
194 8058
195 00d4
196 0c00
197 0840
198 8004
199 0850
200 4800
201 0310
202 5100
203 0200
204 0140
206 2010
208 0080
209 0404
210 0410
211 04c1
212 2011
213 0c00
214 0400
215 010a
217 5408
218 8000
220 0250
221 0008
222 0001
223 1018
224 0060
225 20b0
226 8020
227 0100
228 0810
229 0060
230 0480
231 4000
232 1001
233 8004
234 8040
235 0020
236 0208
237 a450
238 0082
239 c080
240 0008
242 0004
243 c440
244 0002
246 4000
247 6209
248 0024
249 0200
250 1400
251 8100
252 6000
253 3002
254 0010
255 8000
256 1050
257 0804
258 0038
259 0a00
260 0010
261 0100
262 0004
263 0080
264 0700
265 8086
266 0889
268 0120
269 0008
271 000c
272 7888
273 0800
274 0204
275 0500
276 0604
277 0040
279 b0a8
280 4405
281 0011
282 2100
283 0080
284 0001
287 0880
288 1020
289 8080
290 0020
291 0c04
292 1428
293 0800
294 2802
295 0200
296 0400
297 4000
299 0005
300 4040
301 1041
302 0100
303 0410
304 0002
305 0140
306 0100
307 1801
308 1040
309 2000
310 6012
312 7000
314 a000
315 0840
316 0100
318 0004
319 0a20
320 0802
321 0010
322 1851
323 4020
325 4000
326 0855
327 7081
328 0200
329 0045
330 0026
331 0002
332 0010
333 00c2
334 0208
335 8400
336 012a
337 0c00
338 1a00
339 9410
340 0011
341 000c
342 0080
343 0100
344 8202
346 0302
347 0401
348 0020
349 0208
352 8020
353 1200
354 0100
355 0401
356 0428
357 0008
358 0040
359 4000
360 0002
362 0080
363 0060
365 4000
366 8820
367 2288
368 4001
370 9000
371 1000
372 0600
373 1088
375 4025
376 0008
377 0202
379 0020
380 0002
381 4004
382 4001
383 0800
384 0010
387 0408
388 0100
389 9200
390 2000
391 8003
392 2440
393 0001
394 0a00
396 1012
397 0009
399 0900
400 0a00
401 0001
402 0020
403 0010
404 1028
405 0c11
407 000e
408 4002
409 0480
410 5012
411 0010
412 0005
413 0040
414 0c08
417 0801
418 6002
419 01a0
420 1008
421 3500
422 2004
423 1a10
424 2201
425 2240
426 00a4
427 7000
428 0004
429 0880
430 0340
435 0020
436 8000
437 b140
438 0200
439 0800
440 00a9
441 0100
442 9280
443 8002
445 c040
449 8a00
450 0008
451 4004
452 2008
453 6440
455 1009
457 0180
458 082c
460 0080
461 6000
463 0100
464 0080
465 0888
466 0011
467 0414
468 0014
471 0004
472 0400
473 0050
474 0010
475 1100
476 0100
477 8983
478 4830
479 3010
480 2000
482 1100
483 30c0
484 0010
485 1400
486 4124
487 2848
488 0080
489 0100
490 0068
491 802a
492 0001
493 2084
494 0240
495 0204
496 8010
497 0010
498 0902
499 0201
500 2200
501 0801
502 1920
504 0880
505 28dc
507 2800
508 2014
509 0900
510 a000
511 1100
512 8000
513 0008
514 0a00
515 2010
518 c130
519 0808
520 802a
521 90e1
522 0c00
523 4060
524 28e4
525 0008
526 a410
527 0080
529 a001
530 0080
531 20c2
532 1880
533 6024
534 0081
536 105c
537 1001
538 8004
540 0103
542 2820
543 4201
544 2b00
545 5000
546 0902
547 2348
548 00a8
549 a008
550 6000
551 1340
552 9200
553 0202
554 4000
555 0004
557 0240
558 0409
559 c800
560 000c
561 8808
562 0403
563 e800
564 0200
566 0400
567 0a84
568 1000
570 0070
571 6501
573 0100
575 4000
576 1182
577 0120
579 9010
580 0620
581 0408
582 1800
583 1000
584 0020
585 0400
586 0010
587 0402
588 3008
589 0406
590 0002
591 8004
592 0008
593 2000
594 0040
596 4801
597 0008
598 0002
599 0048
600 1000
602 8210
603 0041
605 0120
606 000a
607 0404
608 3101
609 1008
610 0a21
612 0040
613 0140
614 0800
615 0018
616 1000
617 0010
618 4000
619 0008
620 2099
621 0760
622 01c0
623 1410
624 4000
625 0041
626 5100
627 0080
628 0020
629 0200
630 000a
631 02a0
634 0500
635 0440
637 0040
638 0100
639 0960
640 ffff
646 0808
647 7360
648 8491
649 0006
653 0808
654 4000
655 3360
656 0090
657 8401
658 0006
660 0808
662 5020
663 2340
664 0090
665 0400
666 8001
667 080e
669 4000
670 3060
671 0300
672 0010
673 0080
674 0c08
675 8001
676 0002
677 5004
678 2060
679 0300
680 0810
681 0088
683 8400
684 4001
685 1022
686 2244
687 0900
688 0018
689 0080
691 0400
692 d000
693 2061
694 0a02
695 010c
696 0010
698 0080
699 4000
700 1420
701 a848
702 0201
703 0100
704 0016
706 4080
707 1000
708 0828
709 2440
710 8200
711 0101
712 0010
713 0002
714 4884
715 1008
716 0020
717 2440
718 8200
719 0100
720 0011
721 4800
722 100a
723 00a4
724 2040
725 0200
726 0500
727 8000
728 0811
729 4008
730 1000
731 00a2
732 2044
733 0200
734 0100
735 0c00
736 c018
737 1001
739 00a0
740 2042
741 0200
742 0904
743 0408
744 4010
745 9000
746 0021
747 2040
748 0880
749 0202
750 0108
751 4004
752 1410
753 8000
754 0020
755 2841
756 0088
757 0200
758 0102
759 4000
760 1014
761 0420
762 8800
763 2048
764 0281
766 4100
768 1012
769 0c24
770 0008
771 a040
772 0280
773 4001
774 0100
775 1000
776 0810
777 002a
778 2440
779 0004
780 8200
781 4080
782 0901
783 1000
784 0038
786 2042
787 0400
788 4204
789 8880
790 1100
791 0009
792 0030
794 2040
795 0402
796 4a00
797 8084
798 1108
800 0031
801 2040
803 4a00
804 0402
805 1108
806 8084
807 0020
808 0011
809 2040
810 0800
811 4200
812 0408
813 1102
814 0080
815 8020
816 0014
817 2841
818 4008
819 0200
820 1000
821 0500
822 00a2
823 0800
824 8010
825 204c
826 4001
827 0200
828 1000
829 0100
830 0c20
831 0080
832 a05a
833 4000
834 0004
835 1201
837 0900
838 0420
839 0088
840 6050
841 8002
842 0200
843 1000
844 0805
845 0120
846 0008
847 0480
848 6050
850 9202
851 0800
853 012d
855 6040
856 0490
857 0800
858 1200
859 8002
860 0028
861 0100
862 0005
863 6040
864 0c90
865 1000
866 0200
867 8008
868 0022
869 0100
870 4000
871 2845
872 0090
873 1408
874 0200
876 8020
877 0102
878 4800
879 2040
880 1019
881 0284
882 0400
883 0020
884 0100
885 c800
886 2042
887 0008
888 1011
889 0280
890 0404
891 0820
892 0100
893 4000
894 a048
896 1012
897 0281
898 0800
899 0424
900 4100
901 0008
902 2040
903 9000
904 0010
905 0a82
906 0021
907 4000
908 050c
909 2040
911 9000
912 0810
913 0200
914 00a2
915 4009
916 0500
917 2040
918 1004
919 0800
920 8210
921 0020
922 4088
923 0002
924 0101
925 2c40
926 1000
927 0004
928 0210
929 8028
930 4080
932 0902
933 3041
934 0400
935 0008
936 0214
937 4020
938 8000
939 0880
940 2140
941 1002
942 0409
944 0230
945 4000
946 8804
947 0080
948 3140
949 0008
950 0002
951 0401
952 4230
953 0800
955 8084
956 3148
960 4e33
963 3148
964 8084
966 0800
967 4220
968 0411
969 0002
970 0008
971 3140
972 0080
973 8804
974 4000
975 0220
976 0010
977 0409
978 1002
979 2140
980 0880
981 8000
982 4020
983 0204
984 0018
985 0400
986 3041
987 0902
989 4080
990 8028
991 0200
992 0014
993 1000
994 2c40
995 0101
996 0002
997 4088
998 0020
999 8200
1000 0810
1001 1004
1002 2040
1003 0500
1004 4009
1005 00a2
1006 0200
1007 0800
1008 9010
1010 2040
1011 050c
1012 4000
1013 0021
1014 0a82
1016 9010
1017 2040
1018 0008
1019 4100
1020 0424
1021 0800
1022 0281
1024 1012
1025 a048
1026 4000
1027 0100
1028 0820
1029 0404
1030 0280
1031 1001
1032 0018
1033 2042
1034 c800
1035 0100
1036 0020
1037 0400
1038 0284
1039 1008
1040 2051
1041 4800
1042 0102
1043 8020
1045 0200
1046 1408
1047 0080
1048 2855
1049 4000
1050 0100
1051 0022
1052 8008
1053 0200
1054 1000
1055 0c80
1056 6050
1057 0005
1058 0100
1059 0028
1060 8002
1061 1200
1062 0800
1063 0480
1064 6050
1066 012d
1068 0800
1069 9202
1071 6040
1072 0490
1073 0008
1074 0120
1075 0805
1076 1000
1077 0200
1078 8002
1079 6040
1080 0098
1081 0420
1082 0900
1084 1201
1085 0004
1086 4000
1087 a048
1088 0092
1089 0c20
1090 0100
1091 1000
1092 0200
1093 4001
1094 204c
1095 8000
1096 0810
1097 00a2
1098 0500
1099 1000
1100 0200
1101 4008
1102 2841
1103 0004
1104 8030
1105 0080
1106 1102
1107 0408
1108 4200
1109 0800
1110 2040
1111 0001
1112 0030
1113 8084
1114 1108
1115 0402
1116 4a00
1118 2040
1120 0031
1121 1108
1122 8084
1123 4a00
1124 0402
1125 2040
1127 0020
1128 0019
1129 1100
1130 8880
1131 4204
1132 0400
1133 2042
1135 0028
1136 1010
1137 0901
1138 4080
1139 8200
1140 0004
1141 2440
1142 002a
1143 0800
1144 1010
1145 0100
1146 4001
1147 0280
1148 a040
1149 0008
1150 0c24
1152 1012
1153 4100
1155 0281
1156 2048
1157 8800
1158 0420
1159 1004
1160 4010
1161 0102
1162 0200
1163 0088
1164 2841
1165 0020
1166 8000
1167 1400
1168 4014
1169 0108
1170 0202
1171 0880
1172 2040
1173 0021
1174 9000
1175 4000
1176 0418
1177 0904
1178 0200
1179 2042
1180 00a0
1182 1001
1183 c008
1184 0c10
1185 0100
1186 0200
1187 2044
1188 00a2
1189 1000
1190 4008
1191 0801
1192 8010
1193 0500
1194 0200
1195 2040
1196 00a4
1197 100a
1198 4800
1200 0111
1201 8200
1202 2440
1203 0020
1204 1008
1205 4884
1206 0002
1208 0111
1209 8200
1210 2440
1211 0828
1212 1000
1213 4080
1215 0004
1216 0112
1217 0201
1218 a848
1219 1420
1220 4000
1221 0080
1224 011c
1225 0a02
1226 2061
1227 d000
1228 0400
1230 0080
1231 0008
1232 0910
1233 2244
1234 1022
1235 4001
1236 8400
1238 0088
1239 0800
1240 0310
1241 2060
1242 5004
1243 0002
1244 8001
1245 0c08
1246 0080
1248 0310
1249 3060
1250 4000
1252 080e
1253 8001
1254 0400
1255 0080
1256 2350
1257 5020
1259 0808
1261 0006
1262 8401
1263 0080
1264 3370
1265 4000
1266 0808
1270 0006
1271 8481
1272 7370
1273 0808
1280 000f
1281 000f
1282 000f
1283 000f
1284 000f
1285 000f
1286 000f
1287 000f
1288 000f
1289 000f
1290 000f
1291 000f
1292 000f
1293 000f
1294 000f
1295 000f
1296 000f
1297 000f
1298 000f
1299 000f
1300 000f
1301 000f
1302 000f
1303 000f
1304 000f
1305 000f
1306 000f
1307 000f
1308 000f
1309 000f
1310 000f
1311 000f
1312 000f
1313 000f
1314 000f
1315 000f
1316 000f
1317 000f
1318 000f
1319 000f
1320 000f
1321 000f
1322 000f
1323 000f
1324 000f
1325 000f
1326 000f
1327 000f
1328 000f
1329 000f
1330 000f
1331 000f
1332 000f
1333 000f
1334 000f
1335 000f
1336 000f
1337 000f
1338 000f
1339 000f
1340 000f
1341 000f
1342 000f
1343 000f
1344 0f00
1345 0f00
1346 0f00
1347 0f00
1348 0f00
1349 0f00
1350 0f00
1351 0f00
1352 0f00
1353 0f00
1354 0f00
1355 0f00
1356 0f00
1357 0f00
1358 0f00
1359 0f00
1360 0f00
1361 0f00
1362 0f00
1363 0f00
1364 0f00
1365 0f00
1366 0f00
1367 0f00
1368 0f00
1369 0f00
1370 0f00
1371 0f00
1372 0f00
1373 0f00
1374 0f00
1375 0f00
1376 0f00
1377 0f00
1378 0f00
1379 0f00
1380 0f00
1381 0f00
1382 0f00
1383 0f00
1384 0f00
1385 0f00
1386 0f00
1387 0f00
1388 0f00
1389 0f00
1390 0f00
1391 0f00
1392 0f00
1393 0f00
1394 0f00
1395 0f00
1396 0f00
1397 0f00
1398 0f00
1399 0f00
1400 0f00
1401 0f00
1402 0f00
1403 0f00
1404 0f00
1405 0f00
1406 0f00
1407 0f00
1408 00f0
1409 00f0
1410 00f0
1411 00f0
1412 00f0
1413 00f0
1414 00f0
1415 00f0
1416 00f0
1417 00f0
1418 00f0
1419 00f0
1420 00f0
1421 00f0
1422 00f0
1423 00f0
1424 00f0
1425 00f0
1426 00f0
1427 00f0
1428 00f0
1429 00f0
1430 00f0
1431 00f0
1432 00f0
1433 00f0
1434 00f0
1435 00f0
1436 00f0
1437 00f0
1438 00f0
1439 00f0
1440 00f0
1441 00f0
1442 00f0
1443 00f0
1444 00f0
1445 00f0
1446 00f0
1447 00f0
1448 00f0
1449 00f0
1450 00f0
1451 00f0
1452 00f0
1453 00f0
1454 00f0
1455 00f0
1456 00f0
1457 00f0
1458 00f0
1459 00f0
1460 00f0
1461 00f0
1462 00f0
1463 00f0
1464 00f0
1465 00f0
1466 00f0
1467 00f0
1468 00f0
1469 00f0
1470 00f0
1471 00f0
1472 f000
1473 f000
1474 f000
1475 f000
1476 f000
1477 f000
1478 f000
1479 f000
1480 f000
1481 f000
1482 f000
1483 f000
1484 f000
1485 f000
1486 f000
1487 f000
1488 f000
1489 f000
1490 f000
1491 f000
1492 f000
1493 f000
1494 f000
1495 f000
1496 f000
1497 f000
1498 f000
1499 f000
1500 f000
1501 f000
1502 f000
1503 f000
1504 f000
1505 f000
1506 f000
1507 f000
1508 f000
1509 f000
1510 f000
1511 f000
1512 f000
1513 f000
1514 f000
1515 f000
1516 f000
1517 f000
1518 f000
1519 f000
1520 f000
1521 f000
1522 f000
1523 f000
1524 f000
1525 f000
1526 f000
1527 f000
1528 f000
1529 f000
1530 f000
1531 f000
1532 f000
1533 f000
1534 f000
1535 f000
1536 000f
1537 0f00
1538 00f0
1539 f000
1540 000f
1541 0f00
1542 00f0
1543 f000
1544 000f
1545 0f00
1546 00f0
1547 f000
1548 000f
1549 0f00
1550 00f0
1551 f000
1552 000f
1553 0f00
1554 00f0
1555 f000
1556 000f
1557 0f00
1558 00f0
1559 f000
1560 000f
1561 0f00
1562 00f0
1563 f000
1564 000f
1565 0f00
1566 00f0
1567 f000
1568 000f
1569 0f00
1570 00f0
1571 f000
1572 000f
1573 0f00
1574 00f0
1575 f000
1576 000f
1577 0f00
1578 00f0
1579 f000
1580 000f
1581 0f00
1582 00f0
1583 f000
1584 000f
1585 0f00
1586 00f0
1587 f000
1588 000f
1589 0f00
1590 00f0
1591 f000
1592 000f
1593 0f00
1594 00f0
1595 f000
1596 000f
1597 0f00
1598 00f0
1599 f000
1600 000f
1601 0f00
1602 00f0
1603 f000
1604 000f
1605 0f00
1606 00f0
1607 f000
1608 000f
1609 0f00
1610 00f0
1611 f000
1612 000f
1613 0f00
1614 00f0
1615 f000
1616 000f
1617 0f00
1618 00f0
1619 f000
1620 000f
1621 0f00
1622 00f0
1623 f000
1624 000f
1625 0f00
1626 00f0
1627 f000
1628 000f
1629 0f00
1630 00f0
1631 f000
1632 000f
1633 0f00
1634 00f0
1635 f000
1636 000f
1637 0f00
1638 00f0
1639 f000
1640 000f
1641 0f00
1642 00f0
1643 f000
1644 000f
1645 0f00
1646 00f0
1647 f000
1648 000f
1649 0f00
1650 00f0
1651 f000
1652 000f
1653 0f00
1654 00f0
1655 f000
1656 000f
1657 0f00
1658 00f0
1659 f000
1660 000f
1661 0f00
1662 00f0
1663 f000
1664 000f
1665 0f00
1666 00f0
1667 f000
1668 000f
1669 0f00
1670 00f0
1671 f000
1672 000f
1673 0f00
1674 00f0
1675 f000
1676 000f
1677 0f00
1678 00f0
1679 f000
1680 000f
1681 0f00
1682 00f0
1683 f000
1684 000f
1685 0f00
1686 00f0
1687 f000
1688 000f
1689 0f00
1690 00f0
1691 f000
1692 000f
1693 0f00
1694 00f0
1695 f000
1696 000f
1697 0f00
1698 00f0
1699 f000
1700 000f
1701 0f00
1702 00f0
1703 f000
1704 000f
1705 0f00
1706 00f0
1707 f000
1708 000f
1709 0f00
1710 00f0
1711 f000
1712 000f
1713 0f00
1714 00f0
1715 f000
1716 000f
1717 0f00
1718 00f0
1719 f000
1720 000f
1721 0f00
1722 00f0
1723 f000
1724 000f
1725 0f00
1726 00f0
1727 f000
1728 000f
1729 0f00
1730 00f0
1731 f000
1732 000f
1733 0f00
1734 00f0
1735 f000
1736 000f
1737 0f00
1738 00f0
1739 f000
1740 000f
1741 0f00
1742 00f0
1743 f000
1744 000f
1745 0f00
1746 00f0
1747 f000
1748 000f
1749 0f00
1750 00f0
1751 f000
1752 000f
1753 0f00
1754 00f0
1755 f000
1756 000f
1757 0f00
1758 00f0
1759 f000
1760 000f
1761 0f00
1762 00f0
1763 f000
1764 000f
1765 0f00
1766 00f0
1767 f000
1768 000f
1769 0f00
1770 00f0
1771 f000
1772 000f
1773 0f00
1774 00f0
1775 f000
1776 000f
1777 0f00
1778 00f0
1779 f000
1780 000f
1781 0f00
1782 00f0
1783 f000
1784 000f
1785 0f00
1786 00f0
1787 f000
1788 000f
1789 0f00
1790 00f0
1791 f000
1792 0600
1793 8400
1794 0280
1795 0220
1796 8200
1797 0420
1798 0440
1799 8200
1800 0060
1801 0801
1802 0060
1803 0208
1804 0060
1805 0440
1806 0220
1807 4020
1808 0009
1809 0840
1810 0420
1811 0440
1812 0060
1813 0600
1814 00c0
1815 0420
1816 0440
1817 0280
1818 0021
1819 0220
1820 0600
1821 0060
1822 8020
1823 0600
1824 0060
1825 1400
1826 0041
1827 0420
1828 0060
1829 0440
1830 0840
1831 0220
1832 0060
1833 0420
1834 0220
1835 0240
1836 0220
1837 0028
1838 0600
1839 0240
1840 0060
1841 0404
1842 0024
1843 0220
1844 0220
1845 0480
1846 0420
1847 0a00
1848 0060
1849 0600
1850 4020
1851 0220
1852 0240
1853 0240
1854 0202
1855 4020
1856 0420
1857 0084
1858 0408
1859 0240
1860 0220
1861 0220
1862 0220
1863 0028
1864 2800
1865 0420
1866 0201
1867 0600
1868 2080
1869 0440
1870 0240
1871 0060
1872 0480
1873 0440
1874 0600
1875 1020
1876 0600
1877 0140
1878 0220
1879 0600
1880 8020
1881 0240
1882 1040
1883 0440
1884 0420
1885 0060
1886 0600
1887 0404
1888 0440
1889 0440
1890 2080
1891 2040
1892 4040
1893 0840
1894 0060
1895 4040
1896 0600
1897 0420
1898 0220
1899 0440
1900 0220
1901 0600
1902 0c00
1903 4040
1904 0440
1905 0220
1906 0240
1907 1020
1908 0420
1909 0420
1910 0420
1911 0240
1912 0060
1913 0440
1914 0240
1915 0600
1916 0006
1917 0420
1918 0220
1919 0600
1920 0420
1921 0840
1922 4040
1923 0240
1924 0048
1925 8001
1926 4400
1927 0220
1928 0220
1929 00c0
1930 0060
1931 00a0
1932 0404
1933 0440
1934 0024
1935 0420
1936 0042
1937 0420
1938 00a0
1939 0404
1940 0600
1941 0600
1942 2020
1943 0600
1944 0060
1945 0220
1946 0600
1947 0420
1948 0420
1949 0240
1950 0420
1951 0060
1952 0420
1953 0280
1954 0060
1955 0600
1956 0420
1957 0420
1958 0420
1959 0600
1960 0021
1961 0240
1962 0140
1963 0600
1964 0820
1965 0060
1966 0600
1967 0024
1968 0220
1969 0220
1970 0420
1971 0084
1972 0420
1973 0420
1974 0021
1975 0280
1976 0600
1977 0028
1978 0060
1979 0440
1980 0060
1981 0024
1982 0440
1983 0420
1984 0440
1985 0220
1986 1040
1987 0440
1988 0a00
1989 0240
1990 0240
1991 0420
1992 0012
1993 0600
1994 0240
1995 0048
1996 0404
1997 0220
1998 0420
1999 0220
2000 0c00
2001 0420
2002 0140
2003 0220
2004 0600
2005 0003
2006 0060
2007 0600
2008 4400
2009 0060
2010 1010
2011 0600
2012 0420
2013 0060
2014 2200
2015 0060
2016 0060
2017 8040
2018 0060
2019 0041
2020 0420
2021 0060
2022 0440
2023 0240
2024 0240
2025 0300
2026 0440
2027 0050
2028 0208
2029 0240
2030 0420
2031 0140
2032 0060
2033 0060
2034 0060
2035 0240
2036 0600
2037 0060
2038 0600
2039 0420
2040 0220
2041 0050
2042 8400
2043 0440
2044 0060
2045 0220
2046 8020
2047 0201
2048 8040
2049 0060
2050 2020
2051 0060
2052 0420
2053 0210
2054 0220
2055 0210
2056 0048
2057 0440
2058 0600
2059 0220
2060 0220
2061 0240
2062 0220
2063 1400
2064 0440
2065 4200
2066 4200
2067 0060
2068 0820
2069 0041
2070 0600
2071 0420
2072 0600
2073 0600
2074 4400
2075 0600
2076 0021
2077 0220
2078 0a00
2079 0240
2080 0600
2081 4020
2082 0240
2083 0022
2084 0420
2085 0500
2086 2040
2087 0600
2088 0402
2089 0042
2090 0420
2091 4020
2092 0c00
2093 1020
2094 0210
2095 0440
2096 0060
2097 0600
2098 8040
2099 0420
2100 0240
2101 0240
2102 0220
2103 0440
2104 0220
2105 0240
2106 0240
2107 0440
2108 0440
2109 0440
2110 0060
2111 0c00
2112 0420
2113 0050
2114 0420
2115 0600
2116 2040
2117 0600
2118 0240
2119 0024
2120 0201
2121 0210
2122 2400
2123 0440
2124 0408
2125 8200
2126 0021
2127 1400
2128 0060
2129 0600
2130 0220
2131 0500
2132 000a
2133 1040
2134 0050
2135 0060
2136 0120
2137 0050
2138 0420
2139 0600
2140 0600
2141 0028
2142 0440
2143 0240
2144 0021
2145 0220
2146 0840
2147 0240
2148 0600
2149 0240
2150 0440
2151 0420
2152 0300
2153 0420
2154 2400
2155 0440
2156 0220
2157 0060
2158 0600
2159 0104
2160 1400
2161 0420
2162 0408
2163 0060
2164 00c0
2165 0060
2166 0240
2167 0440
2168 0060
2169 0600
2170 0600
2171 0600
2172 0440
2173 0240
2174 0600
2175 0180
2176 0420
2177 0006
2178 8040
2179 0060
2180 0440
2181 0600
2182 0240
2183 0440
2184 0402
2185 0420
2186 0240
2187 0440
2188 0600
2189 0440
2190 0220
2191 0005
2192 0500
2193 0028
2194 0402
2195 0220
2196 0420
2197 0041
2198 1200
2199 0401
2200 0048
2201 0420
2202 0420
2203 1020
2204 0600
2205 0240
2206 0600
2207 0420
2208 0060
2209 0041
2210 0021
2211 00a0
2212 0420
2213 0220
2214 0600
2215 4020
2216 0041
2217 0600
2218 0050
2219 1020
2220 0060
2221 4400
2222 0408
2223 0440
2224 0410
2225 0220
2226 0820
2227 0280
2228 00c0
2229 0402
2230 0060
2231 0440
2232 0440
2233 2400
2234 0600
2235 0440
2236 0240
2237 1400
2238 0420
2239 0440
2240 0420
2241 0600
2242 0060
2243 0240
2244 0240
2245 1001
2246 0220
2247 0600
2248 0420
2249 0041
2250 0600
2251 0060
2252 0240
2253 0003
2254 0420
2255 0420
2256 0840
2257 0220
2258 0600
2259 0a00
2260 0240
2261 0140
2262 0060
2263 8040
2264 0060
2265 0440
2266 0420
2267 0060
2268 8800
2269 0410
2270 0600
2271 0220
2272 0060
2273 0060
2274 0600
2275 0202
2276 0060
2277 4020
2278 0220
2279 0240
2280 0060
2281 2020
2282 0240
2283 0440
2284 1020
2285 2200
2286 0220
2287 0420
2288 2010
2289 0240
2290 0600
2291 0420
2292 0420
2293 0240
2294 2020
2295 0220
2296 0600
2297 0600
2298 0600
2299 0408
2300 0401
2301 0060
2302 0088
2303 0220
2304 0240
2305 0220
2306 0440
2307 0220
2308 0220
2309 0440
2310 0220
2311 0060
2312 0060
2313 0060
2314 0408
2315 0420
2316 0220
2317 0220
2318 0060
2319 0420
2320 0030
2321 0220
2322 0220
2323 0201
2324 8040
2325 0060
2326 0240
2327 0c00
2328 0240
2329 0600
2330 0420
2331 0240
2332 0402
2333 0028
2334 0420
2335 0420
2336 0220
2337 0220
2338 2040
2339 0420
2340 0401
2341 0240
2342 0420
2343 2004
2344 0120
2345 0420
2346 0420
2347 0041
2348 2400
2349 0600
2350 1040
2351 0820
2352 0220
2353 0060
2354 0240
2355 0240
2356 0060
2357 0220
2358 0480
2359 0060
2360 0600
2361 0420
2362 0420
2363 0240
2364 0024
2365 0140
2366 0402
2367 0240
2368 0060
2369 0202
2370 0240
2371 0060
2372 0120
2373 0420
2374 4400
2375 0220
2376 0240
2377 0600
2378 0820
2379 3000
2380 0600
2381 1200
2382 0440
2383 1400
2384 0060
2385 0204
2386 0440
2387 0440
2388 2400
2389 0440
2390 0440
2391 0240
2392 0201
2393 0440
2394 0060
2395 0600
2396 0060
2397 0420
2398 8400
2399 0420
2400 0440
2401 0440
2402 0240
2403 0280
2404 0600
2405 1020
2406 0440
2407 0220
2408 0048
2409 2020
2410 0220
2411 4020
2412 0600
2413 0240
2414 0300
2415 1040
2416 0410
2417 2400
2418 0060
2419 0600
2420 0600
2421 0220
2422 8020
2423 0240
2424 0240
2425 0420
2426 0120
2427 0220
2428 0240
2429 1200
2430 2040
2431 0044
2432 0060
2433 8010
2434 0420
2435 0084
2436 0060
2437 0440
2438 0240
2439 0240
2440 0420
2441 0420
2442 0220
2443 0440
2444 0420
2445 0600
2446 0410
2447 0440
2448 0440
2449 0240
2450 0600
2451 0600
2452 0440
2453 1400
2454 0201
2455 0240
2456 2020
2457 0060
2458 0220
2459 0220
2460 0600
2461 0402
2462 2020
2463 0220
2464 0440
2465 00c0
2466 0220
2467 0420
2468 0220
2469 0220
2470 0420
2471 0060
2472 1200
2473 0420
2474 0240
2475 0600
2476 0410
2477 0600
2478 8001
2479 0060
2480 0240
2481 0600
2482 0820
2483 0480
2484 0600
2485 0300
2486 0420
2487 0a00
2488 0420
2489 0210
2490 0600
2491 8040
2492 0022
2493 0060
2494 0048
2495 0420
2496 0060
2497 0600
2498 0420
2499 0240
2500 0420
2501 2200
2502 0060
2503 0600
2504 0a00
2505 0440
2506 0440
2507 0840
2508 0220
2509 0042
2510 0240
2511 0600
2512 0220
2513 0440
2514 0420
2515 8040
2516 4040
2517 0208
2518 0440
2519 0050
2520 0210
2521 0440
2522 0240
2523 0050
2524 0220
2525 0220
2526 0600
2527 0208
2528 0041
2529 0420
2530 0060
2531 0420
2532 4200
2533 0420
2534 0600
2535 0240
2536 0081
2537 0420
2538 0440
2539 0420
2540 0060
2541 0420
2542 0440
2543 1010
2544 0060
2545 0820
2546 0220
2547 8040
2548 0440
2549 0050
2550 0600
2551 1040
2552 0a00
2553 0240
2554 0820
2555 0240
2556 0420
2557 8200
2558 2080
2559 0208
2560 0021
2561 0081
2562 0820
2563 8020
2564 00a0
2565 8001
2566 0401
2567 00a0
2568 8400
2569 0108
2570 8400
2571 2020
2572 8400
2573 0401
2574 8020
2575 c000
2576 2100
2577 0408
2578 8001
2579 0401
2580 8400
2581 0021
2582 0c00
2583 8001
2584 0401
2585 0820
2586 8100
2587 8020
2588 0021
2589 8400
2590 8080
2591 0021
2592 8400
2593 0005
2594 0500
2595 8001
2596 8400
2597 0401
2598 0408
2599 8020
2600 8400
2601 8001
2602 8020
2603 0420
2604 8020
2605 a000
2606 0021
2607 0420
2608 8400
2609 0041
2610 8040
2611 8020
2612 8020
2613 0801
2614 8001
2615 0028
2616 8400
2617 0021
2618 c000
2619 8020
2620 0420
2621 0420
2622 0022
2623 c000
2624 8001
2625 0840
2626 2001
2627 0420
2628 8020
2629 8020
2630 8020
2631 a000
2632 0208
2633 8001
2634 0120
2635 0021
2636 0a00
2637 0401
2638 0420
2639 8400
2640 0801
2641 0401
2642 0021
2643 8004
2644 0021
2645 0410
2646 8020
2647 0021
2648 8080
2649 0420
2650 0404
2651 0401
2652 8001
2653 8400
2654 0021
2655 0041
2656 0401
2657 0401
2658 0a00
2659 0600
2660 4400
2661 0408
2662 8400
2663 4400
2664 0021
2665 8001
2666 8020
2667 0401
2668 8020
2669 0021
2670 0009
2671 4400
2672 0401
2673 8020
2674 0420
2675 8004
2676 8001
2677 8001
2678 8001
2679 0420
2680 8400
2681 0401
2682 0420
2683 0021
2684 0042
2685 8001
2686 8020
2687 0021
2688 8001
2689 0408
2690 4400
2691 0420
2692 2400
2693 0180
2694 4001
2695 8020
2696 8020
2697 0c00
2698 8400
2699 8800
2700 0041
2701 0401
2702 8040
2703 8001
2704 0402
2705 8001
2706 8800
2707 0041
2708 0021
2709 0021
2710 8200
2711 0021
2712 8400
2713 8020
2714 0021
2715 8001
2716 8001
2717 0420
2718 8001
2719 8400
2720 8001
2721 0820
2722 8400
2723 0021
2724 8001
2725 8001
2726 8001
2727 0021
2728 8100
2729 0420
2730 0410
2731 0021
2732 8008
2733 8400
2734 0021
2735 8040
2736 8020
2737 8020
2738 8001
2739 0840
2740 8001
2741 8001
2742 8100
2743 0820
2744 0021
2745 a000
2746 8400
2747 0401
2748 8400
2749 8040
2750 0401
2751 8001
2752 0401
2753 8020
2754 0404
2755 0401
2756 0028
2757 0420
2758 0420
2759 8001
2760 1002
2761 0021
2762 0420
2763 2400
2764 0041
2765 8020
2766 8001
2767 8020
2768 0009
2769 8001
2770 0410
2771 8020
2772 0021
2773 0102
2774 8400
2775 0021
2776 4001
2777 8400
2778 1004
2779 0021
2780 8001
2781 8400
2782 0220
2783 8400
2784 8400
2785 0480
2786 8400
2787 0500
2788 8001
2789 8400
2790 0401
2791 0420
2792 0420
2793 0030
2794 0401
2795 1400
2796 2020
2797 0420
2798 8001
2799 0410
2800 8400
2801 8400
2802 8400
2803 0420
2804 0021
2805 8400
2806 0021
2807 8001
2808 8020
2809 1400
2810 0081
2811 0401
2812 8400
2813 8020
2814 8080
2815 0120
2816 0480
2817 8400
2818 8200
2819 8400
2820 8001
2821 1020
2822 8020
2823 1020
2824 2400
2825 0401
2826 0021
2827 8020
2828 8020
2829 0420
2830 8020
2831 0005
2832 0401
2833 4020
2834 4020
2835 8400
2836 8008
2837 0500
2838 0021
2839 8001
2840 0021
2841 0021
2842 4001
2843 0021
2844 8100
2845 8020
2846 0028
2847 0420
2848 0021
2849 c000
2850 0420
2851 8002
2852 8001
2853 0011
2854 0600
2855 0021
2856 0003
2857 0402
2858 8001
2859 c000
2860 0009
2861 8004
2862 1020
2863 0401
2864 8400
2865 0021
2866 0480
2867 8001
2868 0420
2869 0420
2870 8020
2871 0401
2872 8020
2873 0420
2874 0420
2875 0401
2876 0401
2877 0401
2878 8400
2879 0009
2880 8001
2881 1400
2882 8001
2883 0021
2884 0600
2885 0021
2886 0420
2887 8040
2888 0120
2889 1020
2890 0201
2891 0401
2892 2001
2893 00a0
2894 8100
2895 0005
2896 8400
2897 0021
2898 8020
2899 0011
2900 2002
2901 0404
2902 1400
2903 8400
2904 8010
2905 1400
2906 8001
2907 0021
2908 0021
2909 a000
2910 0401
2911 0420
2912 8100
2913 8020
2914 0408
2915 0420
2916 0021
2917 0420
2918 0401
2919 8001
2920 0030
2921 8001
2922 0201
2923 0401
2924 8020
2925 8400
2926 0021
2927 0050
2928 0005
2929 8001
2930 2001
2931 8400
2932 0c00
2933 8400
2934 0420
2935 0401
2936 8400
2937 0021
2938 0021
2939 0021
2940 0401
2941 0420
2942 0021
2943 0810
2944 8001
2945 0042
2946 0480
2947 8400
2948 0401
2949 0021
2950 0420
2951 0401
2952 0003
2953 8001
2954 0420
2955 0401
2956 0021
2957 0401
2958 8020
2959 0140
2960 0011
2961 a000
2962 0003
2963 8020
2964 8001
2965 0500
2966 0024
2967 0101
2968 2400
2969 8001
2970 8001
2971 8004
2972 0021
2973 0420
2974 0021
2975 8001
2976 8400
2977 0500
2978 8100
2979 8800
2980 8001
2981 8020
2982 0021
2983 c000
2984 0500
2985 0021
2986 1400
2987 8004
2988 8400
2989 4001
2990 2001
2991 0401
2992 1001
2993 8020
2994 8008
2995 0820
2996 0c00
2997 0003
2998 8400
2999 0401
3000 0401
3001 0201
3002 0021
3003 0401
3004 0420
3005 0005
3006 8001
3007 0401
3008 8001
3009 0021
3010 8400
3011 0420
3012 0420
3013 0104
3014 8020
3015 0021
3016 8001
3017 0500
3018 0021
3019 8400
3020 0420
3021 0102
3022 8001
3023 8001
3024 0408
3025 8020
3026 0021
3027 0028
3028 0420
3029 0410
3030 8400
3031 0480
3032 8400
3033 0401
3034 8001
3035 8400
3036 0088
3037 1001
3038 0021
3039 8020
3040 8400
3041 8400
3042 0021
3043 0022
3044 8400
3045 c000
3046 8020
3047 0420
3048 8400
3049 8200
3050 0420
3051 0401
3052 8004
3053 0220
3054 8020
3055 8001
3056 1200
3057 0420
3058 0021
3059 8001
3060 8001
3061 0420
3062 8200
3063 8020
3064 0021
3065 0021
3066 0021
3067 2001
3068 0101
3069 8400
3070 2800
3071 8020
3072 0420
3073 8020
3074 0401
3075 8020
3076 8020
3077 0401
3078 8020
3079 8400
3080 8400
3081 8400
3082 2001
3083 8001
3084 8020
3085 8020
3086 8400
3087 8001
3088 9000
3089 8020
3090 8020
3091 0120
3092 0480
3093 8400
3094 0420
3095 0009
3096 0420
3097 0021
3098 8001
3099 0420
3100 0003
3101 a000
3102 8001
3103 8001
3104 8020
3105 8020
3106 0600
3107 8001
3108 0101
3109 0420
3110 8001
3111 0240
3112 8010
3113 8001
3114 8001
3115 0500
3116 0201
3117 0021
3118 0404
3119 8008
3120 8020
3121 8400
3122 0420
3123 0420
3124 8400
3125 8020
3126 0801
3127 8400
3128 0021
3129 8001
3130 8001
3131 0420
3132 8040
3133 0410
3134 0003
3135 0420
3136 8400
3137 0022
3138 0420
3139 8400
3140 8010
3141 8001
3142 4001
3143 8020
3144 0420
3145 0021
3146 8008
3147 0204
3148 0021
3149 0024
3150 0401
3151 0005
3152 8400
3153 0060
3154 0401
3155 0401
3156 0201
3157 0401
3158 0401
3159 0420
3160 0120
3161 0401
3162 8400
3163 0021
3164 8400
3165 8001
3166 0081
3167 8001
3168 0401
3169 0401
3170 0420
3171 0820
3172 0021
3173 8004
3174 0401
3175 8020
3176 2400
3177 8200
3178 8020
3179 c000
3180 0021
3181 0420
3182 0030
3183 0404
3184 1001
3185 0201
3186 8400
3187 0021
3188 0021
3189 8020
3190 8080
3191 0420
3192 0420
3193 8001
3194 8010
3195 8020
3196 0420
3197 0024
3198 0600
3199 0440
3200 8400
3201 1080
3202 8001
3203 0840
3204 8400
3205 0401
3206 0420
3207 0420
3208 8001
3209 8001
3210 8020
3211 0401
3212 8001
3213 0021
3214 1001
3215 0401
3216 0401
3217 0420
3218 0021
3219 0021
3220 0401
3221 0005
3222 0120
3223 0420
3224 8200
3225 8400
3226 8020
3227 8020
3228 0021
3229 0003
3230 8200
3231 8020
3232 0401
3233 0c00
3234 8020
3235 8001
3236 8020
3237 8020
3238 8001
3239 8400
3240 0024
3241 8001
3242 0420
3243 0021
3244 1001
3245 0021
3246 0180
3247 8400
3248 0420
3249 0021
3250 8008
3251 0801
3252 0021
3253 0030
3254 8001
3255 0028
3256 8001
3257 1020
3258 0021
3259 0480
3260 8002
3261 8400
3262 2400
3263 8001
3264 8400
3265 0021
3266 8001
3267 0420
3268 8001
3269 0220
3270 8400
3271 0021
3272 0028
3273 0401
3274 0401
3275 0408
3276 8020
3277 0402
3278 0420
3279 0021
3280 8020
3281 0401
3282 8001
3283 0480
3284 4400
3285 2020
3286 0401
3287 1400
3288 1020
3289 0401
3290 0420
3291 1400
3292 8020
3293 8020
3294 0021
3295 2020
3296 0500
3297 8001
3298 8400
3299 8001
3300 4020
3301 8001
3302 0021
3303 0420
3304 0900
3305 8001
3306 0401
3307 8001
3308 8400
3309 8001
3310 0401
3311 1004
3312 8400
3313 8008
3314 8020
3315 0480
3316 0401
3317 1400
3318 0021
3319 0404
3320 0028
3321 0420
3322 8008
3323 0420
3324 8001
3325 00a0
3326 0a00
3327 2020
3328 0600
3329 8400
3330 0280
3331 0220
3332 8200
3333 0420
3334 0440
3335 8200
3336 0060
3337 0801
3338 0060
3339 0208
3340 0060
3341 0440
3342 0220
3343 4020
3344 0009
3345 0840
3346 0420
3347 0440
3348 0060
3349 0600
3350 00c0
3351 0420
3352 0440
3353 0280
3354 0021
3355 0220
3356 0600
3357 0060
3358 8020
3359 0600
3360 0060
3361 1400
3362 0041
3363 0420
3364 0060
3365 0440
3366 0840
3367 0220
3368 0060
3369 0420
3370 0220
3371 0240
3372 0220
3373 0028
3374 0600
3375 0240
3376 0060
3377 0404
3378 0024
3379 0220
3380 0220
3381 0480
3382 0420
3383 0a00
3384 0060
3385 0600
3386 4020
3387 0220
3388 0240
3389 0240
3390 0202
3391 4020
3392 0420
3393 0084
3394 0408
3395 0240
3396 0220
3397 0220
3398 0220
3399 0028
3400 2800
3401 0420
3402 0201
3403 0600
3404 2080
3405 0440
3406 0240
3407 0060
3408 0480
3409 0440
3410 0600
3411 1020
3412 0600
3413 0140
3414 0220
3415 0600
3416 8020
3417 0240
3418 1040
3419 0440
3420 0420
3421 0060
3422 0600
3423 0404
3424 0440
3425 0440
3426 2080
3427 2040
3428 4040
3429 0840
3430 0060
3431 4040
3432 0600
3433 0420
3434 0220
3435 0440
3436 0220
3437 0600
3438 0c00
3439 4040
3440 0440
3441 0220
3442 0240
3443 1020
3444 0420
3445 0420
3446 0420
3447 0240
3448 0060
3449 0440
3450 0240
3451 0600
3452 0006
3453 0420
3454 0220
3455 0600
3456 0420
3457 0840
3458 4040
3459 0240
3460 0048
3461 8001
3462 4400
3463 0220
3464 0220
3465 00c0
3466 0060
3467 00a0
3468 0404
3469 0440
3470 0024
3471 0420
3472 0042
3473 0420
3474 00a0
3475 0404
3476 0600
3477 0600
3478 2020
3479 0600
3480 0060
3481 0220
3482 0600
3483 0420
3484 0420
3485 0240
3486 0420
3487 0060
3488 0420
3489 0280
3490 0060
3491 0600
3492 0420
3493 0420
3494 0420
3495 0600
3496 0021
3497 0240
3498 0140
3499 0600
3500 0820
3501 0060
3502 0600
3503 0024
3504 0220
3505 0220
3506 0420
3507 0084
3508 0420
3509 0420
3510 0021
3511 0280
3512 0600
3513 0028
3514 0060
3515 0440
3516 0060
3517 0024
3518 0440
3519 0420
3520 0440
3521 0220
3522 1040
3523 0440
3524 0a00
3525 0240
3526 0240
3527 0420
3528 0012
3529 0600
3530 0240
3531 0048
3532 0404
3533 0220
3534 0420
3535 0220
3536 0c00
3537 0420
3538 0140
3539 0220
3540 0600
3541 0003
3542 0060
3543 0600
3544 4400
3545 0060
3546 1010
3547 0600
3548 0420
3549 0060
3550 2200
3551 0060
3552 0060
3553 8040
3554 0060
3555 0041
3556 0420
3557 0060
3558 0440
3559 0240
3560 0240
3561 0300
3562 0440
3563 0050
3564 0208
3565 0240
3566 0420
3567 0140
3568 0060
3569 0060
3570 0060
3571 0240
3572 0600
3573 0060
3574 0600
3575 0420
3576 0220
3577 0050
3578 8400
3579 0440
3580 0060
3581 0220
3582 8020
3583 0201
3584 8040
3585 0060
3586 2020
3587 0060
3588 0420
3589 0210
3590 0220
3591 0210
3592 0048
3593 0440
3594 0600
3595 0220
3596 0220
3597 0240
3598 0220
3599 1400
3600 0440
3601 4200
3602 4200
3603 0060
3604 0820
3605 0041
3606 0600
3607 0420
3608 0600
3609 0600
3610 4400
3611 0600
3612 0021
3613 0220
3614 0a00
3615 0240
3616 0600
3617 4020
3618 0240
3619 0022
3620 0420
3621 0500
3622 2040
3623 0600
3624 0402
3625 0042
3626 0420
3627 4020
3628 0c00
3629 1020
3630 0210
3631 0440
3632 0060
3633 0600
3634 8040
3635 0420
3636 0240
3637 0240
3638 0220
3639 0440
3640 0220
3641 0240
3642 0240
3643 0440
3644 0440
3645 0440
3646 0060
3647 0c00
3648 0420
3649 0050
3650 0420
3651 0600
3652 2040
3653 0600
3654 0240
3655 0024
3656 0201
3657 0210
3658 2400
3659 0440
3660 0408
3661 8200
3662 0021
3663 1400
3664 0060
3665 0600
3666 0220
3667 0500
3668 000a
3669 1040
3670 0050
3671 0060
3672 0120
3673 0050
3674 0420
3675 0600
3676 0600
3677 0028
3678 0440
3679 0240
3680 0021
3681 0220
3682 0840
3683 0240
3684 0600
3685 0240
3686 0440
3687 0420
3688 0300
3689 0420
3690 2400
3691 0440
3692 0220
3693 0060
3694 0600
3695 0104
3696 1400
3697 0420
3698 0408
3699 0060
3700 00c0
3701 0060
3702 0240
3703 0440
3704 0060
3705 0600
3706 0600
3707 0600
3708 0440
3709 0240
3710 0600
3711 0180
3712 0420
3713 0006
3714 8040
3715 0060
3716 0440
3717 0600
3718 0240
3719 0440
3720 0402
3721 0420
3722 0240
3723 0440
3724 0600
3725 0440
3726 0220
3727 0005
3728 0500
3729 0028
3730 0402
3731 0220
3732 0420
3733 0041
3734 1200
3735 0401
3736 0048
3737 0420
3738 0420
3739 1020
3740 0600
3741 0240
3742 0600
3743 0420
3744 0060
3745 0041
3746 0021
3747 00a0
3748 0420
3749 0220
3750 0600
3751 4020
3752 0041
3753 0600
3754 0050
3755 1020
3756 0060
3757 4400
3758 0408
3759 0440
3760 0410
3761 0220
3762 0820
3763 0280
3764 00c0
3765 0402
3766 0060
3767 0440
3768 0440
3769 2400
3770 0600
3771 0440
3772 0240
3773 1400
3774 0420
3775 0440
3776 0420
3777 0600
3778 0060
3779 0240
3780 0240
3781 1001
3782 0220
3783 0600
3784 0420
3785 0041
3786 0600
3787 0060
3788 0240
3789 0003
3790 0420
3791 0420
3792 0840
3793 0220
3794 0600
3795 0a00
3796 0240
3797 0140
3798 0060
3799 8040
3800 0060
3801 0440
3802 0420
3803 0060
3804 8800
3805 0410
3806 0600
3807 0220
3808 0060
3809 0060
3810 0600
3811 0202
3812 0060
3813 4020
3814 0220
3815 0240
3816 0060
3817 2020
3818 0240
3819 0440
3820 1020
3821 2200
3822 0220
3823 0420
3824 2010
3825 0240
3826 0600
3827 0420
3828 0420
3829 0240
3830 2020
3831 0220
3832 0600
3833 0600
3834 0600
3835 0408
3836 0401
3837 0060
3838 0088
3839 0220
3840 0240
3841 0220
3842 0440
3843 0220
3844 0220
3845 0440
3846 0220
3847 0060
3848 0060
3849 0060
3850 0408
3851 0420
3852 0220
3853 0220
3854 0060
3855 0420
3856 0030
3857 0220
3858 0220
3859 0201
3860 8040
3861 0060
3862 0240
3863 0c00
3864 0240
3865 0600
3866 0420
3867 0240
3868 0402
3869 0028
3870 0420
3871 0420
3872 0220
3873 0220
3874 2040
3875 0420
3876 0401
3877 0240
3878 0420
3879 2004
3880 0120
3881 0420
3882 0420
3883 0041
3884 2400
3885 0600
3886 1040
3887 0820
3888 0220
3889 0060
3890 0240
3891 0240
3892 0060
3893 0220
3894 0480
3895 0060
3896 0600
3897 0420
3898 0420
3899 0240
3900 0024
3901 0140
3902 0402
3903 0240
3904 0060
3905 0202
3906 0240
3907 0060
3908 0120
3909 0420
3910 4400
3911 0220
3912 0240
3913 0600
3914 0820
3915 3000
3916 0600
3917 1200
3918 0440
3919 1400
3920 0060
3921 0204
3922 0440
3923 0440
3924 2400
3925 0440
3926 0440
3927 0240
3928 0201
3929 0440
3930 0060
3931 0600
3932 0060
3933 0420
3934 8400
3935 0420
3936 0440
3937 0440
3938 0240
3939 0280
3940 0600
3941 1020
3942 0440
3943 0220
3944 0048
3945 2020
3946 0220
3947 4020
3948 0600
3949 0240
3950 0300
3951 1040
3952 0410
3953 2400
3954 0060
3955 0600
3956 0600
3957 0220
3958 8020
3959 0240
3960 0240
3961 0420
3962 0120
3963 0220
3964 0240
3965 1200
3966 2040
3967 0044
3968 0060
3969 8010
3970 0420
3971 0084
3972 0060
3973 0440
3974 0240
3975 0240
3976 0420
3977 0420
3978 0220
3979 0440
3980 0420
3981 0600
3982 0410
3983 0440
3984 0440
3985 0240
3986 0600
3987 0600
3988 0440
3989 1400
3990 0201
3991 0240
3992 2020
3993 0060
3994 0220
3995 0220
3996 0600
3997 0402
3998 2020
3999 0220
4000 0440
4001 00c0
4002 0220
4003 0420
4004 0220
4005 0220
4006 0420
4007 0060
4008 1200
4009 0420
4010 0240
4011 0600
4012 0410
4013 0600
4014 8001
4015 0060
4016 0240
4017 0600
4018 0820
4019 0480
4020 0600
4021 0300
4022 0420
4023 0a00
4024 0420
4025 0210
4026 0600
4027 8040
4028 0022
4029 0060
4030 0048
4031 0420
4032 0060
4033 0600
4034 0420
4035 0240
4036 0420
4037 2200
4038 0060
4039 0600
4040 0a00
4041 0440
4042 0440
4043 0840
4044 0220
4045 0042
4046 0240
4047 0600
4048 0220
4049 0440
4050 0420
4051 8040
4052 4040
4053 0208
4054 0440
4055 0050
4056 0210
4057 0440
4058 0240
4059 0050
4060 0220
4061 0220
4062 0600
4063 0208
4064 0041
4065 0420
4066 0060
4067 0420
4068 4200
4069 0420
4070 0600
4071 0240
4072 0081
4073 0420
4074 0440
4075 0420
4076 0060
4077 0420
4078 0440
4079 1010
4080 0060
4081 0820
4082 0220
4083 8040
4084 0440
4085 0050
4086 0600
4087 1040
4088 0a00
4089 0240
4090 0820
4091 0240
4092 0420
4093 8200
4094 2080
4095 0208
