0 1000
1 0080
2 4440
3 0018
4 1000
5 0002
6 020c
9 04b0
10 0004
11 0080
13 0430
14 0402
15 64c0
16 1000
17 0040
18 1002
19 0280
20 d025
21 0100
23 0201
24 2000
25 2180
26 0442
27 0010
28 0400
29 4904
30 4401
31 0404
32 4012
33 4000
34 2090
35 1020
36 1200
38 0049
39 2102
40 0800
41 0800
42 2004
43 8000
44 2200
45 0040
46 8030
47 8102
48 9100
49 0200
51 8000
52 2848
53 00a0
55 8021
56 8808
58 1006
60 a200
61 0050
62 040a
63 0400
64 0380
65 23d0
66 1048
67 0400
68 0020
69 0800
70 1800
71 0488
72 0400
73 2201
74 0004
76 4098
77 0300
78 0a00
79 4420
80 0040
82 4020
83 0100
84 9001
85 0208
86 0003
87 0400
88 1004
89 8401
90 4000
91 0002
92 0004
93 1820
94 0c80
96 8a00
97 6118
98 1000
99 1080
100 4000
101 2480
102 0080
103 0540
104 0480
106 2884
108 0226
109 2a21
110 6000
111 1800
112 0101
113 8008
114 4310
116 0088
117 a280
118 0800
119 2002
120 0100
121 0001
122 400b
123 1a48
124 2080
125 0034
126 4000
127 0010
128 4400
129 1080
130 0181
131 b000
133 8104
134 1700
135 2208
136 0200
137 8880
138 0180
139 5000
140 2100
141 4002
142 04a6
143 0019
144 8084
145 4b00
146 0410
147 0940
148 1060
149 0024
150 941a
151 0812
152 0020
153 01c4
154 2081
155 ef00
156 1004
157 0400
158 0c62
159 0040
160 0080
161 2922
162 0288
163 0204
164 0100
166 4000
167 0048
168 0001
169 a02d
170 9051
171 4c00
172 c008
173 0108
174 8080
175 1080
176 2800
177 0218
178 6002
180 2000
181 0002
182 32c4
183 0480
185 0044
186 0882
187 0030
188 1058
189 1140
190 8b04
191 0280
192 1042
193 0001
194 9044
195 4054
196 2020
197 2040
198 8010
199 2044
200 2080
201 0206
202 008a
203 0200
204 0042
206 0804
208 4000
209 0030
210 0024
211 4061
212 0805
213 2020
214 0020
215 1102
217 10a8
218 8000
220 0244
221 1000
222 0001
223 100c
224 0440
225 4c04
226 8400
227 0002
228 2004
229 0440
230 4020
231 0080
232 0009
233 8010
234 8040
235 0400
236 1200
237 8864
238 4100
239 c080
240 1000
242 0010
243 80e0
244 0100
246 0080
247 1a81
248 0410
249 0200
250 0028
251 8002
252 0880
253 0908
254 0004
255 8000
256 004c
257 2010
258 1404
259 2200
260 0004
261 0002
262 0010
263 4000
264 0222
265 c110
266 7001
268 0402
269 1000
271 1010
272 7888
273 2000
274 0210
275 0022
276 0230
277 0040
279 dc08
280 00b1
281 0005
282 0802
283 4000
284 0001
287 6000
288 0408
289 c000
290 0400
291 2030
292 1428
293 2000
294 2900
295 0200
296 0020
297 0080
299 0011
300 00c0
301 0049
302 0002
303 0024
304 0100
305 0042
306 0002
307 2009
308 0048
309 0800
310 0984
312 0888
314 8800
315 2040
316 0002
318 0010
319 2600
320 2100
321 0004
322 204d
323 0480
325 0080
326 2055
327 4889
328 0200
329 0051
330 0510
331 0100
332 0004
333 4140
334 1200
335 8020
336 1502
337 2020
338 2208
339 802c
340 0005
341 1010
342 4000
343 0002
344 8300
346 0302
347 0021
348 0400
349 1200
352 8400
353 0208
354 0002
355 0021
356 1420
357 1000
358 0040
359 0080
360 0100
362 4000
363 0440
365 0080
366 a400
367 5a00
368 0081
370 8008
371 0008
372 0220
373 5008
375 0491
376 1000
377 0300
379 0400
380 0100
381 0090
382 0081
383 2000
384 0004
387 1020
388 0002
389 8208
390 0800
391 8101
392 0860
393 0001
394 2200
396 010c
397 1001
399 2002
400 2200
401 0001
402 0400
403 0004
404 1408
405 2025
407 1110
408 0180
409 4020
410 018c
411 0004
412 0011
413 0040
414 3020
417 2001
418 0980
419 4402
420 1008
421 082a
422 0810
423 220c
424 0a01
425 0a40
426 4410
427 0888
428 0010
429 6000
430 0242
435 0400
436 8000
437 884a
438 0200
439 2000
440 5401
441 0002
442 c208
443 8100
445 80c0
449 a200
450 1000
451 0090
452 1800
453 08e0
455 1009
457 4002
458 3410
460 4000
461 0880
463 0002
464 4000
465 7000
466 0005
467 0034
468 0014
471 0010
472 0020
473 0044
474 0004
475 000a
476 0002
477 e103
478 2484
479 080c
480 0800
482 000a
483 4848
484 0004
485 0028
486 0492
487 3840
488 4000
489 0002
490 1440
491 9500
492 0001
493 4810
494 0240
495 0210
496 8004
497 0004
498 2102
499 0201
500 0a00
501 2001
502 240a
504 6000
505 7854
507 2800
508 0814
509 2002
510 8800
511 000a
512 8000
513 1000
514 2200
515 0804
518 8486
519 3000
520 9500
521 c449
522 2020
523 04c0
524 6c50
525 1000
526 8824
527 4000
529 8801
530 4000
531 4940
532 6008
533 0c90
534 4001
536 105c
537 0009
538 8010
540 0103
542 2c00
543 0281
544 2a02
545 0088
546 2102
547 1a42
548 5400
549 9800
550 0880
551 024a
552 8208
553 0300
554 0080
555 0010
557 0240
558 1021
559 a080
560 1010
561 b000
562 0121
563 a880
564 0200
566 0020
567 6210
568 0008
570 0444
571 08a3
573 0002
575 0080
576 410a
577 0402
579 800c
580 0620
581 1020
582 2008
583 0008
584 0400
585 0020
586 0004
587 0120
588 1808
589 0130
590 0100
591 8010
592 1000
593 0800
594 0040
596 2081
597 1000
598 0100
599 1040
600 0008
602 8204
603 0041
605 0402
606 1100
607 0030
608 080b
609 1008
610 2601
612 0040
613 0042
614 2000
615 1004
616 0008
617 0004
618 0080
619 1000
620 5805
621 0662
622 4042
623 002c
624 0080
625 0041
626 008a
627 4000
628 0400
629 0200
630 1100
631 4600
634 0022
635 0060
637 0040
638 0002
639 2442
640 ffff
646 3000
647 0eca
648 c025
649 0110
653 3000
654 0080
655 0e4a
656 4004
657 8021
658 0110
660 3000
662 0488
663 0a42
664 4004
665 0020
666 8001
667 3110
669 0080
670 0c48
671 0202
672 0004
673 4000
674 3020
675 8001
676 0100
677 0098
678 0c40
679 0202
680 2004
681 5000
683 8020
684 0081
685 0508
686 0a50
687 2002
688 1004
689 4000
691 0020
692 8088
693 0c41
694 2300
695 1012
696 0004
698 4000
699 0080
700 0428
701 b840
702 0201
703 0002
704 0114
706 4080
707 0008
708 3400
709 0860
710 8200
711 0003
712 0004
713 0100
714 6090
715 1008
716 0400
717 0860
718 8200
719 0002
720 0005
721 2080
722 1108
723 4410
724 0840
725 0200
726 0022
727 8000
728 2005
729 1080
730 0008
731 4500
732 0850
733 0200
734 0002
735 2020
736 9084
737 0009
739 4400
740 0940
741 0200
742 2012
743 1020
744 0084
745 8008
746 0401
747 0840
748 6000
749 0300
750 1002
751 0090
752 002c
753 8000
754 0400
755 2841
756 5000
757 0200
758 0102
759 0080
760 001c
761 0420
762 a000
763 1840
764 4201
766 0082
768 010c
769 2430
770 1000
771 8840
772 4200
773 0081
774 0002
775 0008
776 2004
777 1500
778 0860
779 0010
780 8200
781 4080
782 2003
783 0008
784 1404
786 0940
787 0020
788 0290
789 e000
790 000a
791 1001
792 0404
794 0840
795 0120
796 2280
797 c010
798 100a
800 0405
801 0840
803 2280
804 0120
805 100a
806 c010
807 0400
808 0005
809 0840
810 2000
811 0280
812 1020
813 010a
814 4000
815 8400
816 0014
817 2841
818 1080
819 0200
820 0008
821 0022
822 4500
823 2000
824 8004
825 1850
826 0081
827 0200
828 0008
829 0002
830 2420
831 4000
832 9944
833 0080
834 0010
835 0209
837 2002
838 0420
839 5000
840 08c4
841 8100
842 0200
843 0008
844 2011
845 0402
846 1000
847 4020
848 08c4
850 8308
851 2000
853 1413
855 08c0
856 4024
857 2000
858 0208
859 8100
860 1400
861 0002
862 0011
863 08c0
864 6024
865 0008
866 0200
867 9000
868 0500
869 0002
870 0080
871 2851
872 4004
873 1028
874 0200
876 8400
877 0102
878 2080
879 0840
880 100d
881 4210
882 0020
883 0400
884 0002
885 a080
886 0940
887 1000
888 000d
889 4200
890 0030
891 2400
892 0002
893 0080
894 9840
896 010c
897 4201
898 2000
899 0430
900 0082
901 1000
902 0840
903 8008
904 0004
905 6300
906 0401
907 0080
908 1032
909 0840
911 8008
912 2004
913 0200
914 4500
915 1081
916 0022
917 0840
918 0018
919 2000
920 8204
921 0400
922 5080
923 0100
924 0003
925 2860
926 0008
927 0010
928 0204
929 9400
930 4080
932 2102
933 0849
934 0020
935 1000
936 0214
937 0480
938 8000
939 6000
940 0842
941 0108
942 1021
944 0604
945 0080
946 a010
947 4000
948 084a
949 1000
950 0100
951 0021
952 0684
953 2000
955 c010
956 184a
960 27a5
963 184a
964 c010
966 2000
967 0680
968 0025
969 0100
970 1000
971 084a
972 4000
973 a010
974 0080
975 0600
976 0004
977 1021
978 0108
979 0842
980 6000
981 8000
982 0480
983 0210
984 1004
985 0020
986 0849
987 2102
989 4080
990 9400
991 0200
992 0014
993 0008
994 2860
995 0003
996 0100
997 5080
998 0400
999 8200
1000 2004
1001 0018
1002 0840
1003 0022
1004 1081
1005 4500
1006 0200
1007 2000
1008 800c
1010 0840
1011 1032
1012 0080
1013 0401
1014 6300
1016 800c
1017 0840
1018 1000
1019 0082
1020 0430
1021 2000
1022 4201
1024 010c
1025 9840
1026 0080
1027 0002
1028 2400
1029 0030
1030 4200
1031 0009
1032 1004
1033 0940
1034 a080
1035 0002
1036 0400
1037 0020
1038 4210
1039 1008
1040 0845
1041 2080
1042 0102
1043 8400
1045 0200
1046 1028
1047 4000
1048 2855
1049 0080
1050 0002
1051 0500
1052 9000
1053 0200
1054 0008
1055 6020
1056 08c4
1057 0011
1058 0002
1059 1400
1060 8100
1061 0208
1062 2000
1063 4020
1064 08c4
1066 1413
1068 2000
1069 8308
1071 08c0
1072 4024
1073 1000
1074 0402
1075 2011
1076 0008
1077 0200
1078 8100
1079 08c0
1080 5004
1081 0420
1082 2002
1084 0209
1085 0010
1086 0080
1087 9840
1088 4104
1089 2420
1090 0002
1091 0008
1092 0200
1093 0081
1094 1850
1095 8000
1096 2004
1097 4500
1098 0022
1099 0008
1100 0200
1101 1080
1102 2841
1103 0010
1104 8404
1105 4000
1106 010a
1107 1020
1108 0280
1109 2000
1110 0840
1111 0001
1112 0404
1113 c010
1114 100a
1115 0120
1116 2280
1118 0840
1120 0405
1121 100a
1122 c010
1123 2280
1124 0120
1125 0840
1127 0400
1128 1005
1129 000a
1130 e000
1131 0290
1132 0020
1133 0940
1135 1400
1136 000c
1137 2003
1138 4080
1139 8200
1140 0010
1141 0860
1142 1500
1143 2000
1144 000c
1145 0002
1146 0081
1147 4200
1148 8840
1149 1000
1150 2430
1152 010c
1153 0082
1155 4201
1156 1840
1157 a000
1158 0420
1159 0018
1160 0084
1161 0102
1162 0200
1163 5000
1164 2841
1165 0400
1166 8000
1167 0028
1168 0094
1169 1002
1170 0300
1171 6000
1172 0840
1173 0401
1174 8008
1175 0080
1176 1024
1177 2012
1178 0200
1179 0940
1180 4400
1182 0009
1183 9080
1184 2024
1185 0002
1186 0200
1187 0850
1188 4500
1189 0008
1190 1080
1191 2001
1192 8004
1193 0022
1194 0200
1195 0840
1196 4410
1197 1108
1198 2080
1200 0007
1201 8200
1202 0860
1203 0400
1204 1008
1205 6090
1206 0100
1208 0007
1209 8200
1210 0860
1211 3400
1212 0008
1213 4080
1215 0010
1216 0106
1217 0201
1218 b840
1219 0428
1220 0080
1221 4000
1224 1016
1225 2300
1226 0c41
1227 8088
1228 0020
1230 4000
1231 1000
1232 2006
1233 0a50
1234 0508
1235 0081
1236 8020
1238 5000
1239 2000
1240 0206
1241 0c40
1242 0098
1243 0100
1244 8001
1245 3020
1246 4000
1248 0206
1249 0c48
1250 0080
1252 3110
1253 8001
1254 0020
1255 4000
1256 0a46
1257 0488
1259 3000
1261 0110
1262 8021
1263 4000
1264 0e4e
1265 0080
1266 3000
1270 0110
1271 c021
1272 0ece
1273 3000
1280 1111
1281 1111
1282 1111
1283 1111
1284 1111
1285 1111
1286 1111
1287 1111
1288 1111
1289 1111
1290 1111
1291 1111
1292 1111
1293 1111
1294 1111
1295 1111
1296 1111
1297 1111
1298 1111
1299 1111
1300 1111
1301 1111
1302 1111
1303 1111
1304 1111
1305 1111
1306 1111
1307 1111
1308 1111
1309 1111
1310 1111
1311 1111
1312 1111
1313 1111
1314 1111
1315 1111
1316 1111
1317 1111
1318 1111
1319 1111
1320 1111
1321 1111
1322 1111
1323 1111
1324 1111
1325 1111
1326 1111
1327 1111
1328 1111
1329 1111
1330 1111
1331 1111
1332 1111
1333 1111
1334 1111
1335 1111
1336 1111
1337 1111
1338 1111
1339 1111
1340 1111
1341 1111
1342 1111
1343 1111
1344 2222
1345 2222
1346 2222
1347 2222
1348 2222
1349 2222
1350 2222
1351 2222
1352 2222
1353 2222
1354 2222
1355 2222
1356 2222
1357 2222
1358 2222
1359 2222
1360 2222
1361 2222
1362 2222
1363 2222
1364 2222
1365 2222
1366 2222
1367 2222
1368 2222
1369 2222
1370 2222
1371 2222
1372 2222
1373 2222
1374 2222
1375 2222
1376 2222
1377 2222
1378 2222
1379 2222
1380 2222
1381 2222
1382 2222
1383 2222
1384 2222
1385 2222
1386 2222
1387 2222
1388 2222
1389 2222
1390 2222
1391 2222
1392 2222
1393 2222
1394 2222
1395 2222
1396 2222
1397 2222
1398 2222
1399 2222
1400 2222
1401 2222
1402 2222
1403 2222
1404 2222
1405 2222
1406 2222
1407 2222
1408 4444
1409 4444
1410 4444
1411 4444
1412 4444
1413 4444
1414 4444
1415 4444
1416 4444
1417 4444
1418 4444
1419 4444
1420 4444
1421 4444
1422 4444
1423 4444
1424 4444
1425 4444
1426 4444
1427 4444
1428 4444
1429 4444
1430 4444
1431 4444
1432 4444
1433 4444
1434 4444
1435 4444
1436 4444
1437 4444
1438 4444
1439 4444
1440 4444
1441 4444
1442 4444
1443 4444
1444 4444
1445 4444
1446 4444
1447 4444
1448 4444
1449 4444
1450 4444
1451 4444
1452 4444
1453 4444
1454 4444
1455 4444
1456 4444
1457 4444
1458 4444
1459 4444
1460 4444
1461 4444
1462 4444
1463 4444
1464 4444
1465 4444
1466 4444
1467 4444
1468 4444
1469 4444
1470 4444
1471 4444
1472 8888
1473 8888
1474 8888
1475 8888
1476 8888
1477 8888
1478 8888
1479 8888
1480 8888
1481 8888
1482 8888
1483 8888
1484 8888
1485 8888
1486 8888
1487 8888
1488 8888
1489 8888
1490 8888
1491 8888
1492 8888
1493 8888
1494 8888
1495 8888
1496 8888
1497 8888
1498 8888
1499 8888
1500 8888
1501 8888
1502 8888
1503 8888
1504 8888
1505 8888
1506 8888
1507 8888
1508 8888
1509 8888
1510 8888
1511 8888
1512 8888
1513 8888
1514 8888
1515 8888
1516 8888
1517 8888
1518 8888
1519 8888
1520 8888
1521 8888
1522 8888
1523 8888
1524 8888
1525 8888
1526 8888
1527 8888
1528 8888
1529 8888
1530 8888
1531 8888
1532 8888
1533 8888
1534 8888
1535 8888
1536 1111
1537 2222
1538 4444
1539 8888
1540 1111
1541 2222
1542 4444
1543 8888
1544 1111
1545 2222
1546 4444
1547 8888
1548 1111
1549 2222
1550 4444
1551 8888
1552 1111
1553 2222
1554 4444
1555 8888
1556 1111
1557 2222
1558 4444
1559 8888
1560 1111
1561 2222
1562 4444
1563 8888
1564 1111
1565 2222
1566 4444
1567 8888
1568 1111
1569 2222
1570 4444
1571 8888
1572 1111
1573 2222
1574 4444
1575 8888
1576 1111
1577 2222
1578 4444
1579 8888
1580 1111
1581 2222
1582 4444
1583 8888
1584 1111
1585 2222
1586 4444
1587 8888
1588 1111
1589 2222
1590 4444
1591 8888
1592 1111
1593 2222
1594 4444
1595 8888
1596 1111
1597 2222
1598 4444
1599 8888
1600 1111
1601 2222
1602 4444
1603 8888
1604 1111
1605 2222
1606 4444
1607 8888
1608 1111
1609 2222
1610 4444
1611 8888
1612 1111
1613 2222
1614 4444
1615 8888
1616 1111
1617 2222
1618 4444
1619 8888
1620 1111
1621 2222
1622 4444
1623 8888
1624 1111
1625 2222
1626 4444
1627 8888
1628 1111
1629 2222
1630 4444
1631 8888
1632 1111
1633 2222
1634 4444
1635 8888
1636 1111
1637 2222
1638 4444
1639 8888
1640 1111
1641 2222
1642 4444
1643 8888
1644 1111
1645 2222
1646 4444
1647 8888
1648 1111
1649 2222
1650 4444
1651 8888
1652 1111
1653 2222
1654 4444
1655 8888
1656 1111
1657 2222
1658 4444
1659 8888
1660 1111
1661 2222
1662 4444
1663 8888
1664 1111
1665 2222
1666 4444
1667 8888
1668 1111
1669 2222
1670 4444
1671 8888
1672 1111
1673 2222
1674 4444
1675 8888
1676 1111
1677 2222
1678 4444
1679 8888
1680 1111
1681 2222
1682 4444
1683 8888
1684 1111
1685 2222
1686 4444
1687 8888
1688 1111
1689 2222
1690 4444
1691 8888
1692 1111
1693 2222
1694 4444
1695 8888
1696 1111
1697 2222
1698 4444
1699 8888
1700 1111
1701 2222
1702 4444
1703 8888
1704 1111
1705 2222
1706 4444
1707 8888
1708 1111
1709 2222
1710 4444
1711 8888
1712 1111
1713 2222
1714 4444
1715 8888
1716 1111
1717 2222
1718 4444
1719 8888
1720 1111
1721 2222
1722 4444
1723 8888
1724 1111
1725 2222
1726 4444
1727 8888
1728 1111
1729 2222
1730 4444
1731 8888
1732 1111
1733 2222
1734 4444
1735 8888
1736 1111
1737 2222
1738 4444
1739 8888
1740 1111
1741 2222
1742 4444
1743 8888
1744 1111
1745 2222
1746 4444
1747 8888
1748 1111
1749 2222
1750 4444
1751 8888
1752 1111
1753 2222
1754 4444
1755 8888
1756 1111
1757 2222
1758 4444
1759 8888
1760 1111
1761 2222
1762 4444
1763 8888
1764 1111
1765 2222
1766 4444
1767 8888
1768 1111
1769 2222
1770 4444
1771 8888
1772 1111
1773 2222
1774 4444
1775 8888
1776 1111
1777 2222
1778 4444
1779 8888
1780 1111
1781 2222
1782 4444
1783 8888
1784 1111
1785 2222
1786 4444
1787 8888
1788 1111
1789 2222
1790 4444
1791 8888
1792 0220
1793 8020
1794 4200
1795 0600
1796 8200
1797 0420
1798 0060
1799 8200
1800 0440
1801 2001
1802 0440
1803 1200
1804 0440
1805 0060
1806 0600
1807 0480
1808 1001
1809 2040
1810 0420
1811 0060
1812 0440
1813 0220
1814 4040
1815 0420
1816 0060
1817 4200
1818 0401
1819 0600
1820 0220
1821 0440
1822 8400
1823 0220
1824 0440
1825 0028
1826 0041
1827 0420
1828 0440
1829 0060
1830 2040
1831 0600
1832 0440
1833 0420
1834 0600
1835 0240
1836 0600
1837 1400
1838 0220
1839 0240
1840 0440
1841 0030
1842 0410
1843 0600
1844 0600
1845 4020
1846 0420
1847 2200
1848 0440
1849 0220
1850 0480
1851 0600
1852 0240
1853 0240
1854 0300
1855 0480
1856 0420
1857 4010
1858 1020
1859 0240
1860 0600
1861 0600
1862 0600
1863 1400
1864 2800
1865 0420
1866 0201
1867 0220
1868 4800
1869 0060
1870 0240
1871 0440
1872 4020
1873 0060
1874 0220
1875 0408
1876 0220
1877 0042
1878 0600
1879 0220
1880 8400
1881 0240
1882 0048
1883 0060
1884 0420
1885 0440
1886 0220
1887 0030
1888 0060
1889 0060
1890 4800
1891 0840
1892 00c0
1893 2040
1894 0440
1895 00c0
1896 0220
1897 0420
1898 0600
1899 0060
1900 0600
1901 0220
1902 2020
1903 00c0
1904 0060
1905 0600
1906 0240
1907 0408
1908 0420
1909 0420
1910 0420
1911 0240
1912 0440
1913 0060
1914 0240
1915 0220
1916 0110
1917 0420
1918 0600
1919 0220
1920 0420
1921 2040
1922 00c0
1923 0240
1924 1040
1925 8001
1926 00a0
1927 0600
1928 0600
1929 4040
1930 0440
1931 4400
1932 0030
1933 0060
1934 0410
1935 0420
1936 0140
1937 0420
1938 4400
1939 0030
1940 0220
1941 0220
1942 0c00
1943 0220
1944 0440
1945 0600
1946 0220
1947 0420
1948 0420
1949 0240
1950 0420
1951 0440
1952 0420
1953 4200
1954 0440
1955 0220
1956 0420
1957 0420
1958 0420
1959 0220
1960 0401
1961 0240
1962 0042
1963 0220
1964 2400
1965 0440
1966 0220
1967 0410
1968 0600
1969 0600
1970 0420
1971 4010
1972 0420
1973 0420
1974 0401
1975 4200
1976 0220
1977 1400
1978 0440
1979 0060
1980 0440
1981 0410
1982 0060
1983 0420
1984 0060
1985 0600
1986 0048
1987 0060
1988 2200
1989 0240
1990 0240
1991 0420
1992 0104
1993 0220
1994 0240
1995 1040
1996 0030
1997 0600
1998 0420
1999 0600
2000 2020
2001 0420
2002 0042
2003 0600
2004 0220
2005 0101
2006 0440
2007 0220
2008 00a0
2009 0440
2010 000c
2011 0220
2012 0420
2013 0440
2014 0a00
2015 0440
2016 0440
2017 8040
2018 0440
2019 0041
2020 0420
2021 0440
2022 0060
2023 0240
2024 0240
2025 0202
2026 0060
2027 0044
2028 1200
2029 0240
2030 0420
2031 0042
2032 0440
2033 0440
2034 0440
2035 0240
2036 0220
2037 0440
2038 0220
2039 0420
2040 0600
2041 0044
2042 8020
2043 0060
2044 0440
2045 0600
2046 8400
2047 0201
2048 8040
2049 0440
2050 0c00
2051 0440
2052 0420
2053 0204
2054 0600
2055 0204
2056 1040
2057 0060
2058 0220
2059 0600
2060 0600
2061 0240
2062 0600
2063 0028
2064 0060
2065 0280
2066 0280
2067 0440
2068 2400
2069 0041
2070 0220
2071 0420
2072 0220
2073 0220
2074 00a0
2075 0220
2076 0401
2077 0600
2078 2200
2079 0240
2080 0220
2081 0480
2082 0240
2083 0500
2084 0420
2085 0022
2086 0840
2087 0220
2088 0120
2089 0140
2090 0420
2091 0480
2092 2020
2093 0408
2094 0204
2095 0060
2096 0440
2097 0220
2098 8040
2099 0420
2100 0240
2101 0240
2102 0600
2103 0060
2104 0600
2105 0240
2106 0240
2107 0060
2108 0060
2109 0060
2110 0440
2111 2020
2112 0420
2113 0044
2114 0420
2115 0220
2116 0840
2117 0220
2118 0240
2119 0410
2120 0201
2121 0204
2122 0820
2123 0060
2124 1020
2125 8200
2126 0401
2127 0028
2128 0440
2129 0220
2130 0600
2131 0022
2132 1100
2133 0048
2134 0044
2135 0440
2136 0402
2137 0044
2138 0420
2139 0220
2140 0220
2141 1400
2142 0060
2143 0240
2144 0401
2145 0600
2146 2040
2147 0240
2148 0220
2149 0240
2150 0060
2151 0420
2152 0202
2153 0420
2154 0820
2155 0060
2156 0600
2157 0440
2158 0220
2159 0012
2160 0028
2161 0420
2162 1020
2163 0440
2164 4040
2165 0440
2166 0240
2167 0060
2168 0440
2169 0220
2170 0220
2171 0220
2172 0060
2173 0240
2174 0220
2175 4002
2176 0420
2177 0110
2178 8040
2179 0440
2180 0060
2181 0220
2182 0240
2183 0060
2184 0120
2185 0420
2186 0240
2187 0060
2188 0220
2189 0060
2190 0600
2191 0011
2192 0022
2193 1400
2194 0120
2195 0600
2196 0420
2197 0041
2198 0208
2199 0021
2200 1040
2201 0420
2202 0420
2203 0408
2204 0220
2205 0240
2206 0220
2207 0420
2208 0440
2209 0041
2210 0401
2211 4400
2212 0420
2213 0600
2214 0220
2215 0480
2216 0041
2217 0220
2218 0044
2219 0408
2220 0440
2221 00a0
2222 1020
2223 0060
2224 0024
2225 0600
2226 2400
2227 4200
2228 4040
2229 0120
2230 0440
2231 0060
2232 0060
2233 0820
2234 0220
2235 0060
2236 0240
2237 0028
2238 0420
2239 0060
2240 0420
2241 0220
2242 0440
2243 0240
2244 0240
2245 0009
2246 0600
2247 0220
2248 0420
2249 0041
2250 0220
2251 0440
2252 0240
2253 0101
2254 0420
2255 0420
2256 2040
2257 0600
2258 0220
2259 2200
2260 0240
2261 0042
2262 0440
2263 8040
2264 0440
2265 0060
2266 0420
2267 0440
2268 a000
2269 0024
2270 0220
2271 0600
2272 0440
2273 0440
2274 0220
2275 0300
2276 0440
2277 0480
2278 0600
2279 0240
2280 0440
2281 0c00
2282 0240
2283 0060
2284 0408
2285 0a00
2286 0600
2287 0420
2288 0804
2289 0240
2290 0220
2291 0420
2292 0420
2293 0240
2294 0c00
2295 0600
2296 0220
2297 0220
2298 0220
2299 1020
2300 0021
2301 0440
2302 5000
2303 0600
2304 0240
2305 0600
2306 0060
2307 0600
2308 0600
2309 0060
2310 0600
2311 0440
2312 0440
2313 0440
2314 1020
2315 0420
2316 0600
2317 0600
2318 0440
2319 0420
2320 0404
2321 0600
2322 0600
2323 0201
2324 8040
2325 0440
2326 0240
2327 2020
2328 0240
2329 0220
2330 0420
2331 0240
2332 0120
2333 1400
2334 0420
2335 0420
2336 0600
2337 0600
2338 0840
2339 0420
2340 0021
2341 0240
2342 0420
2343 0810
2344 0402
2345 0420
2346 0420
2347 0041
2348 0820
2349 0220
2350 0048
2351 2400
2352 0600
2353 0440
2354 0240
2355 0240
2356 0440
2357 0600
2358 4020
2359 0440
2360 0220
2361 0420
2362 0420
2363 0240
2364 0410
2365 0042
2366 0120
2367 0240
2368 0440
2369 0300
2370 0240
2371 0440
2372 0402
2373 0420
2374 00a0
2375 0600
2376 0240
2377 0220
2378 2400
2379 0808
2380 0220
2381 0208
2382 0060
2383 0028
2384 0440
2385 0210
2386 0060
2387 0060
2388 0820
2389 0060
2390 0060
2391 0240
2392 0201
2393 0060
2394 0440
2395 0220
2396 0440
2397 0420
2398 8020
2399 0420
2400 0060
2401 0060
2402 0240
2403 4200
2404 0220
2405 0408
2406 0060
2407 0600
2408 1040
2409 0c00
2410 0600
2411 0480
2412 0220
2413 0240
2414 0202
2415 0048
2416 0024
2417 0820
2418 0440
2419 0220
2420 0220
2421 0600
2422 8400
2423 0240
2424 0240
2425 0420
2426 0402
2427 0600
2428 0240
2429 0208
2430 0840
2431 0050
2432 0440
2433 8004
2434 0420
2435 4010
2436 0440
2437 0060
2438 0240
2439 0240
2440 0420
2441 0420
2442 0600
2443 0060
2444 0420
2445 0220
2446 0024
2447 0060
2448 0060
2449 0240
2450 0220
2451 0220
2452 0060
2453 0028
2454 0201
2455 0240
2456 0c00
2457 0440
2458 0600
2459 0600
2460 0220
2461 0120
2462 0c00
2463 0600
2464 0060
2465 4040
2466 0600
2467 0420
2468 0600
2469 0600
2470 0420
2471 0440
2472 0208
2473 0420
2474 0240
2475 0220
2476 0024
2477 0220
2478 8001
2479 0440
2480 0240
2481 0220
2482 2400
2483 4020
2484 0220
2485 0202
2486 0420
2487 2200
2488 0420
2489 0204
2490 0220
2491 8040
2492 0500
2493 0440
2494 1040
2495 0420
2496 0440
2497 0220
2498 0420
2499 0240
2500 0420
2501 0a00
2502 0440
2503 0220
2504 2200
2505 0060
2506 0060
2507 2040
2508 0600
2509 0140
2510 0240
2511 0220
2512 0600
2513 0060
2514 0420
2515 8040
2516 00c0
2517 1200
2518 0060
2519 0044
2520 0204
2521 0060
2522 0240
2523 0044
2524 0600
2525 0600
2526 0220
2527 1200
2528 0041
2529 0420
2530 0440
2531 0420
2532 0280
2533 0420
2534 0220
2535 0240
2536 4001
2537 0420
2538 0060
2539 0420
2540 0440
2541 0420
2542 0060
2543 000c
2544 0440
2545 2400
2546 0600
2547 8040
2548 0060
2549 0044
2550 0220
2551 0048
2552 2200
2553 0240
2554 2400
2555 0240
2556 0420
2557 8200
2558 4800
2559 1200
2560 0401
2561 4001
2562 2400
2563 8400
2564 4400
2565 8001
2566 0021
2567 4400
2568 8020
2569 1002
2570 8020
2571 0c00
2572 8020
2573 0021
2574 8400
2575 8080
2576 0802
2577 1020
2578 8001
2579 0021
2580 8020
2581 0401
2582 2020
2583 8001
2584 0021
2585 2400
2586 8002
2587 8400
2588 0401
2589 8020
2590 c000
2591 0401
2592 8020
2593 0011
2594 0022
2595 8001
2596 8020
2597 0021
2598 1020
2599 8400
2600 8020
2601 8001
2602 8400
2603 0420
2604 8400
2605 8800
2606 0401
2607 0420
2608 8020
2609 0041
2610 8040
2611 8400
2612 8400
2613 2001
2614 8001
2615 1400
2616 8020
2617 0401
2618 8080
2619 8400
2620 0420
2621 0420
2622 0500
2623 8080
2624 8001
2625 2040
2626 0801
2627 0420
2628 8400
2629 8400
2630 8400
2631 8800
2632 1200
2633 8001
2634 0402
2635 0401
2636 2200
2637 0021
2638 0420
2639 8020
2640 2001
2641 0021
2642 0401
2643 8010
2644 0401
2645 0024
2646 8400
2647 0401
2648 c000
2649 0420
2650 0030
2651 0021
2652 8001
2653 8020
2654 0401
2655 0041
2656 0021
2657 0021
2658 2200
2659 0220
2660 00a0
2661 1020
2662 8020
2663 00a0
2664 0401
2665 8001
2666 8400
2667 0021
2668 8400
2669 0401
2670 1001
2671 00a0
2672 0021
2673 8400
2674 0420
2675 8010
2676 8001
2677 8001
2678 8001
2679 0420
2680 8020
2681 0021
2682 0420
2683 0401
2684 0140
2685 8001
2686 8400
2687 0401
2688 8001
2689 1020
2690 00a0
2691 0420
2692 0820
2693 4002
2694 0081
2695 8400
2696 8400
2697 2020
2698 8020
2699 a000
2700 0041
2701 0021
2702 8040
2703 8001
2704 0120
2705 8001
2706 a000
2707 0041
2708 0401
2709 0401
2710 8200
2711 0401
2712 8020
2713 8400
2714 0401
2715 8001
2716 8001
2717 0420
2718 8001
2719 8020
2720 8001
2721 2400
2722 8020
2723 0401
2724 8001
2725 8001
2726 8001
2727 0401
2728 8002
2729 0420
2730 0024
2731 0401
2732 9000
2733 8020
2734 0401
2735 8040
2736 8400
2737 8400
2738 8001
2739 2040
2740 8001
2741 8001
2742 8002
2743 2400
2744 0401
2745 8800
2746 8020
2747 0021
2748 8020
2749 8040
2750 0021
2751 8001
2752 0021
2753 8400
2754 0030
2755 0021
2756 1400
2757 0420
2758 0420
2759 8001
2760 0108
2761 0401
2762 0420
2763 0820
2764 0041
2765 8400
2766 8001
2767 8400
2768 1001
2769 8001
2770 0024
2771 8400
2772 0401
2773 0102
2774 8020
2775 0401
2776 0081
2777 8020
2778 0018
2779 0401
2780 8001
2781 8020
2782 0600
2783 8020
2784 8020
2785 4020
2786 8020
2787 0022
2788 8001
2789 8020
2790 0021
2791 0420
2792 0420
2793 0404
2794 0021
2795 0028
2796 0c00
2797 0420
2798 8001
2799 0024
2800 8020
2801 8020
2802 8020
2803 0420
2804 0401
2805 8020
2806 0401
2807 8001
2808 8400
2809 0028
2810 4001
2811 0021
2812 8020
2813 8400
2814 c000
2815 0402
2816 4020
2817 8020
2818 8200
2819 8020
2820 8001
2821 0408
2822 8400
2823 0408
2824 0820
2825 0021
2826 0401
2827 8400
2828 8400
2829 0420
2830 8400
2831 0011
2832 0021
2833 0480
2834 0480
2835 8020
2836 9000
2837 0022
2838 0401
2839 8001
2840 0401
2841 0401
2842 0081
2843 0401
2844 8002
2845 8400
2846 1400
2847 0420
2848 0401
2849 8080
2850 0420
2851 8100
2852 8001
2853 0005
2854 0220
2855 0401
2856 0101
2857 0120
2858 8001
2859 8080
2860 1001
2861 8010
2862 0408
2863 0021
2864 8020
2865 0401
2866 4020
2867 8001
2868 0420
2869 0420
2870 8400
2871 0021
2872 8400
2873 0420
2874 0420
2875 0021
2876 0021
2877 0021
2878 8020
2879 1001
2880 8001
2881 0028
2882 8001
2883 0401
2884 0220
2885 0401
2886 0420
2887 8040
2888 0402
2889 0408
2890 0201
2891 0021
2892 0801
2893 4400
2894 8002
2895 0011
2896 8020
2897 0401
2898 8400
2899 0005
2900 0900
2901 0030
2902 0028
2903 8020
2904 8004
2905 0028
2906 8001
2907 0401
2908 0401
2909 8800
2910 0021
2911 0420
2912 8002
2913 8400
2914 1020
2915 0420
2916 0401
2917 0420
2918 0021
2919 8001
2920 0404
2921 8001
2922 0201
2923 0021
2924 8400
2925 8020
2926 0401
2927 0044
2928 0011
2929 8001
2930 0801
2931 8020
2932 2020
2933 8020
2934 0420
2935 0021
2936 8020
2937 0401
2938 0401
2939 0401
2940 0021
2941 0420
2942 0401
2943 2004
2944 8001
2945 0140
2946 4020
2947 8020
2948 0021
2949 0401
2950 0420
2951 0021
2952 0101
2953 8001
2954 0420
2955 0021
2956 0401
2957 0021
2958 8400
2959 0042
2960 0005
2961 8800
2962 0101
2963 8400
2964 8001
2965 0022
2966 0410
2967 0003
2968 0820
2969 8001
2970 8001
2971 8010
2972 0401
2973 0420
2974 0401
2975 8001
2976 8020
2977 0022
2978 8002
2979 a000
2980 8001
2981 8400
2982 0401
2983 8080
2984 0022
2985 0401
2986 0028
2987 8010
2988 8020
2989 0081
2990 0801
2991 0021
2992 0009
2993 8400
2994 9000
2995 2400
2996 2020
2997 0101
2998 8020
2999 0021
3000 0021
3001 0201
3002 0401
3003 0021
3004 0420
3005 0011
3006 8001
3007 0021
3008 8001
3009 0401
3010 8020
3011 0420
3012 0420
3013 0012
3014 8400
3015 0401
3016 8001
3017 0022
3018 0401
3019 8020
3020 0420
3021 0102
3022 8001
3023 8001
3024 1020
3025 8400
3026 0401
3027 1400
3028 0420
3029 0024
3030 8020
3031 4020
3032 8020
3033 0021
3034 8001
3035 8020
3036 5000
3037 0009
3038 0401
3039 8400
3040 8020
3041 8020
3042 0401
3043 0500
3044 8020
3045 8080
3046 8400
3047 0420
3048 8020
3049 8200
3050 0420
3051 0021
3052 8010
3053 0600
3054 8400
3055 8001
3056 0208
3057 0420
3058 0401
3059 8001
3060 8001
3061 0420
3062 8200
3063 8400
3064 0401
3065 0401
3066 0401
3067 0801
3068 0003
3069 8020
3070 2800
3071 8400
3072 0420
3073 8400
3074 0021
3075 8400
3076 8400
3077 0021
3078 8400
3079 8020
3080 8020
3081 8020
3082 0801
3083 8001
3084 8400
3085 8400
3086 8020
3087 8001
3088 8008
3089 8400
3090 8400
3091 0402
3092 4020
3093 8020
3094 0420
3095 1001
3096 0420
3097 0401
3098 8001
3099 0420
3100 0101
3101 8800
3102 8001
3103 8001
3104 8400
3105 8400
3106 0220
3107 8001
3108 0003
3109 0420
3110 8001
3111 0240
3112 8004
3113 8001
3114 8001
3115 0022
3116 0201
3117 0401
3118 0030
3119 9000
3120 8400
3121 8020
3122 0420
3123 0420
3124 8020
3125 8400
3126 2001
3127 8020
3128 0401
3129 8001
3130 8001
3131 0420
3132 8040
3133 0024
3134 0101
3135 0420
3136 8020
3137 0500
3138 0420
3139 8020
3140 8004
3141 8001
3142 0081
3143 8400
3144 0420
3145 0401
3146 9000
3147 0210
3148 0401
3149 0410
3150 0021
3151 0011
3152 8020
3153 0440
3154 0021
3155 0021
3156 0201
3157 0021
3158 0021
3159 0420
3160 0402
3161 0021
3162 8020
3163 0401
3164 8020
3165 8001
3166 4001
3167 8001
3168 0021
3169 0021
3170 0420
3171 2400
3172 0401
3173 8010
3174 0021
3175 8400
3176 0820
3177 8200
3178 8400
3179 8080
3180 0401
3181 0420
3182 0404
3183 0030
3184 0009
3185 0201
3186 8020
3187 0401
3188 0401
3189 8400
3190 c000
3191 0420
3192 0420
3193 8001
3194 8004
3195 8400
3196 0420
3197 0410
3198 0220
3199 0060
3200 8020
3201 4008
3202 8001
3203 2040
3204 8020
3205 0021
3206 0420
3207 0420
3208 8001
3209 8001
3210 8400
3211 0021
3212 8001
3213 0401
3214 0009
3215 0021
3216 0021
3217 0420
3218 0401
3219 0401
3220 0021
3221 0011
3222 0402
3223 0420
3224 8200
3225 8020
3226 8400
3227 8400
3228 0401
3229 0101
3230 8200
3231 8400
3232 0021
3233 2020
3234 8400
3235 8001
3236 8400
3237 8400
3238 8001
3239 8020
3240 0410
3241 8001
3242 0420
3243 0401
3244 0009
3245 0401
3246 4002
3247 8020
3248 0420
3249 0401
3250 9000
3251 2001
3252 0401
3253 0404
3254 8001
3255 1400
3256 8001
3257 0408
3258 0401
3259 4020
3260 8100
3261 8020
3262 0820
3263 8001
3264 8020
3265 0401
3266 8001
3267 0420
3268 8001
3269 0600
3270 8020
3271 0401
3272 1400
3273 0021
3274 0021
3275 1020
3276 8400
3277 0120
3278 0420
3279 0401
3280 8400
3281 0021
3282 8001
3283 4020
3284 00a0
3285 0c00
3286 0021
3287 0028
3288 0408
3289 0021
3290 0420
3291 0028
3292 8400
3293 8400
3294 0401
3295 0c00
3296 0022
3297 8001
3298 8020
3299 8001
3300 0480
3301 8001
3302 0401
3303 0420
3304 2002
3305 8001
3306 0021
3307 8001
3308 8020
3309 8001
3310 0021
3311 0018
3312 8020
3313 9000
3314 8400
3315 4020
3316 0021
3317 0028
3318 0401
3319 0030
3320 1400
3321 0420
3322 9000
3323 0420
3324 8001
3325 4400
3326 2200
3327 0c00
3328 0220
3329 8020
3330 4200
3331 0600
3332 8200
3333 0420
3334 0060
3335 8200
3336 0440
3337 2001
3338 0440
3339 1200
3340 0440
3341 0060
3342 0600
3343 0480
3344 1001
3345 2040
3346 0420
3347 0060
3348 0440
3349 0220
3350 4040
3351 0420
3352 0060
3353 4200
3354 0401
3355 0600
3356 0220
3357 0440
3358 8400
3359 0220
3360 0440
3361 0028
3362 0041
3363 0420
3364 0440
3365 0060
3366 2040
3367 0600
3368 0440
3369 0420
3370 0600
3371 0240
3372 0600
3373 1400
3374 0220
3375 0240
3376 0440
3377 0030
3378 0410
3379 0600
3380 0600
3381 4020
3382 0420
3383 2200
3384 0440
3385 0220
3386 0480
3387 0600
3388 0240
3389 0240
3390 0300
3391 0480
3392 0420
3393 4010
3394 1020
3395 0240
3396 0600
3397 0600
3398 0600
3399 1400
3400 2800
3401 0420
3402 0201
3403 0220
3404 4800
3405 0060
3406 0240
3407 0440
3408 4020
3409 0060
3410 0220
3411 0408
3412 0220
3413 0042
3414 0600
3415 0220
3416 8400
3417 0240
3418 0048
3419 0060
3420 0420
3421 0440
3422 0220
3423 0030
3424 0060
3425 0060
3426 4800
3427 0840
3428 00c0
3429 2040
3430 0440
3431 00c0
3432 0220
3433 0420
3434 0600
3435 0060
3436 0600
3437 0220
3438 2020
3439 00c0
3440 0060
3441 0600
3442 0240
3443 0408
3444 0420
3445 0420
3446 0420
3447 0240
3448 0440
3449 0060
3450 0240
3451 0220
3452 0110
3453 0420
3454 0600
3455 0220
3456 0420
3457 2040
3458 00c0
3459 0240
3460 1040
3461 8001
3462 00a0
3463 0600
3464 0600
3465 4040
3466 0440
3467 4400
3468 0030
3469 0060
3470 0410
3471 0420
3472 0140
3473 0420
3474 4400
3475 0030
3476 0220
3477 0220
3478 0c00
3479 0220
3480 0440
3481 0600
3482 0220
3483 0420
3484 0420
3485 0240
3486 0420
3487 0440
3488 0420
3489 4200
3490 0440
3491 0220
3492 0420
3493 0420
3494 0420
3495 0220
3496 0401
3497 0240
3498 0042
3499 0220
3500 2400
3501 0440
3502 0220
3503 0410
3504 0600
3505 0600
3506 0420
3507 4010
3508 0420
3509 0420
3510 0401
3511 4200
3512 0220
3513 1400
3514 0440
3515 0060
3516 0440
3517 0410
3518 0060
3519 0420
3520 0060
3521 0600
3522 0048
3523 0060
3524 2200
3525 0240
3526 0240
3527 0420
3528 0104
3529 0220
3530 0240
3531 1040
3532 0030
3533 0600
3534 0420
3535 0600
3536 2020
3537 0420
3538 0042
3539 0600
3540 0220
3541 0101
3542 0440
3543 0220
3544 00a0
3545 0440
3546 000c
3547 0220
3548 0420
3549 0440
3550 0a00
3551 0440
3552 0440
3553 8040
3554 0440
3555 0041
3556 0420
3557 0440
3558 0060
3559 0240
3560 0240
3561 0202
3562 0060
3563 0044
3564 1200
3565 0240
3566 0420
3567 0042
3568 0440
3569 0440
3570 0440
3571 0240
3572 0220
3573 0440
3574 0220
3575 0420
3576 0600
3577 0044
3578 8020
3579 0060
3580 0440
3581 0600
3582 8400
3583 0201
3584 8040
3585 0440
3586 0c00
3587 0440
3588 0420
3589 0204
3590 0600
3591 0204
3592 1040
3593 0060
3594 0220
3595 0600
3596 0600
3597 0240
3598 0600
3599 0028
3600 0060
3601 0280
3602 0280
3603 0440
3604 2400
3605 0041
3606 0220
3607 0420
3608 0220
3609 0220
3610 00a0
3611 0220
3612 0401
3613 0600
3614 2200
3615 0240
3616 0220
3617 0480
3618 0240
3619 0500
3620 0420
3621 0022
3622 0840
3623 0220
3624 0120
3625 0140
3626 0420
3627 0480
3628 2020
3629 0408
3630 0204
3631 0060
3632 0440
3633 0220
3634 8040
3635 0420
3636 0240
3637 0240
3638 0600
3639 0060
3640 0600
3641 0240
3642 0240
3643 0060
3644 0060
3645 0060
3646 0440
3647 2020
3648 0420
3649 0044
3650 0420
3651 0220
3652 0840
3653 0220
3654 0240
3655 0410
3656 0201
3657 0204
3658 0820
3659 0060
3660 1020
3661 8200
3662 0401
3663 0028
3664 0440
3665 0220
3666 0600
3667 0022
3668 1100
3669 0048
3670 0044
3671 0440
3672 0402
3673 0044
3674 0420
3675 0220
3676 0220
3677 1400
3678 0060
3679 0240
3680 0401
3681 0600
3682 2040
3683 0240
3684 0220
3685 0240
3686 0060
3687 0420
3688 0202
3689 0420
3690 0820
3691 0060
3692 0600
3693 0440
3694 0220
3695 0012
3696 0028
3697 0420
3698 1020
3699 0440
3700 4040
3701 0440
3702 0240
3703 0060
3704 0440
3705 0220
3706 0220
3707 0220
3708 0060
3709 0240
3710 0220
3711 4002
3712 0420
3713 0110
3714 8040
3715 0440
3716 0060
3717 0220
3718 0240
3719 0060
3720 0120
3721 0420
3722 0240
3723 0060
3724 0220
3725 0060
3726 0600
3727 0011
3728 0022
3729 1400
3730 0120
3731 0600
3732 0420
3733 0041
3734 0208
3735 0021
3736 1040
3737 0420
3738 0420
3739 0408
3740 0220
3741 0240
3742 0220
3743 0420
3744 0440
3745 0041
3746 0401
3747 4400
3748 0420
3749 0600
3750 0220
3751 0480
3752 0041
3753 0220
3754 0044
3755 0408
3756 0440
3757 00a0
3758 1020
3759 0060
3760 0024
3761 0600
3762 2400
3763 4200
3764 4040
3765 0120
3766 0440
3767 0060
3768 0060
3769 0820
3770 0220
3771 0060
3772 0240
3773 0028
3774 0420
3775 0060
3776 0420
3777 0220
3778 0440
3779 0240
3780 0240
3781 0009
3782 0600
3783 0220
3784 0420
3785 0041
3786 0220
3787 0440
3788 0240
3789 0101
3790 0420
3791 0420
3792 2040
3793 0600
3794 0220
3795 2200
3796 0240
3797 0042
3798 0440
3799 8040
3800 0440
3801 0060
3802 0420
3803 0440
3804 a000
3805 0024
3806 0220
3807 0600
3808 0440
3809 0440
3810 0220
3811 0300
3812 0440
3813 0480
3814 0600
3815 0240
3816 0440
3817 0c00
3818 0240
3819 0060
3820 0408
3821 0a00
3822 0600
3823 0420
3824 0804
3825 0240
3826 0220
3827 0420
3828 0420
3829 0240
3830 0c00
3831 0600
3832 0220
3833 0220
3834 0220
3835 1020
3836 0021
3837 0440
3838 5000
3839 0600
3840 0240
3841 0600
3842 0060
3843 0600
3844 0600
3845 0060
3846 0600
3847 0440
3848 0440
3849 0440
3850 1020
3851 0420
3852 0600
3853 0600
3854 0440
3855 0420
3856 0404
3857 0600
3858 0600
3859 0201
3860 8040
3861 0440
3862 0240
3863 2020
3864 0240
3865 0220
3866 0420
3867 0240
3868 0120
3869 1400
3870 0420
3871 0420
3872 0600
3873 0600
3874 0840
3875 0420
3876 0021
3877 0240
3878 0420
3879 0810
3880 0402
3881 0420
3882 0420
3883 0041
3884 0820
3885 0220
3886 0048
3887 2400
3888 0600
3889 0440
3890 0240
3891 0240
3892 0440
3893 0600
3894 4020
3895 0440
3896 0220
3897 0420
3898 0420
3899 0240
3900 0410
3901 0042
3902 0120
3903 0240
3904 0440
3905 0300
3906 0240
3907 0440
3908 0402
3909 0420
3910 00a0
3911 0600
3912 0240
3913 0220
3914 2400
3915 0808
3916 0220
3917 0208
3918 0060
3919 0028
3920 0440
3921 0210
3922 0060
3923 0060
3924 0820
3925 0060
3926 0060
3927 0240
3928 0201
3929 0060
3930 0440
3931 0220
3932 0440
3933 0420
3934 8020
3935 0420
3936 0060
3937 0060
3938 0240
3939 4200
3940 0220
3941 0408
3942 0060
3943 0600
3944 1040
3945 0c00
3946 0600
3947 0480
3948 0220
3949 0240
3950 0202
3951 0048
3952 0024
3953 0820
3954 0440
3955 0220
3956 0220
3957 0600
3958 8400
3959 0240
3960 0240
3961 0420
3962 0402
3963 0600
3964 0240
3965 0208
3966 0840
3967 0050
3968 0440
3969 8004
3970 0420
3971 4010
3972 0440
3973 0060
3974 0240
3975 0240
3976 0420
3977 0420
3978 0600
3979 0060
3980 0420
3981 0220
3982 0024
3983 0060
3984 0060
3985 0240
3986 0220
3987 0220
3988 0060
3989 0028
3990 0201
3991 0240
3992 0c00
3993 0440
3994 0600
3995 0600
3996 0220
3997 0120
3998 0c00
3999 0600
4000 0060
4001 4040
4002 0600
4003 0420
4004 0600
4005 0600
4006 0420
4007 0440
4008 0208
4009 0420
4010 0240
4011 0220
4012 0024
4013 0220
4014 8001
4015 0440
4016 0240
4017 0220
4018 2400
4019 4020
4020 0220
4021 0202
4022 0420
4023 2200
4024 0420
4025 0204
4026 0220
4027 8040
4028 0500
4029 0440
4030 1040
4031 0420
4032 0440
4033 0220
4034 0420
4035 0240
4036 0420
4037 0a00
4038 0440
4039 0220
4040 2200
4041 0060
4042 0060
4043 2040
4044 0600
4045 0140
4046 0240
4047 0220
4048 0600
4049 0060
4050 0420
4051 8040
4052 00c0
4053 1200
4054 0060
4055 0044
4056 0204
4057 0060
4058 0240
4059 0044
4060 0600
4061 0600
4062 0220
4063 1200
4064 0041
4065 0420
4066 0440
4067 0420
4068 0280
4069 0420
4070 0220
4071 0240
4072 4001
4073 0420
4074 0060
4075 0420
4076 0440
4077 0420
4078 0060
4079 000c
4080 0440
4081 2400
4082 0600
4083 8040
4084 0060
4085 0044
4086 0220
4087 0048
4088 2200
4089 0240
4090 2400
4091 0240
4092 0420
4093 8200
4094 4800
4095 1200
