0 0400
1 0020
2 8000
3 8000
4 0400
5 0001
6 0001
7 0020
8 8000
9 0004
10 0020
11 0400
12 0400
13 0020
14 0400
15 1000
16 0001
17 0020
18 0001
19 4000
20 0001
21 4000
22 0002
23 8000
26 8000
27 0400
29 0001
30 0020
31 0020
32 0040
33 0020
34 0400
35 0100
36 0001
37 0001
38 4000
39 0001
40 0004
41 0001
42 0001
43 0020
44 0001
45 0001
46 0400
47 0020
48 0200
49 8000
50 0020
51 0400
52 0400
53 0001
54 0001
55 0001
56 0001
57 1000
58 0020
59 8000
60 0020
61 0020
62 0400
63 0020
64 0002
65 8000
66 0400
67 0020
68 0400
69 8000
70 0001
71 0800
72 0020
73 0400
74 8000
75 8000
76 0400
77 0400
78 0040
79 0400
80 0080
81 0001
82 0010
83 0020
84 0020
85 0400
86 0400
87 0020
88 0001
89 0020
90 0001
92 8000
93 0020
95 0800
96 0400
97 0020
98 2000
99 0008
100 8000
101 0400
102 0080
103 8000
104 0800
105 0001
107 0080
109 0020
110 0008
112 0400
113 0400
114 8000
115 0400
116 0400
117 0001
118 0001
119 0400
120 8000
121 2000
122 8000
124 8000
125 0400
126 0020
127 0020
128 0100
129 0010
130 4000
131 0200
132 0002
133 0008
134 4000
135 2000
136 0200
137 0008
138 0800
139 0200
140 0008
141 0200
142 0010
144 4000
145 0200
146 0008
147 8000
148 0010
150 0001
151 0008
152 0010
153 0400
154 4000
155 0008
156 0004
158 0400
159 0200
160 0200
161 0010
162 4000
163 0008
164 0010
165 0010
166 0200
167 0080
168 4000
169 0100
170 0200
172 0008
173 0008
174 0010
175 0200
176 0010
178 0004
179 4000
180 0008
181 0008
183 0008
184 4000
185 0200
186 2000
187 0010
190 0200
191 4000
192 8000
193 0010
194 0010
195 0008
196 0200
197 4000
198 0008
199 0008
200 0010
201 0004
203 0004
204 0010
205 0010
206 0200
207 0200
208 4000
209 4000
210 4000
211 0008
212 0200
213 0008
214 0010
215 8000
216 0200
217 0010
218 4000
219 0400
220 0040
221 0010
222 0010
223 0010
224 4000
225 0008
226 0200
227 0002
229 0008
230 4000
231 0010
232 0001
233 0010
234 4000
235 0001
236 0008
237 0200
238 4000
239 0008
240 0800
241 0008
242 0010
243 0010
244 0008
245 0200
246 0002
247 4000
249 0010
250 0200
251 0200
253 0010
254 0200
255 4000
256 4000
257 0010
258 4000
259 0200
261 4000
262 0008
263 0040
264 0040
265 4000
266 0200
267 4000
268 4000
270 0008
271 0010
272 0010
273 0008
274 4000
275 4000
276 0010
277 0004
278 0010
279 0008
280 4000
281 4000
283 0020
284 0008
285 4000
286 0010
287 1000
288 0100
289 0004
290 0200
292 4000
293 4000
294 0400
295 0008
296 0200
297 4000
298 4000
300 0008
301 0008
302 0010
303 0008
304 0200
305 0004
306 2000
307 0008
309 0200
310 0200
311 4000
312 0008
313 0100
314 0200
315 0008
317 0200
318 0200
319 0001
320 0010
321 0001
322 4000
323 0200
324 0200
326 0200
327 0010
329 2000
331 0200
332 4000
333 4000
334 0200
335 0010
336 0008
337 0008
338 4000
339 0400
340 0008
341 0008
343 0080
344 8000
345 4000
346 4000
347 0040
349 0010
350 0200
351 0080
352 0010
353 0010
354 0200
355 0200
356 0010
358 0008
359 0008
361 0200
362 0200
363 0008
364 4000
365 0004
366 0010
367 0200
368 0200
369 0010
370 0008
371 0200
372 0010
373 0200
374 0010
375 4000
376 4000
377 0010
378 0001
379 0008
380 0008
381 0010
382 0010
383 0800
384 0004
385 2000
387 0080
388 2000
389 0004
390 0004
391 0080
393 4000
394 0100
395 2000
396 4000
397 0008
398 0100
399 0004
400 2000
401 0080
402 2000
404 1000
405 0080
406 2000
407 2000
408 0100
409 0040
410 0001
411 2000
412 0080
413 0080
414 8000
415 0200
416 0004
417 0080
419 0001
420 0080
421 0100
423 0100
424 0080
425 2000
426 0004
427 0800
428 0800
429 0004
431 0004
432 0080
433 0080
434 0100
435 0080
437 2000
438 2000
440 0004
441 0080
442 0100
444 0100
446 0040
447 0100
448 0800
449 2000
450 0100
451 0004
452 0002
453 0100
454 0400
456 2000
457 0100
458 0004
459 0100
460 0100
461 2000
462 2000
463 0100
464 0080
465 0100
466 2000
467 0100
468 0080
470 2000
471 0002
472 0800
473 0080
474 2000
475 4000
476 0080
477 0100
478 0004
479 2000
480 0008
481 0020
482 0100
483 0004
484 0010
485 0008
486 0080
487 0004
488 0040
489 0004
490 2000
492 0100
493 0100
494 0004
495 0004
496 2000
497 0100
498 0080
499 0200
500 0004
501 2000
502 0100
503 0001
504 0100
506 0040
507 0100
508 0080
509 0080
511 0004
512 0800
513 0040
514 0040
515 0800
516 4000
517 0800
518 0002
519 0002
520 0800
521 0800
522 0001
523 0002
524 0800
525 0040
526 0800
528 0040
529 0080
530 0100
531 1000
532 0100
533 0040
534 0040
535 1000
536 0040
537 0200
538 4000
539 0040
540 0800
541 0040
542 1000
543 0800
544 0040
545 1000
547 0040
548 0040
549 0040
551 0800
552 0800
553 0002
554 0002
555 0200
556 0002
557 1000
558 0040
559 0040
561 8000
563 0040
564 0002
567 0800
568 0800
569 0040
570 0040
571 0800
572 0080
573 1000
574 0400
575 0040
577 0002
578 0800
579 0800
580 0800
581 0040
582 0800
583 0002
584 1000
585 0002
586 0040
587 0800
588 0002
589 0040
590 0100
591 0010
592 1000
593 0040
594 0800
595 1000
596 0400
597 0800
598 0800
600 0040
601 0004
602 0008
603 1000
604 0001
605 0040
606 0800
607 0040
608 1000
609 8000
611 8000
612 1000
613 0040
614 0800
615 0040
616 4000
617 0040
618 0800
619 8000
620 0800
621 0002
622 0040
623 0800
625 8000
626 1000
627 1000
629 0080
630 0800
632 0100
633 0100
635 0040
636 1000
637 0002
638 0002
639 0800
640 8000
641 0020
642 8000
643 1000
644 8000
645 0800
646 8000
647 8000
648 0400
649 8000
650 0080
651 1000
652 8000
653 0001
654 8000
655 0400
657 0400
658 0400
660 0001
661 0001
662 0400
663 8000
664 0400
665 0001
666 0020
668 0400
669 8000
670 0020
672 8000
673 0001
674 0001
675 0020
676 0200
677 0400
678 0020
679 0020
681 0001
683 0020
684 0001
685 0020
686 0004
688 0001
689 0008
690 0001
691 8000
692 0020
693 0400
694 0020
695 0010
697 0001
698 0001
699 0001
700 0400
701 0001
702 8000
703 0020
705 0400
706 0400
707 8000
709 0400
710 0020
712 8000
713 0400
714 8000
715 0002
716 0400
718 8000
720 0001
721 8000
724 0200
725 0020
726 0020
727 8000
728 0010
729 0002
730 0020
731 8000
732 8000
733 2000
734 0020
736 0008
737 0100
738 0020
739 8000
740 8000
741 8000
742 0040
743 0001
744 0200
745 8000
746 0020
747 8000
748 0010
749 0010
750 0020
751 8000
752 0040
754 0002
755 0001
756 0010
757 8000
758 0200
759 0800
760 0001
761 0020
762 4000
763 0400
764 0400
765 0080
766 0400
767 4000
768 0400
769 0400
770 0400
771 0001
772 0020
773 1000
774 0020
775 8000
777 0400
778 0020
779 8000
780 0001
781 0004
782 0001
785 0001
786 8000
788 0008
789 0004
790 0002
791 0020
792 8000
793 0400
795 0010
796 0002
797 0020
798 0001
799 0400
800 8000
801 8000
802 2000
803 0001
804 0020
805 0400
806 4000
807 0001
808 0020
809 0400
810 0020
811 0080
812 0400
813 0002
814 0400
815 0800
816 1000
817 0001
818 0400
819 0001
820 0020
823 0100
824 0020
826 0001
827 0001
828 0020
829 4000
830 0800
831 8000
832 0020
833 0004
835 0400
836 8000
837 0020
838 8000
840 0001
841 0001
842 0400
843 0002
844 0001
845 0020
846 0040
847 8000
848 0004
849 8000
850 0002
851 8000
853 0400
855 0001
856 8000
857 0010
858 0020
859 0008
861 0002
862 0800
863 0001
864 8000
865 0080
866 8000
867 0001
868 8000
869 0001
870 0001
871 0001
872 8000
873 0200
874 0001
875 0001
876 8000
878 0100
879 0020
880 0400
881 0020
882 8000
883 0002
884 0020
885 0001
886 0400
887 0001
888 0004
889 0020
891 0001
892 0020
893 0020
894 8000
896 0200
897 0200
898 0800
899 0008
900 0008
901 0010
902 0200
904 0200
905 0008
906 4000
907 0080
908 4000
909 4000
910 0020
912 0800
913 0800
914 0010
915 0200
916 4000
917 0200
918 0008
919 0010
920 0004
921 2000
922 0100
923 0200
924 4000
925 0008
926 0002
927 0200
928 4000
929 0400
930 8000
931 4000
932 0008
933 0010
934 4000
935 0200
936 0200
937 0008
938 4000
939 0008
940 0080
941 4000
942 0008
943 0010
944 4000
945 4000
946 0008
947 0008
948 0010
949 1000
950 0008
951 4000
952 0010
953 0010
954 0200
955 0200
956 0010
957 4000
958 0008
959 4000
960 0800
961 0008
962 0004
963 4000
964 0200
965 0800
966 0010
968 0010
970 4000
971 0008
972 0008
973 0010
974 0008
975 0008
976 4000
978 0008
981 0010
982 0004
983 4000
984 0002
986 4000
987 0080
988 0010
989 1000
990 0008
991 0008
992 0008
994 0008
995 0200
996 0010
998 0200
999 0040
1000 0008
1001 0008
1002 0400
1003 2000
1004 4000
1005 0200
1006 0010
1007 0200
1008 0008
1009 0200
1010 0200
1011 0010
1012 4000
1013 0002
1014 0200
1015 0200
1016 0008
1017 0010
1018 0002
1019 0010
1020 4000
1021 0800
1022 0200
1023 4000
1024 2000
1026 2000
1027 0004
1028 2000
1029 0080
1030 0010
1031 2000
1032 0080
1033 0080
1034 2000
1035 0080
1036 0080
1037 0100
1038 0004
1039 0100
1040 0080
1041 0020
1042 0080
1043 2000
1044 0100
1045 2000
1046 0040
1047 0100
1048 0002
1049 0002
1050 0100
1051 0004
1052 2000
1053 8000
1054 0002
1055 0800
1056 0080
1057 0200
1059 0100
1060 0004
1061 0002
1063 0100
1065 0004
1066 0100
1067 0080
1069 2000
1070 2000
1071 0100
1072 2000
1074 0100
1075 0004
1077 2000
1078 2000
1080 0004
1081 0080
1082 2000
1083 8000
1084 0100
1085 0080
1086 0004
1087 2000
1088 2000
1089 0001
1090 0100
1091 0004
1092 2000
1093 0080
1094 0100
1095 0080
1096 2000
1097 4000
1098 0080
1100 0080
1101 0004
1102 0080
1103 0400
1104 0004
1105 2000
1106 0004
1107 2000
1108 0004
1109 0100
1110 0100
1111 2000
1112 0100
1113 2000
1114 2000
1116 0080
1118 0080
1119 0004
1121 0004
1122 2000
1123 0001
1124 0040
1125 0004
1128 2000
1129 0080
1130 0100
1131 0004
1132 2000
1133 0100
1134 0002
1135 0080
1136 0080
1137 8000
1138 0004
1139 0080
1140 4000
1141 2000
1143 0004
1144 0080
1145 0040
1148 0100
1149 0004
1150 0100
1151 0004
1152 0040
1153 0002
1154 0080
1155 0002
1156 0800
1157 0008
1158 1000
1159 0800
1160 8000
1161 0040
1162 0002
1163 0400
1164 0002
1165 1000
1166 1000
1167 0040
1168 0800
1169 0040
1170 0800
1171 4000
1172 4000
1173 1000
1174 0800
1175 0040
1176 0040
1177 0002
1178 0002
1179 0800
1180 1000
1181 1000
1182 0002
1183 0002
1184 0010
1186 0008
1187 0040
1188 1000
1189 0040
1190 0080
1191 0040
1192 0100
1193 1000
1194 0800
1195 0002
1196 4000
1197 0800
1198 0800
1199 0800
1200 2000
1201 0100
1202 0010
1203 0040
1204 1000
1206 0001
1207 0040
1208 8000
1209 0040
1210 1000
1211 0002
1212 0200
1213 1000
1214 0002
1216 8000
1218 4000
1219 0800
1220 0002
1221 0002
1222 1000
1223 0800
1224 1000
1226 1000
1227 0040
1228 0800
1229 1000
1230 0002
1231 0040
1232 1000
1233 0800
1234 0002
1235 0200
1236 0200
1237 0002
1238 0040
1240 4000
1242 0001
1243 0040
1245 0002
1246 0800
1247 1000
1248 0800
1249 1000
1250 0040
1251 2000
1252 0020
1253 0040
1254 0800
1255 1000
1256 0040
1259 0040
1260 0002
1261 0002
1262 0040
1263 0010
1264 0800
1266 0001
1268 0040
1269 0040
1270 0002
1271 0010
1272 1000
1273 1000
1274 0200
1275 0001
1276 1000
1278 0040
1279 0040
1280 0040
1281 1000
1282 1000
1284 1000
1285 1000
1286 0001
1287 0040
1288 0800
1290 0040
1291 0800
1292 0800
1293 0800
1294 1000
1295 0040
1296 0800
1297 0002
1298 0040
1299 0002
1300 0040
1301 0040
1302 0800
1303 0010
1304 1000
1305 1000
1306 0800
1307 0040
1308 0040
1309 0002
1310 0800
1311 0800
1312 0002
1313 0040
1314 0010
1315 1000
1316 0080
1317 0800
1318 0020
1319 0080
1320 0800
1321 0800
1322 0040
1323 1000
1324 1000
1325 0800
1326 0040
1327 0001
1328 0002
1329 0002
1330 0200
1331 0100
1332 0100
1333 8000
1334 1000
1335 0040
1336 0002
1337 0800
1338 0040
1339 0200
1340 0040
1341 1000
1342 0040
1343 0002
1344 4000
1345 1000
1346 0040
1347 0010
1348 0040
1349 1000
1351 1000
1353 0800
1354 0040
1355 0040
1356 0800
1357 0040
1358 1000
1359 1000
1360 0800
1362 1000
1364 0800
1365 0040
1366 0002
1367 0040
1368 0002
1370 0800
1371 1000
1372 4000
1373 0002
1375 0002
1376 0800
1377 1000
1378 0040
1379 0400
1380 2000
1381 0002
1382 0800
1384 1000
1385 0002
1388 0040
1389 8000
1390 0800
1392 0020
1393 0002
1394 0800
1395 4000
1397 0400
1398 0800
1399 0800
1400 0800
1401 0010
1402 0800
1403 1000
1404 0040
1405 0040
1406 1000
1407 0800
1408 8000
1410 8000
1411 0001
1412 0040
1413 8000
1414 0020
1415 0001
1416 0001
1417 0020
1418 0400
1420 0001
1421 0020
1422 0001
1423 8000
1424 0020
1425 8000
1427 0400
1428 0001
1429 0008
1430 0001
1431 0400
1432 0001
1433 8000
1434 0001
1435 0400
1436 0001
1437 0100
1438 0400
1439 0400
1440 0400
1441 0001
1442 0200
1443 0001
1444 0001
1445 1000
1446 8000
1447 0020
1448 0001
1449 8000
1450 0200
1451 8000
1453 0400
1454 0008
1455 0020
1456 8000
1458 0020
1459 0400
1460 0400
1461 0020
1462 0020
1463 0001
1464 0200
1467 0001
1468 0400
1469 0008
1470 0020
1472 0001
1474 0400
1475 0020
1476 0002
1477 0400
1478 0020
1479 0001
1481 0020
1482 0200
1483 0010
1484 8000
1485 0020
1486 0200
1487 0001
1488 0001
1489 8000
1490 0002
1491 8000
1492 0400
1493 0400
1494 0001
1495 8000
1496 1000
1497 0008
1498 8000
1499 0100
1500 0400
1501 0001
1503 8000
1504 0020
1505 0400
1506 0400
1507 8000
1508 0001
1509 0400
1510 8000
1511 0800
1512 0001
1513 0020
1514 0400
1515 0020
1516 0001
1517 0400
1518 0400
1519 0020
1520 0008
1521 0001
1522 0001
1524 0400
1525 0020
1526 0400
1527 0001
1528 8000
1529 0001
1530 0400
1531 0020
1532 0002
1533 8000
1534 0010
1535 0020
1536 4000
1537 0010
1538 0010
1539 0008
1540 0040
1541 0200
1544 8000
1545 0004
1546 0400
1547 0008
1548 0010
1549 0010
1550 0008
1551 0008
1552 0008
1553 0008
1554 0010
1555 0010
1556 0010
1557 0008
1558 0200
1559 4000
1560 0008
1561 0010
1562 4000
1563 4000
1564 4000
1565 0200
1566 0200
1567 0004
1568 2000
1569 0008
1570 0800
1571 0100
1572 4000
1573 0200
1574 0001
1575 0010
1576 0100
1577 0100
1578 0008
1579 0200
1580 0200
1581 4000
1582 0008
1583 0010
1584 0008
1585 0008
1586 0200
1587 0200
1588 0400
1589 4000
1590 0002
1591 0200
1592 0010
1593 0010
1595 0200
1596 0008
1598 0200
1599 0010
1601 0040
1605 0008
1606 0010
1607 4000
1608 0008
1609 0200
1611 0200
1612 0008
1613 0040
1614 0004
1615 4000
1617 0200
1619 0200
1620 0020
1621 4000
1622 4000
1623 0008
1624 1000
1625 0200
1626 0200
1628 4000
1629 0008
1630 0008
1631 0040
1632 0800
1633 0010
1634 0008
1635 0010
1636 0200
1637 0800
1638 0200
1639 0200
1640 0400
1641 0200
1643 0010
1644 4000
1645 0008
1646 0200
1647 4000
1648 0200
1649 0200
1650 0200
1651 0200
1652 0200
1653 0200
1654 0010
1655 2000
1656 0200
1657 0010
1658 4000
1659 4000
1660 0200
1662 0200
1663 0008
1664 0004
1665 0004
1666 0080
1667 0004
1668 0100
1669 0100
1670 2000
1671 0004
1672 0002
1673 2000
1674 0100
1675 0001
1676 2000
1677 0100
1678 4000
1679 0200
1680 2000
1681 2000
1683 0001
1685 0004
1686 8000
1688 0100
1689 2000
1690 0004
1691 0080
1692 0080
1693 0100
1694 2000
1695 0100
1696 0080
1697 0080
1698 8000
1699 0001
1700 0080
1701 2000
1702 2000
1703 2000
1704 0100
1705 0004
1706 2000
1708 0080
1709 0004
1710 0080
1712 0004
1713 0080
1714 0100
1715 2000
1716 0100
1718 0020
1719 0080
1720 2000
1721 2000
1722 0080
1724 0004
1725 0080
1726 0100
1728 2000
1729 0020
1731 0100
1732 0004
1733 0080
1734 2000
1737 0400
1738 0002
1740 2000
1741 0008
1742 4000
1743 0001
1744 0080
1745 0080
1746 8000
1747 2000
1748 0200
1749 0004
1750 0100
1751 0004
1752 0004
1753 0080
1754 0100
1755 0100
1756 0004
1757 0080
1759 2000
1761 0100
1762 8000
1763 2000
1764 8000
1766 0100
1767 0080
1768 0080
1769 0020
1770 0080
1771 2000
1772 2000
1773 0020
1774 0080
1775 8000
1776 4000
1777 0080
1778 2000
1779 0800
1780 0040
1781 2000
1782 0080
1785 0100
1786 0004
1788 0080
1789 0080
1790 0100
1791 0080
1793 0100
1794 0080
1795 0004
1796 0100
1798 8000
1799 2000
1800 0004
1801 2000
1802 2000
1803 2000
1805 0002
1806 2000
1807 0080
1808 0080
1809 0040
1810 2000
1811 1000
1812 0001
1814 0100
1815 0800
1816 0004
1817 0080
1818 0100
1820 0080
1821 0100
1822 0100
1823 8000
1824 0100
1825 2000
1826 0004
1828 0004
1829 0020
1830 0080
1831 0020
1832 2000
1833 0100
1835 0100
1836 0100
1837 0004
1838 0040
1839 0020
1840 2000
1843 0100
1844 2000
1845 0008
1846 0100
1847 0020
1848 0001
1850 0080
1851 2000
1852 0100
1853 0100
1855 0100
1856 0004
1857 2000
1858 0004
1859 0080
1860 0100
1861 0008
1862 2000
1865 0080
1866 2000
1868 0400
1869 0080
1870 0100
1871 0100
1873 0100
1874 0002
1875 0004
1876 0080
1877 0004
1878 0004
1879 0080
1880 2000
1881 2000
1882 0004
1883 0008
1884 0100
1886 0100
1887 0100
1888 2000
1889 0008
1890 0200
1891 2000
1892 0080
1893 0020
1894 0080
1895 0100
1896 2000
1897 0004
1898 2000
1899 0100
1900 0004
1901 0100
1902 0004
1903 2000
1904 0080
1906 0100
1907 0008
1909 0080
1910 0080
1911 0002
1912 0010
1913 0100
1914 0004
1916 2000
1919 0002
1920 1000
1921 0001
1922 0800
1924 0040
1926 0040
1927 1000
1928 0002
1929 0040
1930 0002
1931 1000
1932 0200
1936 0002
1937 0010
1938 1000
1939 0800
1940 0002
1941 1000
1942 0800
1943 0010
1944 0002
1945 0200
1947 0100
1948 0200
1949 0004
1950 1000
1952 1000
1953 4000
1954 0800
1955 0040
1956 0100
1957 2000
1958 0800
1959 0020
1960 0010
1961 1000
1962 0040
1963 0040
1964 0004
1965 0040
1966 1000
1967 0800
1968 0040
1969 0800
1970 0800
1971 0040
1972 1000
1973 1000
1974 0040
1975 0002
1976 0800
1977 0800
1978 0080
1979 0002
1980 0002
1981 0020
1982 0040
1983 0800
1984 1000
1985 0002
1986 0002
1987 0002
1988 0002
1989 0040
1990 0800
1991 0002
1992 1000
1995 1000
1996 0040
1997 1000
1998 0002
1999 0040
2000 0020
2002 1000
2003 0002
2004 0020
2005 0040
2007 0001
2008 1000
2009 0002
2010 0002
2011 0040
2012 1000
2013 0002
2014 0002
2015 0040
2016 0800
2017 0040
2018 0001
2019 0040
2020 1000
2022 4000
2023 0002
2024 4000
2025 8000
2026 1000
2027 0002
2028 0001
2029 1000
2030 0002
2031 0010
2032 1000
2033 0800
2034 1000
2035 0800
2036 0002
2037 0002
2038 0800
2039 0800
2040 0002
2041 4000
2042 0400
2043 0040
2044 0002
2045 0400
2046 0080
2047 0002
