0 0040
1 0020
2 0080
3 0080
4 0040
5 0010
6 0010
7 0020
8 0080
9 0002
10 0020
11 0040
12 0040
13 0020
14 0040
15 2000
16 0010
17 0020
18 0010
19 8000
20 0010
21 8000
22 0001
23 0080
26 0080
27 0040
29 0010
30 0020
31 0020
32 0100
33 0020
34 0040
35 0400
36 0010
37 0010
38 8000
39 0010
40 0002
41 0010
42 0010
43 0020
44 0010
45 0010
46 0040
47 0020
48 0800
49 0080
50 0020
51 0040
52 0040
53 0010
54 0010
55 0010
56 0010
57 2000
58 0020
59 0080
60 0020
61 0020
62 0040
63 0020
64 0001
65 0080
66 0040
67 0020
68 0040
69 0080
70 0010
71 1000
72 0020
73 0040
74 0080
75 0080
76 0040
77 0040
78 0100
79 0040
80 0200
81 0010
82 0008
83 0020
84 0020
85 0040
86 0040
87 0020
88 0010
89 0020
90 0010
92 0080
93 0020
95 1000
96 0040
97 0020
98 4000
99 0004
100 0080
101 0040
102 0200
103 0080
104 1000
105 0010
107 0200
109 0020
110 0004
112 0040
113 0040
114 0080
115 0040
116 0040
117 0010
118 0010
119 0040
120 0080
121 4000
122 0080
124 0080
125 0040
126 0020
127 0020
128 0400
129 0010
130 0040
131 0020
132 0002
133 0080
134 0040
135 4000
136 0020
137 0080
138 1000
139 0020
140 0080
141 0020
142 0010
144 0040
145 0020
146 0080
147 8000
148 0010
150 0001
151 0080
152 0010
153 0800
154 0040
155 0080
156 0004
158 0800
159 0020
160 0020
161 0010
162 0040
163 0080
164 0010
165 0010
166 0020
167 0200
168 0040
169 0400
170 0020
172 0080
173 0080
174 0010
175 0020
176 0010
178 0004
179 0040
180 0080
181 0080
183 0080
184 0040
185 0020
186 4000
187 0010
190 0020
191 0040
192 8000
193 0010
194 0010
195 0080
196 0020
197 0040
198 0080
199 0080
200 0010
201 0004
203 0004
204 0010
205 0010
206 0020
207 0020
208 0040
209 0040
210 0040
211 0080
212 0020
213 0080
214 0010
215 8000
216 0020
217 0010
218 0040
219 0800
220 0100
221 0010
222 0010
223 0010
224 0040
225 0080
226 0020
227 0002
229 0080
230 0040
231 0010
232 0001
233 0010
234 0040
235 0001
236 0080
237 0020
238 0040
239 0080
240 1000
241 0080
242 0010
243 0010
244 0080
245 0020
246 0002
247 0040
249 0010
250 0020
251 0020
253 0010
254 0020
255 0040
256 0004
257 0001
258 0004
259 0002
261 0004
262 0008
263 0100
264 0100
265 0004
266 0002
267 0004
268 0004
270 0008
271 0001
272 0001
273 0008
274 0004
275 0004
276 0001
277 0040
278 0001
279 0008
280 0004
281 0004
283 0080
284 0008
285 0004
286 0001
287 2000
288 0400
289 0040
290 0002
292 0004
293 0004
294 0800
295 0008
296 0002
297 0004
298 0004
300 0008
301 0008
302 0001
303 0008
304 0002
305 0040
306 4000
307 0008
309 0002
310 0002
311 0004
312 0008
313 0400
314 0002
315 0008
317 0002
318 0002
319 0010
320 0001
321 0010
322 0004
323 0002
324 0002
326 0002
327 0001
329 4000
331 0002
332 0004
333 0004
334 0002
335 0001
336 0008
337 0008
338 0004
339 0800
340 0008
341 0008
343 0200
344 8000
345 0004
346 0004
347 0100
349 0001
350 0002
351 0200
352 0001
353 0001
354 0002
355 0002
356 0001
358 0008
359 0008
361 0002
362 0002
363 0008
364 0004
365 0040
366 0001
367 0002
368 0002
369 0001
370 0008
371 0002
372 0001
373 0002
374 0001
375 0004
376 0004
377 0001
378 0010
379 0008
380 0008
381 0001
382 0001
383 1000
384 0004
385 0002
387 0008
388 0002
389 0004
390 0004
391 0008
393 4000
394 0001
395 0002
396 4000
397 0040
398 0001
399 0004
400 0002
401 0008
402 0002
404 2000
405 0008
406 0002
407 0002
408 0001
409 0200
410 0010
411 0002
412 0008
413 0008
414 8000
415 0400
416 0004
417 0008
419 0010
420 0008
421 0001
423 0001
424 0008
425 0002
426 0004
427 1000
428 1000
429 0004
431 0004
432 0008
433 0008
434 0001
435 0008
437 0002
438 0002
440 0004
441 0008
442 0001
444 0001
446 0200
447 0001
448 1000
449 0002
450 0001
451 0004
452 0020
453 0001
454 0800
456 0002
457 0001
458 0004
459 0001
460 0001
461 0002
462 0002
463 0001
464 0008
465 0001
466 0002
467 0001
468 0008
470 0002
471 0020
472 1000
473 0008
474 0002
475 4000
476 0008
477 0001
478 0004
479 0002
480 0040
481 0100
482 0001
483 0004
484 0080
485 0040
486 0008
487 0004
488 0200
489 0004
490 0002
492 0001
493 0001
494 0004
495 0004
496 0002
497 0001
498 0008
499 0400
500 0004
501 0002
502 0001
503 0010
504 0001
506 0200
507 0001
508 0008
509 0008
511 0004
512 0008
513 0004
514 0004
515 0008
516 4000
517 0008
518 0002
519 0002
520 0008
521 0008
522 0010
523 0002
524 0008
525 0004
526 0008
528 0004
529 0200
530 0400
531 0001
532 0400
533 0004
534 0004
535 0001
536 0004
537 0800
538 4000
539 0004
540 0008
541 0004
542 0001
543 0008
544 0004
545 0001
547 0004
548 0004
549 0004
551 0008
552 0008
553 0002
554 0002
555 0800
556 0002
557 0001
558 0004
559 0004
561 8000
563 0004
564 0002
567 0008
568 0008
569 0004
570 0004
571 0008
572 0200
573 0001
574 1000
575 0004
577 0002
578 0008
579 0008
580 0008
581 0004
582 0008
583 0002
584 0001
585 0002
586 0004
587 0008
588 0002
589 0004
590 0400
591 0080
592 0001
593 0004
594 0008
595 0001
596 1000
597 0008
598 0008
600 0004
601 0020
602 0040
603 0001
604 0010
605 0004
606 0008
607 0004
608 0001
609 8000
611 8000
612 0001
613 0004
614 0008
615 0004
616 4000
617 0004
618 0008
619 8000
620 0008
621 0002
622 0004
623 0008
625 8000
626 0001
627 0001
629 0200
630 0008
632 0400
633 0400
635 0004
636 0001
637 0002
638 0002
639 0008
640 0008
641 0002
642 0008
643 2000
644 0008
645 1000
646 0008
647 0008
648 0004
649 0008
650 0200
651 2000
652 0008
653 0001
654 0008
655 0004
657 0004
658 0004
660 0001
661 0001
662 0004
663 0008
664 0004
665 0001
666 0002
668 0004
669 0008
670 0002
672 0008
673 0001
674 0001
675 0002
676 0800
677 0004
678 0002
679 0002
681 0001
683 0002
684 0001
685 0002
686 0020
688 0001
689 0040
690 0001
691 0008
692 0002
693 0004
694 0002
695 0080
697 0001
698 0001
699 0001
700 0004
701 0001
702 0008
703 0002
705 0004
706 0004
707 0008
709 0004
710 0002
712 0008
713 0004
714 0008
715 0010
716 0004
718 0008
720 0001
721 0008
724 0800
725 0002
726 0002
727 0008
728 0080
729 0010
730 0002
731 0008
732 0008
733 4000
734 0002
736 0040
737 0400
738 0002
739 0008
740 0008
741 0008
742 0100
743 0001
744 0800
745 0008
746 0002
747 0008
748 0080
749 0080
750 0002
751 0008
752 0100
754 0010
755 0001
756 0080
757 0008
758 0800
759 1000
760 0001
761 0002
762 8000
763 0004
764 0004
765 0200
766 0004
767 8000
768 4000
769 4000
770 4000
771 1000
772 2000
773 0200
774 2000
775 8000
777 4000
778 2000
779 8000
780 1000
781 0002
782 1000
785 1000
786 8000
788 0004
789 0002
790 0001
791 2000
792 8000
793 4000
795 0008
796 0001
797 2000
798 1000
799 4000
800 8000
801 8000
802 0400
803 1000
804 2000
805 4000
806 0800
807 1000
808 2000
809 4000
810 2000
811 0020
812 4000
813 0001
814 4000
815 0100
816 0200
817 1000
818 4000
819 1000
820 2000
823 0040
824 2000
826 1000
827 1000
828 2000
829 0800
830 0100
831 8000
832 2000
833 0002
835 4000
836 8000
837 2000
838 8000
840 1000
841 1000
842 4000
843 0001
844 1000
845 2000
846 0010
847 8000
848 0002
849 8000
850 0001
851 8000
853 4000
855 1000
856 8000
857 0008
858 2000
859 0004
861 0001
862 0100
863 1000
864 8000
865 0020
866 8000
867 1000
868 8000
869 1000
870 1000
871 1000
872 8000
873 0080
874 1000
875 1000
876 8000
878 0040
879 2000
880 4000
881 2000
882 8000
883 0001
884 2000
885 1000
886 4000
887 1000
888 0002
889 2000
891 1000
892 2000
893 2000
894 8000
896 2000
897 2000
898 0100
899 8000
900 8000
901 1000
902 2000
904 2000
905 8000
906 4000
907 0020
908 4000
909 4000
910 0008
912 0100
913 0100
914 1000
915 2000
916 4000
917 2000
918 8000
919 1000
920 0004
921 0400
922 0040
923 2000
924 4000
925 8000
926 0002
927 2000
928 4000
929 0080
930 0800
931 4000
932 8000
933 1000
934 4000
935 2000
936 2000
937 8000
938 4000
939 8000
940 0020
941 4000
942 8000
943 1000
944 4000
945 4000
946 8000
947 8000
948 1000
949 0200
950 8000
951 4000
952 1000
953 1000
954 2000
955 2000
956 1000
957 4000
958 8000
959 4000
960 0100
961 8000
962 0004
963 4000
964 2000
965 0100
966 1000
968 1000
970 4000
971 8000
972 8000
973 1000
974 8000
975 8000
976 4000
978 8000
981 1000
982 0004
983 4000
984 0002
986 4000
987 0020
988 1000
989 0200
990 8000
991 8000
992 8000
994 8000
995 2000
996 1000
998 2000
999 0010
1000 8000
1001 8000
1002 0080
1003 0400
1004 4000
1005 2000
1006 1000
1007 2000
1008 8000
1009 2000
1010 2000
1011 1000
1012 4000
1013 0002
1014 2000
1015 2000
1016 8000
1017 1000
1018 0002
1019 1000
1020 4000
1021 0100
1022 2000
1023 4000
1024 2000
1026 2000
1027 4000
1028 2000
1029 8000
1030 0008
1031 2000
1032 8000
1033 8000
1034 2000
1035 8000
1036 8000
1037 1000
1038 4000
1039 1000
1040 8000
1041 0010
1042 8000
1043 2000
1044 1000
1045 2000
1046 0020
1047 1000
1048 0002
1049 0002
1050 1000
1051 4000
1052 2000
1053 0800
1054 0002
1055 0100
1056 8000
1057 0040
1059 1000
1060 4000
1061 0002
1063 1000
1065 4000
1066 1000
1067 8000
1069 2000
1070 2000
1071 1000
1072 2000
1074 1000
1075 4000
1077 2000
1078 2000
1080 4000
1081 8000
1082 2000
1083 0800
1084 1000
1085 8000
1086 4000
1087 2000
1088 2000
1089 0001
1090 1000
1091 4000
1092 2000
1093 8000
1094 1000
1095 8000
1096 2000
1097 0400
1098 8000
1100 8000
1101 4000
1102 8000
1103 0080
1104 4000
1105 2000
1106 4000
1107 2000
1108 4000
1109 1000
1110 1000
1111 2000
1112 1000
1113 2000
1114 2000
1116 8000
1118 8000
1119 4000
1121 4000
1122 2000
1123 0001
1124 0020
1125 4000
1128 2000
1129 8000
1130 1000
1131 4000
1132 2000
1133 1000
1134 0002
1135 8000
1136 8000
1137 0800
1138 4000
1139 8000
1140 0400
1141 2000
1143 4000
1144 8000
1145 0020
1148 1000
1149 4000
1150 1000
1151 4000
1152 4000
1153 2000
1154 0020
1155 2000
1156 8000
1157 0004
1158 1000
1159 8000
1160 0800
1161 4000
1162 2000
1163 0100
1164 2000
1165 1000
1166 1000
1167 4000
1168 8000
1169 4000
1170 8000
1171 0400
1172 0400
1173 1000
1174 8000
1175 4000
1176 4000
1177 2000
1178 2000
1179 8000
1180 1000
1181 1000
1182 2000
1183 2000
1184 0008
1186 0004
1187 4000
1188 1000
1189 4000
1190 0020
1191 4000
1192 0040
1193 1000
1194 8000
1195 2000
1196 0400
1197 8000
1198 8000
1199 8000
1200 0200
1201 0040
1202 0008
1203 4000
1204 1000
1206 0001
1207 4000
1208 0800
1209 4000
1210 1000
1211 2000
1212 0080
1213 1000
1214 2000
1216 0800
1218 0400
1219 8000
1220 2000
1221 2000
1222 1000
1223 8000
1224 1000
1226 1000
1227 4000
1228 8000
1229 1000
1230 2000
1231 4000
1232 1000
1233 8000
1234 2000
1235 0080
1236 0080
1237 2000
1238 4000
1240 0400
1242 0001
1243 4000
1245 2000
1246 8000
1247 1000
1248 8000
1249 1000
1250 4000
1251 0200
1252 0010
1253 4000
1254 8000
1255 1000
1256 4000
1259 4000
1260 2000
1261 2000
1262 4000
1263 0008
1264 8000
1266 0001
1268 4000
1269 4000
1270 2000
1271 0008
1272 1000
1273 1000
1274 0080
1275 0001
1276 1000
1278 4000
1279 4000
1280 0400
1281 0100
1282 0100
1284 0100
1285 0100
1286 0001
1287 0400
1288 0800
1290 0400
1291 0800
1292 0800
1293 0800
1294 0100
1295 0400
1296 0800
1297 0200
1298 0400
1299 0200
1300 0400
1301 0400
1302 0800
1303 0008
1304 0100
1305 0100
1306 0800
1307 0400
1308 0400
1309 0200
1310 0800
1311 0800
1312 0200
1313 0400
1314 0008
1315 0100
1316 0020
1317 0800
1318 0010
1319 0020
1320 0800
1321 0800
1322 0400
1323 0100
1324 0100
1325 0800
1326 0400
1327 0001
1328 0200
1329 0200
1330 0080
1331 0040
1332 0040
1333 8000
1334 0100
1335 0400
1336 0200
1337 0800
1338 0400
1339 0080
1340 0400
1341 0100
1342 0400
1343 0200
1344 4000
1345 0100
1346 0400
1347 0008
1348 0400
1349 0100
1351 0100
1353 0800
1354 0400
1355 0400
1356 0800
1357 0400
1358 0100
1359 0100
1360 0800
1362 0100
1364 0800
1365 0400
1366 0200
1367 0400
1368 0200
1370 0800
1371 0100
1372 4000
1373 0200
1375 0200
1376 0800
1377 0100
1378 0400
1379 1000
1380 2000
1381 0200
1382 0800
1384 0100
1385 0200
1388 0400
1389 8000
1390 0800
1392 0010
1393 0200
1394 0800
1395 4000
1397 1000
1398 0800
1399 0800
1400 0800
1401 0008
1402 0800
1403 0100
1404 0400
1405 0400
1406 0100
1407 0800
1408 0800
1410 0800
1411 0100
1412 0010
1413 0800
1414 0200
1415 0100
1416 0100
1417 0200
1418 0400
1420 0100
1421 0200
1422 0100
1423 0800
1424 0200
1425 0800
1427 0400
1428 0100
1429 0004
1430 0100
1431 0400
1432 0100
1433 0800
1434 0100
1435 0400
1436 0100
1437 0040
1438 0400
1439 0400
1440 0400
1441 0100
1442 0080
1443 0100
1444 0100
1445 2000
1446 0800
1447 0200
1448 0100
1449 0800
1450 0080
1451 0800
1453 0400
1454 0004
1455 0200
1456 0800
1458 0200
1459 0400
1460 0400
1461 0200
1462 0200
1463 0100
1464 0080
1467 0100
1468 0400
1469 0004
1470 0200
1472 0100
1474 0400
1475 0200
1476 0001
1477 0400
1478 0200
1479 0100
1481 0200
1482 0080
1483 0008
1484 0800
1485 0200
1486 0080
1487 0100
1488 0100
1489 0800
1490 0001
1491 0800
1492 0400
1493 0400
1494 0100
1495 0800
1496 2000
1497 0004
1498 0800
1499 0040
1500 0400
1501 0100
1503 0800
1504 0200
1505 0400
1506 0400
1507 0800
1508 0100
1509 0400
1510 0800
1511 1000
1512 0100
1513 0200
1514 0400
1515 0200
1516 0100
1517 0400
1518 0400
1519 0200
1520 0004
1521 0100
1522 0100
1524 0400
1525 0200
1526 0400
1527 0100
1528 0800
1529 0100
1530 0400
1531 0200
1532 0001
1533 0800
1534 0008
1535 0200
1536 0400
1537 0100
1538 0100
1539 0800
1540 0010
1541 0200
1544 8000
1545 0004
1546 0080
1547 0800
1548 0100
1549 0100
1550 0800
1551 0800
1552 0800
1553 0800
1554 0100
1555 0100
1556 0100
1557 0800
1558 0200
1559 0400
1560 0800
1561 0100
1562 0400
1563 0400
1564 0400
1565 0200
1566 0200
1567 0004
1568 4000
1569 0800
1570 1000
1571 0040
1572 0400
1573 0200
1574 0001
1575 0100
1576 0040
1577 0040
1578 0800
1579 0200
1580 0200
1581 0400
1582 0800
1583 0100
1584 0800
1585 0800
1586 0200
1587 0200
1588 0080
1589 0400
1590 0002
1591 0200
1592 0100
1593 0100
1595 0200
1596 0800
1598 0200
1599 0100
1601 0010
1605 0800
1606 0100
1607 0400
1608 0800
1609 0200
1611 0200
1612 0800
1613 0010
1614 0004
1615 0400
1617 0200
1619 0200
1620 0008
1621 0400
1622 0400
1623 0800
1624 2000
1625 0200
1626 0200
1628 0400
1629 0800
1630 0800
1631 0010
1632 1000
1633 0100
1634 0800
1635 0100
1636 0200
1637 1000
1638 0200
1639 0200
1640 0080
1641 0200
1643 0100
1644 0400
1645 0800
1646 0200
1647 0400
1648 0200
1649 0200
1650 0200
1651 0200
1652 0200
1653 0200
1654 0100
1655 4000
1656 0200
1657 0100
1658 0400
1659 0400
1660 0200
1662 0200
1663 0800
1664 0400
1665 0400
1666 0800
1667 0400
1668 0100
1669 0100
1670 0200
1671 0400
1672 0002
1673 0200
1674 0100
1675 0001
1676 0200
1677 0100
1678 4000
1679 0040
1680 0200
1681 0200
1683 0001
1685 0400
1686 8000
1688 0100
1689 0200
1690 0400
1691 0800
1692 0800
1693 0100
1694 0200
1695 0100
1696 0800
1697 0800
1698 8000
1699 0001
1700 0800
1701 0200
1702 0200
1703 0200
1704 0100
1705 0400
1706 0200
1708 0800
1709 0400
1710 0800
1712 0400
1713 0800
1714 0100
1715 0200
1716 0100
1718 0010
1719 0800
1720 0200
1721 0200
1722 0800
1724 0400
1725 0800
1726 0100
1728 0200
1729 0010
1731 0100
1732 0400
1733 0800
1734 0200
1737 0080
1738 0002
1740 0200
1741 0004
1742 4000
1743 0001
1744 0800
1745 0800
1746 8000
1747 0200
1748 0040
1749 0400
1750 0100
1751 0400
1752 0400
1753 0800
1754 0100
1755 0100
1756 0400
1757 0800
1759 0200
1761 0100
1762 8000
1763 0200
1764 8000
1766 0100
1767 0800
1768 0800
1769 0010
1770 0800
1771 0200
1772 0200
1773 0010
1774 0800
1775 8000
1776 4000
1777 0800
1778 0200
1779 1000
1780 0020
1781 0200
1782 0800
1785 0100
1786 0400
1788 0800
1789 0800
1790 0100
1791 0800
1793 0010
1794 0080
1795 0040
1796 0010
1798 8000
1799 0020
1800 0040
1801 0020
1802 0020
1803 0020
1805 0002
1806 0020
1807 0080
1808 0080
1809 0200
1810 0020
1811 2000
1812 0001
1814 0010
1815 1000
1816 0040
1817 0080
1818 0010
1820 0080
1821 0010
1822 0010
1823 8000
1824 0010
1825 0020
1826 0040
1828 0040
1829 0100
1830 0080
1831 0100
1832 0020
1833 0010
1835 0010
1836 0010
1837 0040
1838 0200
1839 0100
1840 0020
1843 0010
1844 0020
1845 0004
1846 0010
1847 0100
1848 0001
1850 0080
1851 0020
1852 0010
1853 0010
1855 0010
1856 0040
1857 0020
1858 0040
1859 0080
1860 0010
1861 0004
1862 0020
1865 0080
1866 0020
1868 0800
1869 0080
1870 0010
1871 0010
1873 0010
1874 0002
1875 0040
1876 0080
1877 0040
1878 0040
1879 0080
1880 0020
1881 0020
1882 0040
1883 0004
1884 0010
1886 0010
1887 0010
1888 0020
1889 0004
1890 0400
1891 0020
1892 0080
1893 0100
1894 0080
1895 0010
1896 0020
1897 0040
1898 0020
1899 0010
1900 0040
1901 0010
1902 0040
1903 0020
1904 0080
1906 0010
1907 0004
1909 0080
1910 0080
1911 0002
1912 0008
1913 0010
1914 0040
1916 0020
1919 0002
1920 0010
1921 0001
1922 0080
1924 0040
1926 0040
1927 0010
1928 0020
1929 0040
1930 0020
1931 0010
1932 0800
1936 0020
1937 0008
1938 0010
1939 0080
1940 0020
1941 0010
1942 0080
1943 0008
1944 0020
1945 0800
1947 0400
1948 0800
1949 0002
1950 0010
1952 0010
1953 4000
1954 0080
1955 0040
1956 0400
1957 2000
1958 0080
1959 0100
1960 0008
1961 0010
1962 0040
1963 0040
1964 0002
1965 0040
1966 0010
1967 0080
1968 0040
1969 0080
1970 0080
1971 0040
1972 0010
1973 0010
1974 0040
1975 0020
1976 0080
1977 0080
1978 0200
1979 0020
1980 0020
1981 0100
1982 0040
1983 0080
1984 0010
1985 0020
1986 0020
1987 0020
1988 0020
1989 0040
1990 0080
1991 0020
1992 0010
1995 0010
1996 0040
1997 0010
1998 0020
1999 0040
2000 0100
2002 0010
2003 0020
2004 0100
2005 0040
2007 0001
2008 0010
2009 0020
2010 0020
2011 0040
2012 0010
2013 0020
2014 0020
2015 0040
2016 0080
2017 0040
2018 0001
2019 0040
2020 0010
2022 4000
2023 0020
2024 4000
2025 8000
2026 0010
2027 0020
2028 0001
2029 0010
2030 0020
2031 0008
2032 0010
2033 0080
2034 0010
2035 0080
2036 0020
2037 0020
2038 0080
2039 0080
2040 0020
2041 4000
2042 1000
2043 0040
2044 0020
2045 1000
2046 0200
2047 0020
