0 0200
1 0020
2 2000
3 2000
4 0200
5 0002
6 0002
7 0020
8 2000
9 0004
10 0020
11 0200
12 0200
13 0020
14 0200
15 1000
16 0002
17 0020
18 0002
19 8000
20 0002
21 8000
22 0001
23 2000
26 2000
27 0200
29 0002
30 0020
31 0020
32 0040
33 0020
34 0200
35 0100
36 0002
37 0002
38 8000
39 0002
40 0004
41 0002
42 0002
43 0020
44 0002
45 0002
46 0200
47 0020
48 0400
49 2000
50 0020
51 0200
52 0200
53 0002
54 0002
55 0002
56 0002
57 1000
58 0020
59 2000
60 0020
61 0020
62 0200
63 0020
64 0001
65 2000
66 0200
67 0020
68 0200
69 2000
70 0002
71 0800
72 0020
73 0200
74 2000
75 2000
76 0200
77 0200
78 0040
79 0200
80 0080
81 0002
82 0010
83 0020
84 0020
85 0200
86 0200
87 0020
88 0002
89 0020
90 0002
92 2000
93 0020
95 0800
96 0200
97 0020
98 4000
99 0008
100 2000
101 0200
102 0080
103 2000
104 0800
105 0002
107 0080
109 0020
110 0008
112 0200
113 0200
114 2000
115 0200
116 0200
117 0002
118 0002
119 0200
120 2000
121 4000
122 2000
124 2000
125 0200
126 0020
127 0020
128 0200
129 0010
130 1000
131 0100
132 0004
133 0001
134 1000
135 4000
136 0100
137 0001
138 0800
139 0100
140 0001
141 0100
142 0010
144 1000
145 0100
146 0001
147 8000
148 0010
150 0002
151 0001
152 0010
153 0400
154 1000
155 0001
156 0008
158 0400
159 0100
160 0100
161 0010
162 1000
163 0001
164 0010
165 0010
166 0100
167 0080
168 1000
169 0200
170 0100
172 0001
173 0001
174 0010
175 0100
176 0010
178 0008
179 1000
180 0001
181 0001
183 0001
184 1000
185 0100
186 4000
187 0010
190 0100
191 1000
192 8000
193 0010
194 0010
195 0001
196 0100
197 1000
198 0001
199 0001
200 0010
201 0008
203 0008
204 0010
205 0010
206 0100
207 0100
208 1000
209 1000
210 1000
211 0001
212 0100
213 0001
214 0010
215 8000
216 0100
217 0010
218 1000
219 0400
220 0040
221 0010
222 0010
223 0010
224 1000
225 0001
226 0100
227 0004
229 0001
230 1000
231 0010
232 0002
233 0010
234 1000
235 0002
236 0001
237 0100
238 1000
239 0001
240 0800
241 0001
242 0010
243 0010
244 0001
245 0100
246 0004
247 1000
249 0010
250 0100
251 0100
253 0010
254 0100
255 1000
256 8000
257 0080
258 8000
259 0800
261 8000
262 0008
263 0020
264 0020
265 8000
266 0800
267 8000
268 8000
270 0008
271 0080
272 0080
273 0008
274 8000
275 8000
276 0080
277 0004
278 0080
279 0008
280 8000
281 8000
283 0010
284 0008
285 8000
286 0080
287 1000
288 0100
289 0004
290 0800
292 8000
293 8000
294 0200
295 0008
296 0800
297 8000
298 8000
300 0008
301 0008
302 0080
303 0008
304 0800
305 0004
306 2000
307 0008
309 0800
310 0800
311 8000
312 0008
313 0100
314 0800
315 0008
317 0800
318 0800
319 0001
320 0080
321 0001
322 8000
323 0800
324 0800
326 0800
327 0080
329 2000
331 0800
332 8000
333 8000
334 0800
335 0080
336 0008
337 0008
338 8000
339 0200
340 0008
341 0008
343 0040
344 4000
345 8000
346 8000
347 0020
349 0080
350 0800
351 0040
352 0080
353 0080
354 0800
355 0800
356 0080
358 0008
359 0008
361 0800
362 0800
363 0008
364 8000
365 0004
366 0080
367 0800
368 0800
369 0080
370 0008
371 0800
372 0080
373 0800
374 0080
375 8000
376 8000
377 0080
378 0001
379 0008
380 0008
381 0080
382 0080
383 0400
384 0004
385 4000
387 0040
388 4000
389 0004
390 0004
391 0040
393 2000
394 0400
395 4000
396 2000
397 0008
398 0400
399 0004
400 4000
401 0040
402 4000
404 1000
405 0040
406 4000
407 4000
408 0400
409 0080
410 0001
411 4000
412 0040
413 0040
414 8000
415 0100
416 0004
417 0040
419 0001
420 0040
421 0400
423 0400
424 0040
425 4000
426 0004
427 0800
428 0800
429 0004
431 0004
432 0040
433 0040
434 0400
435 0040
437 4000
438 4000
440 0004
441 0040
442 0400
444 0400
446 0080
447 0400
448 0800
449 4000
450 0400
451 0004
452 0002
453 0400
454 0200
456 4000
457 0400
458 0004
459 0400
460 0400
461 4000
462 4000
463 0400
464 0040
465 0400
466 4000
467 0400
468 0040
470 4000
471 0002
472 0800
473 0040
474 4000
475 2000
476 0040
477 0400
478 0004
479 4000
480 0008
481 0020
482 0400
483 0004
484 0010
485 0008
486 0040
487 0004
488 0080
489 0004
490 4000
492 0400
493 0400
494 0004
495 0004
496 4000
497 0400
498 0040
499 0100
500 0004
501 4000
502 0400
503 0001
504 0400
506 0080
507 0400
508 0040
509 0040
511 0004
512 0200
513 0020
514 0020
515 0200
516 4000
517 0200
518 0002
519 0002
520 0200
521 0200
522 0001
523 0002
524 0200
525 0020
526 0200
528 0020
529 0080
530 0100
531 2000
532 0100
533 0020
534 0020
535 2000
536 0020
537 0400
538 4000
539 0020
540 0200
541 0020
542 2000
543 0200
544 0020
545 2000
547 0020
548 0020
549 0020
551 0200
552 0200
553 0002
554 0002
555 0400
556 0002
557 2000
558 0020
559 0020
561 8000
563 0020
564 0002
567 0200
568 0200
569 0020
570 0020
571 0200
572 0080
573 2000
574 0800
575 0020
577 0002
578 0200
579 0200
580 0200
581 0020
582 0200
583 0002
584 2000
585 0002
586 0020
587 0200
588 0002
589 0020
590 0100
591 0010
592 2000
593 0020
594 0200
595 2000
596 0800
597 0200
598 0200
600 0020
601 0004
602 0008
603 2000
604 0001
605 0020
606 0200
607 0020
608 2000
609 8000
611 8000
612 2000
613 0020
614 0200
615 0020
616 4000
617 0020
618 0200
619 8000
620 0200
621 0002
622 0020
623 0200
625 8000
626 2000
627 2000
629 0080
630 0200
632 0100
633 0100
635 0020
636 2000
637 0002
638 0002
639 0200
640 1000
641 0010
642 1000
643 2000
644 1000
645 0800
646 1000
647 1000
648 0100
649 1000
650 0080
651 2000
652 1000
653 0001
654 1000
655 0100
657 0100
658 0100
660 0001
661 0001
662 0100
663 1000
664 0100
665 0001
666 0010
668 0100
669 1000
670 0010
672 1000
673 0001
674 0001
675 0010
676 0400
677 0100
678 0010
679 0010
681 0001
683 0010
684 0001
685 0010
686 0004
688 0001
689 0008
690 0001
691 1000
692 0010
693 0100
694 0010
695 0020
697 0001
698 0001
699 0001
700 0100
701 0001
702 1000
703 0010
705 0100
706 0100
707 1000
709 0100
710 0010
712 1000
713 0100
714 1000
715 0002
716 0100
718 1000
720 0001
721 1000
724 0400
725 0010
726 0010
727 1000
728 0020
729 0002
730 0010
731 1000
732 1000
733 4000
734 0010
736 0008
737 0200
738 0010
739 1000
740 1000
741 1000
742 0040
743 0001
744 0400
745 1000
746 0010
747 1000
748 0020
749 0020
750 0010
751 1000
752 0040
754 0002
755 0001
756 0020
757 1000
758 0400
759 0800
760 0001
761 0010
762 8000
763 0100
764 0100
765 0080
766 0100
767 8000
768 0800
769 0800
770 0800
771 0008
772 0080
773 1000
774 0080
775 8000
777 0800
778 0080
779 8000
780 0008
781 0002
782 0008
785 0008
786 8000
788 0004
789 0002
790 0001
791 0080
792 8000
793 0800
795 0010
796 0001
797 0080
798 0008
799 0800
800 8000
801 8000
802 2000
803 0008
804 0080
805 0800
806 4000
807 0008
808 0080
809 0800
810 0080
811 0040
812 0800
813 0001
814 0800
815 0400
816 1000
817 0008
818 0800
819 0008
820 0080
823 0100
824 0080
826 0008
827 0008
828 0080
829 4000
830 0400
831 8000
832 0080
833 0002
835 0800
836 8000
837 0080
838 8000
840 0008
841 0008
842 0800
843 0001
844 0008
845 0080
846 0020
847 8000
848 0002
849 8000
850 0001
851 8000
853 0800
855 0008
856 8000
857 0010
858 0080
859 0004
861 0001
862 0400
863 0008
864 8000
865 0040
866 8000
867 0008
868 8000
869 0008
870 0008
871 0008
872 8000
873 0200
874 0008
875 0008
876 8000
878 0100
879 0080
880 0800
881 0080
882 8000
883 0001
884 0080
885 0008
886 0800
887 0008
888 0002
889 0080
891 0008
892 0080
893 0080
894 8000
896 0400
897 0400
898 0800
899 0004
900 0004
901 0040
902 0400
904 0400
905 0004
906 4000
907 0080
908 4000
909 4000
910 0010
912 0800
913 0800
914 0040
915 0400
916 4000
917 0400
918 0004
919 0040
920 0008
921 2000
922 0100
923 0400
924 4000
925 0004
926 0002
927 0400
928 4000
929 0200
930 8000
931 4000
932 0004
933 0040
934 4000
935 0400
936 0400
937 0004
938 4000
939 0004
940 0080
941 4000
942 0004
943 0040
944 4000
945 4000
946 0004
947 0004
948 0040
949 1000
950 0004
951 4000
952 0040
953 0040
954 0400
955 0400
956 0040
957 4000
958 0004
959 4000
960 0800
961 0004
962 0008
963 4000
964 0400
965 0800
966 0040
968 0040
970 4000
971 0004
972 0004
973 0040
974 0004
975 0004
976 4000
978 0004
981 0040
982 0008
983 4000
984 0002
986 4000
987 0080
988 0040
989 1000
990 0004
991 0004
992 0004
994 0004
995 0400
996 0040
998 0400
999 0020
1000 0004
1001 0004
1002 0200
1003 2000
1004 4000
1005 0400
1006 0040
1007 0400
1008 0004
1009 0400
1010 0400
1011 0040
1012 4000
1013 0002
1014 0400
1015 0400
1016 0004
1017 0040
1018 0002
1019 0040
1020 4000
1021 0800
1022 0400
1023 4000
1024 2000
1026 2000
1027 0002
1028 2000
1029 0020
1030 0010
1031 2000
1032 0020
1033 0020
1034 2000
1035 0020
1036 0020
1037 0200
1038 0002
1039 0200
1040 0020
1041 0040
1042 0020
1043 2000
1044 0200
1045 2000
1046 0080
1047 0200
1048 0004
1049 0004
1050 0200
1051 0002
1052 2000
1053 8000
1054 0004
1055 0800
1056 0020
1057 0100
1059 0200
1060 0002
1061 0004
1063 0200
1065 0002
1066 0200
1067 0020
1069 2000
1070 2000
1071 0200
1072 2000
1074 0200
1075 0002
1077 2000
1078 2000
1080 0002
1081 0020
1082 2000
1083 8000
1084 0200
1085 0020
1086 0002
1087 2000
1088 2000
1089 0001
1090 0200
1091 0002
1092 2000
1093 0020
1094 0200
1095 0020
1096 2000
1097 4000
1098 0020
1100 0020
1101 0002
1102 0020
1103 0400
1104 0002
1105 2000
1106 0002
1107 2000
1108 0002
1109 0200
1110 0200
1111 2000
1112 0200
1113 2000
1114 2000
1116 0020
1118 0020
1119 0002
1121 0002
1122 2000
1123 0001
1124 0080
1125 0002
1128 2000
1129 0020
1130 0200
1131 0002
1132 2000
1133 0200
1134 0004
1135 0020
1136 0020
1137 8000
1138 0002
1139 0020
1140 4000
1141 2000
1143 0002
1144 0020
1145 0080
1148 0200
1149 0002
1150 0200
1151 0002
1152 0010
1153 0001
1154 0080
1155 0001
1156 0100
1157 0008
1158 1000
1159 0100
1160 8000
1161 0010
1162 0001
1163 0800
1164 0001
1165 1000
1166 1000
1167 0010
1168 0100
1169 0010
1170 0100
1171 4000
1172 4000
1173 1000
1174 0100
1175 0010
1176 0010
1177 0001
1178 0001
1179 0100
1180 1000
1181 1000
1182 0001
1183 0001
1184 0020
1186 0008
1187 0010
1188 1000
1189 0010
1190 0080
1191 0010
1192 0200
1193 1000
1194 0100
1195 0001
1196 4000
1197 0100
1198 0100
1199 0100
1200 2000
1201 0200
1202 0020
1203 0010
1204 1000
1206 0002
1207 0010
1208 8000
1209 0010
1210 1000
1211 0001
1212 0400
1213 1000
1214 0001
1216 8000
1218 4000
1219 0100
1220 0001
1221 0001
1222 1000
1223 0100
1224 1000
1226 1000
1227 0010
1228 0100
1229 1000
1230 0001
1231 0010
1232 1000
1233 0100
1234 0001
1235 0400
1236 0400
1237 0001
1238 0010
1240 4000
1242 0002
1243 0010
1245 0001
1246 0100
1247 1000
1248 0100
1249 1000
1250 0010
1251 2000
1252 0040
1253 0010
1254 0100
1255 1000
1256 0010
1259 0010
1260 0001
1261 0001
1262 0010
1263 0020
1264 0100
1266 0002
1268 0010
1269 0010
1270 0001
1271 0020
1272 1000
1273 1000
1274 0400
1275 0002
1276 1000
1278 0010
1279 0010
1280 0080
1281 8000
1282 8000
1284 8000
1285 8000
1286 0001
1287 0080
1288 0800
1290 0080
1291 0800
1292 0800
1293 0800
1294 8000
1295 0080
1296 0800
1297 0008
1298 0080
1299 0008
1300 0080
1301 0080
1302 0800
1303 0010
1304 8000
1305 8000
1306 0800
1307 0080
1308 0080
1309 0008
1310 0800
1311 0800
1312 0008
1313 0080
1314 0010
1315 8000
1316 0040
1317 0800
1318 0020
1319 0040
1320 0800
1321 0800
1322 0080
1323 8000
1324 8000
1325 0800
1326 0080
1327 0001
1328 0008
1329 0008
1330 0200
1331 0100
1332 0100
1333 4000
1334 8000
1335 0080
1336 0008
1337 0800
1338 0080
1339 0200
1340 0080
1341 8000
1342 0080
1343 0008
1344 2000
1345 8000
1346 0080
1347 0010
1348 0080
1349 8000
1351 8000
1353 0800
1354 0080
1355 0080
1356 0800
1357 0080
1358 8000
1359 8000
1360 0800
1362 8000
1364 0800
1365 0080
1366 0008
1367 0080
1368 0008
1370 0800
1371 8000
1372 2000
1373 0008
1375 0008
1376 0800
1377 8000
1378 0080
1379 0400
1380 1000
1381 0008
1382 0800
1384 8000
1385 0008
1388 0080
1389 4000
1390 0800
1392 0020
1393 0008
1394 0800
1395 2000
1397 0400
1398 0800
1399 0800
1400 0800
1401 0010
1402 0800
1403 8000
1404 0080
1405 0080
1406 8000
1407 0800
1408 4000
1410 4000
1411 0004
1412 0020
1413 4000
1414 0040
1415 0004
1416 0004
1417 0040
1418 0400
1420 0004
1421 0040
1422 0004
1423 4000
1424 0040
1425 4000
1427 0400
1428 0004
1429 0008
1430 0004
1431 0400
1432 0004
1433 4000
1434 0004
1435 0400
1436 0004
1437 0100
1438 0400
1439 0400
1440 0400
1441 0004
1442 0200
1443 0004
1444 0004
1445 1000
1446 4000
1447 0040
1448 0004
1449 4000
1450 0200
1451 4000
1453 0400
1454 0008
1455 0040
1456 4000
1458 0040
1459 0400
1460 0400
1461 0040
1462 0040
1463 0004
1464 0200
1467 0004
1468 0400
1469 0008
1470 0040
1472 0004
1474 0400
1475 0040
1476 0001
1477 0400
1478 0040
1479 0004
1481 0040
1482 0200
1483 0010
1484 4000
1485 0040
1486 0200
1487 0004
1488 0004
1489 4000
1490 0001
1491 4000
1492 0400
1493 0400
1494 0004
1495 4000
1496 1000
1497 0008
1498 4000
1499 0100
1500 0400
1501 0004
1503 4000
1504 0040
1505 0400
1506 0400
1507 4000
1508 0004
1509 0400
1510 4000
1511 0800
1512 0004
1513 0040
1514 0400
1515 0040
1516 0004
1517 0400
1518 0400
1519 0040
1520 0008
1521 0004
1522 0004
1524 0400
1525 0040
1526 0400
1527 0004
1528 4000
1529 0004
1530 0400
1531 0040
1532 0001
1533 4000
1534 0010
1535 0040
1536 2000
1537 0020
1538 0020
1539 0002
1540 0040
1541 0200
1544 8000
1545 0008
1546 0400
1547 0002
1548 0020
1549 0020
1550 0002
1551 0002
1552 0002
1553 0002
1554 0020
1555 0020
1556 0020
1557 0002
1558 0200
1559 2000
1560 0002
1561 0020
1562 2000
1563 2000
1564 2000
1565 0200
1566 0200
1567 0008
1568 4000
1569 0002
1570 0800
1571 0100
1572 2000
1573 0200
1574 0001
1575 0020
1576 0100
1577 0100
1578 0002
1579 0200
1580 0200
1581 2000
1582 0002
1583 0020
1584 0002
1585 0002
1586 0200
1587 0200
1588 0400
1589 2000
1590 0004
1591 0200
1592 0020
1593 0020
1595 0200
1596 0002
1598 0200
1599 0020
1601 0040
1605 0002
1606 0020
1607 2000
1608 0002
1609 0200
1611 0200
1612 0002
1613 0040
1614 0008
1615 2000
1617 0200
1619 0200
1620 0010
1621 2000
1622 2000
1623 0002
1624 1000
1625 0200
1626 0200
1628 2000
1629 0002
1630 0002
1631 0040
1632 0800
1633 0020
1634 0002
1635 0020
1636 0200
1637 0800
1638 0200
1639 0200
1640 0400
1641 0200
1643 0020
1644 2000
1645 0002
1646 0200
1647 2000
1648 0200
1649 0200
1650 0200
1651 0200
1652 0200
1653 0200
1654 0020
1655 4000
1656 0200
1657 0020
1658 2000
1659 2000
1660 0200
1662 0200
1663 0002
1664 0001
1665 0001
1666 0010
1667 0001
1668 0100
1669 0100
1670 1000
1671 0001
1672 0004
1673 1000
1674 0100
1675 0002
1676 1000
1677 0100
1678 4000
1679 0200
1680 1000
1681 1000
1683 0002
1685 0001
1686 8000
1688 0100
1689 1000
1690 0001
1691 0010
1692 0010
1693 0100
1694 1000
1695 0100
1696 0010
1697 0010
1698 8000
1699 0002
1700 0010
1701 1000
1702 1000
1703 1000
1704 0100
1705 0001
1706 1000
1708 0010
1709 0001
1710 0010
1712 0001
1713 0010
1714 0100
1715 1000
1716 0100
1718 0040
1719 0010
1720 1000
1721 1000
1722 0010
1724 0001
1725 0010
1726 0100
1728 1000
1729 0040
1731 0100
1732 0001
1733 0010
1734 1000
1737 0400
1738 0004
1740 1000
1741 0008
1742 4000
1743 0002
1744 0010
1745 0010
1746 8000
1747 1000
1748 0200
1749 0001
1750 0100
1751 0001
1752 0001
1753 0010
1754 0100
1755 0100
1756 0001
1757 0010
1759 1000
1761 0100
1762 8000
1763 1000
1764 8000
1766 0100
1767 0010
1768 0010
1769 0040
1770 0010
1771 1000
1772 1000
1773 0040
1774 0010
1775 8000
1776 4000
1777 0010
1778 1000
1779 0800
1780 0080
1781 1000
1782 0010
1785 0100
1786 0001
1788 0010
1789 0010
1790 0100
1791 0010
1793 0800
1794 0080
1795 0008
1796 0800
1798 4000
1799 8000
1800 0008
1801 8000
1802 8000
1803 8000
1805 0002
1806 8000
1807 0080
1808 0080
1809 0040
1810 8000
1811 1000
1812 0001
1814 0800
1815 0400
1816 0008
1817 0080
1818 0800
1820 0080
1821 0800
1822 0800
1823 4000
1824 0800
1825 8000
1826 0008
1828 0008
1829 0020
1830 0080
1831 0020
1832 8000
1833 0800
1835 0800
1836 0800
1837 0008
1838 0040
1839 0020
1840 8000
1843 0800
1844 8000
1845 0004
1846 0800
1847 0020
1848 0001
1850 0080
1851 8000
1852 0800
1853 0800
1855 0800
1856 0008
1857 8000
1858 0008
1859 0080
1860 0800
1861 0004
1862 8000
1865 0080
1866 8000
1868 0200
1869 0080
1870 0800
1871 0800
1873 0800
1874 0002
1875 0008
1876 0080
1877 0008
1878 0008
1879 0080
1880 8000
1881 8000
1882 0008
1883 0004
1884 0800
1886 0800
1887 0800
1888 8000
1889 0004
1890 0100
1891 8000
1892 0080
1893 0020
1894 0080
1895 0800
1896 8000
1897 0008
1898 8000
1899 0800
1900 0008
1901 0800
1902 0008
1903 8000
1904 0080
1906 0800
1907 0004
1909 0080
1910 0080
1911 0002
1912 0010
1913 0800
1914 0008
1916 8000
1919 0002
1920 4000
1921 0001
1922 0400
1924 0040
1926 0040
1927 4000
1928 0004
1929 0040
1930 0004
1931 4000
1932 0200
1936 0004
1937 0010
1938 4000
1939 0400
1940 0004
1941 4000
1942 0400
1943 0010
1944 0004
1945 0200
1947 0100
1948 0200
1949 0002
1950 4000
1952 4000
1953 2000
1954 0400
1955 0040
1956 0100
1957 1000
1958 0400
1959 0020
1960 0010
1961 4000
1962 0040
1963 0040
1964 0002
1965 0040
1966 4000
1967 0400
1968 0040
1969 0400
1970 0400
1971 0040
1972 4000
1973 4000
1974 0040
1975 0004
1976 0400
1977 0400
1978 0080
1979 0004
1980 0004
1981 0020
1982 0040
1983 0400
1984 4000
1985 0004
1986 0004
1987 0004
1988 0004
1989 0040
1990 0400
1991 0004
1992 4000
1995 4000
1996 0040
1997 4000
1998 0004
1999 0040
2000 0020
2002 4000
2003 0004
2004 0020
2005 0040
2007 0001
2008 4000
2009 0004
2010 0004
2011 0040
2012 4000
2013 0004
2014 0004
2015 0040
2016 0400
2017 0040
2018 0001
2019 0040
2020 4000
2022 2000
2023 0004
2024 2000
2025 8000
2026 4000
2027 0004
2028 0001
2029 4000
2030 0004
2031 0010
2032 4000
2033 0400
2034 4000
2035 0400
2036 0004
2037 0004
2038 0400
2039 0400
2040 0004
2041 2000
2042 0800
2043 0040
2044 0004
2045 0800
2046 0080
2047 0004
