0 0040
1 0040
2 0040
4 0040
5 0040
6 0040
8 1000
9 0040
10 0040
11 0800
12 0002
13 0040
14 0040
15 0040
16 0040
17 0040
18 0010
19 0004
20 0040
21 0040
22 0040
24 0040
25 0040
26 0040
28 0040
29 0080
30 0040
31 0040
32 0040
33 0040
34 0040
36 0040
38 0040
40 0040
41 0040
42 2000
43 0040
44 0040
45 0040
46 0040
47 0040
50 0040
52 0040
53 0040
54 0040
55 0040
56 0040
57 4000
58 0040
59 0040
61 0010
62 0040
63 0002
64 0200
65 0040
66 0040
67 0040
68 0040
70 2000
71 2000
72 0040
73 0040
75 0040
76 0004
77 0040
78 0040
79 0040
80 0040
81 0040
82 0040
84 0040
85 0040
86 0004
87 4000
88 0001
89 0040
90 0040
91 0040
92 0200
93 0040
94 0040
95 0040
96 0040
97 0040
98 0040
99 0040
100 8000
101 0010
102 0040
103 0040
104 0040
105 0040
106 0040
107 0040
108 0040
109 0040
110 2000
112 0040
113 0040
114 0040
115 0040
117 0040
118 0040
119 0040
120 0040
122 0040
123 0040
125 0040
126 0040
127 0040
128 0020
129 0020
130 0020
131 0004
132 0020
133 4000
136 0020
137 0020
138 0020
139 0020
140 0020
141 0020
143 0040
144 0020
145 0020
147 0020
148 0020
149 0020
150 0020
151 1000
152 0020
153 0020
154 0020
156 0020
157 2000
158 0020
159 0020
160 0020
162 0020
163 0020
164 0200
166 0020
167 0004
168 0020
169 0020
170 0020
171 0020
172 0020
173 0020
174 0020
175 0020
176 0020
177 0020
178 0020
179 0020
180 0020
182 0040
183 0020
184 0001
186 0020
187 0020
188 0020
189 0080
190 0020
192 0020
193 4000
194 0020
196 0020
197 0020
198 0020
199 0020
200 0020
201 0020
202 0020
203 0020
204 0100
205 0020
206 0020
207 0020
208 4000
209 0020
210 0020
211 0020
212 0020
213 0020
214 0040
215 0020
216 0020
217 0020
218 0020
219 0020
221 0100
222 0001
223 0020
224 0020
225 0020
226 0020
227 0020
228 0020
229 0020
230 0020
231 2000
232 0040
233 0020
234 0020
235 0020
236 0020
237 0010
238 0020
239 0020
240 0020
241 0020
242 0020
243 0010
245 0800
246 0008
248 0020
249 0020
250 0400
251 0080
253 0020
254 0020
255 0004
256 0010
257 0010
258 0010
259 0010
260 0010
261 0010
262 0010
263 0004
264 0010
265 0010
266 0200
267 0400
268 0010
269 0010
270 0010
271 0010
273 0010
274 0010
275 2000
276 2000
277 0010
278 0010
279 0010
280 0010
281 0010
282 0010
283 0010
284 1000
285 0010
286 0010
288 0010
289 0100
290 0010
291 0010
292 0010
294 0010
295 0010
296 8000
297 0010
298 0010
299 0010
300 0010
301 0010
302 0010
303 0010
304 0010
305 0008
306 0010
307 0080
309 0010
310 0010
311 0010
312 0010
313 0010
314 0010
315 0002
316 0010
318 0010
320 0010
321 0010
322 0010
323 0002
324 0010
326 2000
328 0010
329 0010
330 1000
331 0010
332 0010
333 0010
334 0010
335 0010
336 0010
337 0020
338 0010
339 0002
341 0080
342 0080
343 0800
344 0010
345 0010
346 0010
347 0010
348 0080
349 0001
350 0010
351 0010
352 0004
353 0010
354 0010
355 8000
356 0100
357 0010
360 0010
361 0010
362 0010
363 0010
364 0200
365 0010
366 0200
367 0010
368 0010
369 0010
371 0010
372 4000
373 0010
374 0010
376 0010
377 0010
378 0010
379 0010
380 0010
381 0001
382 0010
384 0008
385 0008
387 1000
388 0008
389 0008
390 0008
391 0008
392 0010
394 0008
395 0008
396 0008
397 0008
398 0008
399 0008
400 0008
401 0008
402 0008
403 0100
404 0008
405 0008
406 0008
407 0008
408 0008
409 0008
410 0008
411 0008
412 0800
413 0008
414 0008
415 0008
417 2000
418 0080
419 0080
420 0100
421 0020
422 0008
423 0008
424 0400
425 0008
426 0008
429 0008
430 1000
431 8000
432 0008
433 0008
434 0008
435 0400
436 2000
437 0008
438 0008
439 0004
440 0004
442 0008
443 0008
444 0008
446 0008
447 0008
448 0008
449 0008
450 0200
451 0008
452 0008
453 0008
454 0100
455 0008
456 0008
457 0100
458 0008
459 0008
460 0008
461 2000
462 4000
463 0008
464 0008
465 0008
466 0008
467 0008
469 0008
470 0008
471 2000
472 0008
473 0008
474 0800
475 0008
476 0008
477 0008
478 0008
479 0008
480 0008
481 0008
482 0008
483 0008
484 0008
486 0008
487 0008
488 8000
489 0008
490 0008
491 0008
492 0100
493 0008
494 0008
495 0008
496 0008
497 0008
498 0008
499 0008
500 0008
501 0008
502 0008
503 0008
504 0008
505 0040
506 0008
507 0008
508 0008
509 0008
510 0008
511 0008
512 0004
513 0400
514 0004
515 0004
516 0004
517 0004
518 0004
519 0004
520 0004
521 0004
522 0004
523 0200
524 0001
525 0004
526 0800
527 0004
528 0004
529 0004
530 0040
531 0400
532 0004
534 0004
535 0004
536 0004
537 0004
538 0004
539 1000
540 0004
541 0001
542 1000
543 0004
545 0004
546 0004
547 0004
548 0080
549 0400
550 0004
551 0004
552 0004
553 0800
555 0004
557 1000
558 1000
559 0004
560 0004
561 0004
562 0004
563 0004
564 0004
565 0004
566 0004
567 0002
568 0004
569 0004
570 0400
571 0004
572 0004
573 0004
574 2000
575 0004
576 0080
577 0004
578 0004
579 0004
580 0004
581 0004
582 0004
584 0001
585 0002
586 0004
588 0004
590 0004
592 0004
593 0004
594 0004
595 0008
596 0004
598 0004
599 0004
600 2000
601 0001
602 0004
605 0004
606 0004
608 0004
609 0004
610 0004
611 0004
612 0004
613 0004
614 0004
616 0100
617 8000
618 0004
619 0004
620 0040
622 0004
623 0004
625 0004
626 0004
628 0004
629 0004
630 0010
631 0004
632 0004
633 0004
634 0004
635 0004
636 0004
637 0004
638 0004
639 0004
640 0002
641 0002
643 1000
644 0080
645 0002
646 0002
647 0200
648 0004
649 8000
650 0002
651 0002
652 0002
653 0002
654 0002
655 0002
656 0020
657 0002
658 0002
659 2000
660 0002
661 0002
662 0002
663 0002
664 0002
665 0002
667 0800
668 0002
669 0040
671 0002
672 0002
673 0002
674 0002
675 0002
677 0002
678 0002
679 0002
680 0002
682 0002
683 0002
685 0002
686 0100
687 0002
688 0002
689 0002
690 0002
692 0002
693 0002
694 0002
695 0002
696 0002
697 0002
698 0002
699 0002
700 0002
701 0002
702 0002
703 0002
704 0002
705 1000
706 0002
707 0002
708 0002
709 0002
710 0002
711 0002
712 0002
714 0002
715 0002
716 0002
718 0002
719 0002
720 0002
721 0004
722 0002
723 0002
724 0002
726 0002
727 0002
728 0002
729 0002
730 0002
731 0002
732 0002
733 0002
734 0002
735 0002
736 0100
737 0002
738 0002
739 0100
740 0002
742 0002
744 0002
745 0002
746 0200
747 0002
748 0002
749 0002
750 0002
751 0002
752 0002
753 0002
754 0002
755 0002
756 0020
757 0002
758 0002
759 0002
760 0002
761 0002
762 0002
763 0002
764 0100
765 0002
766 0100
767 0002
768 0001
769 0001
770 0001
771 0001
772 0001
773 0001
774 0001
775 0001
776 0100
777 0001
778 0001
779 0004
780 0001
781 4000
782 0100
784 0001
786 0001
787 0010
788 0001
789 0001
790 0100
791 0001
792 0001
793 0001
794 0001
795 0001
796 0001
797 0008
798 0001
799 0001
800 1000
801 0001
805 0001
806 0001
807 0080
808 0001
809 0001
810 0200
811 0001
812 0001
813 0001
814 2000
815 0001
816 0001
817 0080
818 0001
819 0001
820 0001
821 4000
822 0001
823 0001
824 0001
825 0080
826 0001
827 0001
828 0001
829 0001
830 0001
831 0004
833 0001
834 0001
835 0001
836 0001
838 0001
840 0020
842 0001
843 0001
844 0001
845 0040
846 0200
847 0001
848 0080
849 0004
850 0800
851 0001
852 0001
853 0001
855 0001
856 0001
857 0001
858 0001
859 0001
860 0001
861 0020
863 0001
864 0001
865 0080
866 0001
867 0800
868 0001
869 0001
870 0001
871 0080
872 0001
873 0001
874 0010
875 0001
876 0002
877 0001
878 0001
879 0001
880 0001
882 0001
883 0001
884 0200
885 0001
886 0010
887 0001
888 0001
890 0001
891 0001
892 0001
893 0004
894 0001
895 0001
896 8000
897 8000
898 8000
899 8000
900 8000
901 8000
902 8000
903 8000
905 8000
906 8000
907 8000
908 8000
909 8000
910 8000
911 8000
912 8000
913 8000
914 8000
915 8000
916 8000
917 8000
918 8000
919 8000
920 8000
921 0040
922 8000
923 8000
924 8000
925 8000
927 0080
928 0100
929 8000
930 8000
931 4000
932 8000
933 8000
935 8000
936 8000
937 0008
939 8000
940 8000
941 8000
942 0008
943 8000
944 8000
945 8000
947 8000
948 1000
949 8000
950 8000
951 8000
952 0200
953 8000
954 8000
955 8000
956 8000
957 8000
958 0004
959 8000
960 0100
961 8000
962 0800
963 8000
965 8000
967 8000
969 0008
970 2000
971 8000
973 0080
974 8000
976 8000
977 8000
980 8000
981 4000
982 8000
983 8000
984 1000
985 8000
986 8000
988 8000
989 8000
990 8000
991 8000
992 8000
993 8000
995 8000
996 8000
998 8000
1000 0010
1001 0020
1002 0020
1003 8000
1004 8000
1005 8000
1006 8000
1007 8000
1009 0080
1010 8000
1011 8000
1012 8000
1013 0400
1014 8000
1015 0020
1016 0010
1017 8000
1018 0400
1019 0100
1020 8000
1021 8000
1022 8000
1023 2000
1024 4000
1026 4000
1028 4000
1029 4000
1030 8000
1031 4000
1033 4000
1034 4000
1035 0800
1037 4000
1038 4000
1040 4000
1041 4000
1042 0040
1043 4000
1044 4000
1045 4000
1047 4000
1048 4000
1049 4000
1050 4000
1051 4000
1052 0020
1053 4000
1054 4000
1055 0010
1056 4000
1057 4000
1058 4000
1059 4000
1060 4000
1061 4000
1062 4000
1063 0080
1064 4000
1065 4000
1066 4000
1067 4000
1068 4000
1069 4000
1071 4000
1072 0004
1073 4000
1074 4000
1075 4000
1076 4000
1077 4000
1078 4000
1079 0002
1081 4000
1082 4000
1083 0001
1084 0010
1085 1000
1086 4000
1087 4000
1088 4000
1089 0400
1090 0004
1091 4000
1092 4000
1093 0004
1094 0002
1095 4000
1096 0010
1097 4000
1098 4000
1099 4000
1100 4000
1101 0100
1102 0400
1103 4000
1105 4000
1106 4000
1107 0040
1108 4000
1109 4000
1110 4000
1111 4000
1112 4000
1113 4000
1114 4000
1115 4000
1116 4000
1117 4000
1118 4000
1119 4000
1121 4000
1122 0040
1124 4000
1125 4000
1127 4000
1128 4000
1129 4000
1130 4000
1131 4000
1132 4000
1133 4000
1134 4000
1135 4000
1137 4000
1138 0080
1139 4000
1142 4000
1143 4000
1146 4000
1147 4000
1148 4000
1149 4000
1150 4000
1151 4000
1152 0040
1153 0004
1155 2000
1156 2000
1157 2000
1158 4000
1159 0080
1161 2000
1162 2000
1164 2000
1165 2000
1166 2000
1167 2000
1168 2000
1169 0040
1170 2000
1171 2000
1172 2000
1173 2000
1174 2000
1175 2000
1176 2000
1177 2000
1178 2000
1179 2000
1180 2000
1181 2000
1182 2000
1183 0002
1184 2000
1185 2000
1186 0008
1187 2000
1189 2000
1190 0400
1191 2000
1192 2000
1193 2000
1194 2000
1195 2000
1196 2000
1197 2000
1199 2000
1200 0040
1202 2000
1203 2000
1204 2000
1205 2000
1206 2000
1207 2000
1208 2000
1209 2000
1210 2000
1212 2000
1213 2000
1214 2000
1215 2000
1216 2000
1217 0008
1218 2000
1219 2000
1220 2000
1221 2000
1222 8000
1223 2000
1224 2000
1225 2000
1226 2000
1227 2000
1228 2000
1229 2000
1230 2000
1231 2000
1232 0004
1233 2000
1235 2000
1236 2000
1237 2000
1238 2000
1239 2000
1240 2000
1241 2000
1242 2000
1243 2000
1244 0020
1245 0008
1246 2000
1247 2000
1248 2000
1249 0200
1250 2000
1251 2000
1252 1000
1254 2000
1255 2000
1256 2000
1257 2000
1258 2000
1259 2000
1260 2000
1261 2000
1262 0020
1264 2000
1266 2000
1267 2000
1268 2000
1269 2000
1270 2000
1271 4000
1272 1000
1273 2000
1274 2000
1275 8000
1276 2000
1277 2000
1278 2000
1279 2000
1280 0200
1281 1000
1283 0040
1285 1000
1286 1000
1287 1000
1288 1000
1289 0400
1290 0002
1291 1000
1292 1000
1293 1000
1294 1000
1296 1000
1297 1000
1298 1000
1299 1000
1300 0040
1301 1000
1302 1000
1303 0002
1304 1000
1305 1000
1307 1000
1308 1000
1309 1000
1310 1000
1311 1000
1312 1000
1313 1000
1315 0001
1316 1000
1317 0040
1318 1000
1319 1000
1320 1000
1321 0200
1323 1000
1325 1000
1326 4000
1327 1000
1328 1000
1329 1000
1330 1000
1331 1000
1332 1000
1333 1000
1335 1000
1336 1000
1337 1000
1338 1000
1339 1000
1340 1000
1341 1000
1342 0400
1343 1000
1344 1000
1345 1000
1347 1000
1348 0040
1349 1000
1350 1000
1351 1000
1352 1000
1353 1000
1354 1000
1355 1000
1356 1000
1357 1000
1358 1000
1359 1000
1360 0040
1361 0010
1365 1000
1366 0400
1367 1000
1368 0001
1369 1000
1370 1000
1371 0800
1372 1000
1373 1000
1374 1000
1375 1000
1378 0010
1379 1000
1380 1000
1381 1000
1382 1000
1383 1000
1384 1000
1385 0080
1386 1000
1387 1000
1388 1000
1390 1000
1391 1000
1392 0800
1393 1000
1396 1000
1397 1000
1399 1000
1400 1000
1401 1000
1402 1000
1403 1000
1404 1000
1405 1000
1407 1000
1409 0800
1410 0800
1411 0800
1412 0800
1413 0800
1414 1000
1415 0400
1416 0800
1417 0010
1418 0800
1420 4000
1421 0800
1422 0800
1423 0800
1424 0800
1425 0800
1426 0800
1427 0800
1428 0800
1429 0800
1430 0800
1431 0800
1434 0800
1436 0080
1437 0800
1438 0800
1439 0800
1440 0800
1441 0800
1442 0800
1443 0800
1444 1000
1445 0800
1446 0800
1447 0800
1448 0800
1449 0800
1450 0800
1451 0800
1452 0800
1454 0800
1455 0800
1456 0800
1457 0800
1458 0400
1459 8000
1460 0800
1461 0800
1462 0004
1463 0800
1465 0800
1466 0800
1467 0800
1468 0200
1469 0800
1470 0800
1471 0800
1472 0800
1473 0800
1474 0001
1475 0800
1476 0800
1477 0800
1478 0400
1479 0800
1480 0800
1481 0800
1482 0800
1483 0800
1484 0002
1485 0800
1486 0800
1487 0010
1488 0800
1489 0800
1490 0200
1491 0400
1492 0800
1493 0800
1494 0800
1495 0001
1496 0800
1497 0001
1498 0800
1499 0800
1500 0800
1501 0800
1502 0800
1503 0800
1504 0800
1505 0800
1506 0800
1507 0800
1508 0800
1509 1000
1510 0800
1511 0800
1512 0800
1513 0800
1514 0800
1515 0800
1516 0800
1518 0800
1519 4000
1520 0800
1521 0800
1522 0800
1524 0800
1526 0200
1527 0800
1528 0800
1529 0800
1530 0800
1531 0800
1532 0800
1533 0200
1534 0800
1535 0200
1536 4000
1537 0400
1538 0400
1539 0400
1540 0400
1541 0040
1542 0400
1543 0400
1544 2000
1545 0400
1546 0400
1547 0400
1548 0400
1549 0400
1550 0400
1551 0400
1552 0400
1553 0400
1554 0400
1555 0400
1556 0400
1557 0400
1558 0400
1559 0400
1560 0004
1561 0200
1562 0400
1563 0010
1564 0400
1565 0400
1569 0100
1570 0400
1571 0400
1572 0001
1573 0400
1574 0400
1575 0010
1576 0400
1577 0400
1579 0002
1580 0002
1581 0400
1582 0400
1583 0400
1585 0008
1586 0400
1588 0400
1589 0200
1591 0400
1592 0400
1593 1000
1594 0400
1595 0400
1596 0400
1597 0400
1598 0400
1599 0400
1600 0400
1601 0400
1602 0400
1603 8000
1604 0400
1605 0400
1607 0400
1608 0400
1610 0400
1611 0400
1612 0400
1613 0400
1616 0080
1617 0400
1618 0400
1619 0400
1620 4000
1622 0400
1623 0400
1625 0400
1627 0400
1628 0400
1629 0400
1630 0400
1631 0400
1632 0200
1633 0400
1634 0400
1635 0400
1636 0400
1638 0400
1639 0400
1640 0400
1641 0400
1642 0400
1643 0400
1644 0400
1645 0400
1646 0400
1648 4000
1649 2000
1650 0400
1651 0004
1652 0400
1654 0400
1655 0400
1656 0400
1657 0400
1658 0400
1660 0400
1663 0400
1664 0020
1665 0200
1666 0200
1667 0800
1668 0200
1669 0200
1671 0200
1672 0200
1673 0200
1674 0008
1676 0004
1677 0200
1678 0200
1679 0200
1680 0004
1681 0200
1682 0200
1683 0200
1684 0200
1685 0200
1686 0200
1687 0200
1688 0200
1689 0200
1690 0200
1691 0200
1692 0200
1693 0200
1694 0200
1695 0200
1696 0200
1697 0200
1698 0200
1699 0200
1700 0200
1701 0200
1702 0200
1703 0200
1704 0200
1705 8000
1706 0200
1707 0200
1708 0200
1709 0040
1710 0200
1711 0200
1712 2000
1713 0200
1714 0200
1715 0200
1716 0200
1717 0200
1718 0200
1719 0008
1720 0040
1721 0200
1723 0200
1724 0400
1725 0200
1726 0200
1727 0200
1728 0200
1729 0200
1730 0200
1731 0200
1732 0200
1733 0200
1734 0200
1735 0200
1736 0200
1737 0200
1738 0200
1739 0200
1740 0200
1741 0200
1742 0200
1743 0200
1744 0200
1745 0200
1746 0200
1747 0200
1748 0200
1749 0200
1750 0200
1751 0200
1752 0200
1753 0200
1754 0200
1755 0200
1756 0200
1757 0200
1758 0200
1759 0080
1760 0001
1761 0200
1762 0004
1764 0200
1765 0100
1766 0001
1767 0200
1768 0200
1769 0200
1771 0040
1774 0200
1775 0200
1776 0200
1777 0200
1778 0200
1779 0200
1780 0080
1781 0200
1782 0200
1784 0001
1785 0200
1787 0200
1788 0100
1789 0200
1790 0200
1791 0200
1792 0100
1793 0100
1794 0100
1795 0200
1797 0100
1798 0100
1799 0100
1800 0100
1801 0100
1802 0100
1803 0040
1805 0100
1807 0100
1808 0100
1810 0080
1811 0100
1812 0100
1813 0100
1815 0100
1816 0100
1817 0100
1818 0100
1819 0100
1820 0100
1821 0100
1822 0100
1823 0100
1824 0100
1825 0100
1826 0080
1827 0100
1828 0100
1829 0100
1830 0100
1831 0080
1832 0040
1833 0100
1834 8000
1835 0100
1836 0100
1837 0100
1838 0100
1839 0100
1840 0100
1841 0100
1842 0100
1843 0100
1844 4000
1846 0100
1847 0100
1848 0100
1849 0100
1850 1000
1851 0100
1852 0100
1853 0100
1854 0800
1857 0020
1858 0100
1859 0100
1860 0100
1861 0100
1862 1000
1863 0100
1864 0100
1866 0100
1867 0100
1868 0100
1869 0100
1870 0100
1872 0100
1873 0100
1874 0008
1875 0020
1876 0008
1877 0100
1878 0020
1879 0100
1880 0100
1881 0100
1882 0100
1883 0100
1884 0100
1885 0100
1886 0100
1887 0100
1888 0100
1889 0100
1890 0100
1891 0100
1892 0100
1893 0100
1894 0010
1895 2000
1896 0100
1897 0100
1898 0100
1899 0100
1901 0100
1902 0100
1903 0100
1904 0100
1905 0100
1906 0100
1907 0100
1908 0100
1909 0100
1910 0100
1911 0100
1912 0400
1913 0100
1914 0100
1915 0800
1916 0100
1917 2000
1918 8000
1919 0100
1920 0080
1921 0080
1922 0080
1925 0080
1926 0080
1928 1000
1929 0080
1930 0080
1931 0080
1932 0080
1934 1000
1935 0080
1936 0080
1937 0080
1938 0080
1939 0080
1940 0080
1941 0080
1942 4000
1943 0080
1944 0080
1945 0080
1946 0080
1947 0400
1949 0080
1950 0400
1951 0080
1953 0080
1954 0080
1955 1000
1956 0004
1957 0080
1958 0080
1959 0080
1960 0080
1961 0080
1962 0080
1963 0800
1964 0002
1965 0080
1966 0080
1967 8000
1968 0080
1969 0200
1970 0080
1971 0080
1972 0004
1973 0080
1975 0080
1976 0080
1977 0400
1978 0080
1980 0080
1981 0400
1982 0200
1983 0080
1984 0080
1985 1000
1986 0080
1987 0080
1988 0080
1989 0080
1990 0080
1991 0080
1992 0080
1993 0080
1994 0080
1995 0080
1996 1000
1997 1000
1998 0080
1999 0080
2000 0400
2001 0080
2002 0080
2003 0080
2004 0001
2005 0008
2006 0080
2007 0080
2008 0001
2009 0080
2010 0080
2011 0040
2012 0080
2013 0080
2014 0080
2015 0008
2016 0080
2017 0080
2018 0008
2019 0010
2020 0080
2021 0080
2022 0080
2023 0080
2024 0080
2025 2000
2026 0080
2027 0080
2028 0080
2029 0080
2032 0080
2033 0080
2034 0080
2035 0080
2036 0080
2037 0010
2038 0100
2039 0080
2040 0080
2041 0080
2042 0080
2043 0080
2044 0002
2045 0080
2046 0080
2047 0010
