0 0020
1 0020
2 0020
3 0020
4 0020
5 0020
6 0020
7 0020
8 0020
9 0002
10 0020
11 0020
12 0020
13 0020
14 0020
15 0080
16 0020
17 0020
18 0020
19 0004
20 0020
21 1000
22 0080
23 0020
26 0020
27 0020
29 0020
30 0020
31 0020
32 0800
33 0020
34 0020
35 0080
36 0020
37 0020
38 8000
39 0020
40 4000
41 0020
42 0020
43 0020
44 0020
45 0020
46 0020
47 0020
48 0100
49 0020
50 0020
51 0020
52 0020
53 0020
54 0020
55 0020
56 0020
57 2000
58 0020
59 0020
60 0020
61 0020
62 0020
63 0020
64 0400
65 0020
66 0020
67 0020
68 0020
69 0020
70 0020
71 1000
72 0020
73 0020
74 0020
75 0020
76 0020
77 0020
78 0002
79 0020
80 1000
81 0020
82 2000
83 0020
84 0020
85 0020
86 0020
87 0020
88 0020
89 0020
90 0020
92 0020
93 0020
95 8000
96 0020
97 0020
98 0100
99 8000
100 0020
101 0020
102 0200
103 0020
104 0004
105 0020
107 0040
109 0020
110 0200
112 0020
113 0020
114 0020
115 0020
116 0020
117 0020
118 0020
119 0020
120 0020
121 0100
122 0020
124 0020
125 0020
126 0020
127 0020
128 0400
129 0010
130 0010
131 0010
132 0002
133 0010
134 0010
135 0002
136 0010
137 0010
138 0004
139 0010
140 0010
141 0010
142 0010
144 0010
145 0010
146 0010
147 0004
148 0010
150 0008
151 0010
152 0010
153 0100
154 0010
155 0010
156 1000
158 0002
159 0010
160 0010
161 0010
162 0010
163 0010
164 0010
165 0010
166 0010
167 0040
168 0010
169 0001
170 0010
172 0010
173 0010
174 0010
175 0010
176 0010
178 0040
179 0010
180 0010
181 0010
183 0010
184 0010
185 0010
186 4000
187 0010
190 0010
191 0010
192 0040
193 0010
194 0010
195 0010
196 0010
197 0010
198 0010
199 0010
200 0010
201 0004
203 8000
204 0010
205 0010
206 0010
207 0010
208 0010
209 0010
210 0010
211 0010
212 0010
213 0010
214 0010
215 0200
216 0010
217 0010
218 0010
219 4000
220 0800
221 0010
222 0010
223 0010
224 0010
225 0010
226 0010
227 0100
229 0010
230 0010
231 0010
232 2000
233 0010
234 0010
235 0080
236 0010
237 0010
238 0010
239 0010
240 1000
241 0010
242 0010
243 0010
244 0010
245 0010
246 0002
247 0010
249 0010
250 0010
251 0010
253 0010
254 0010
255 0010
256 0008
257 0008
258 0008
259 0008
261 0008
262 0008
263 4000
264 0020
265 0008
266 0008
267 0008
268 0008
270 0008
271 0008
272 0008
273 0008
274 0008
275 0008
276 0008
277 1000
278 0008
279 0008
280 0008
281 0008
283 0080
284 0008
285 0008
286 0008
287 0010
288 0080
289 8000
290 0008
292 0008
293 0008
294 0020
295 0008
296 0008
297 0008
298 0008
300 0008
301 0008
302 0008
303 0008
304 0008
305 8000
306 0020
307 0008
309 0008
310 0008
311 0008
312 0008
313 2000
314 0008
315 0008
317 0008
318 0008
319 0400
320 0008
321 0010
322 0008
323 0008
324 0008
326 0008
327 0008
329 0100
331 0008
332 0008
333 0008
334 0008
335 0008
336 0008
337 0008
338 0008
339 0020
340 0008
341 0008
343 8000
344 0040
345 0008
346 0008
347 4000
349 0008
350 0008
351 0200
352 0008
353 0008
354 0008
355 0008
356 0008
358 0008
359 0008
361 0008
362 0008
363 0008
364 0008
365 0004
366 0008
367 0008
368 0008
369 0008
370 0008
371 0008
372 0008
373 0008
374 0008
375 0008
376 0008
377 0008
378 0080
379 0008
380 0008
381 0008
382 0008
383 0004
384 0004
385 0004
387 0004
388 0004
389 0004
390 0004
391 0004
393 0020
394 0004
395 0004
396 0800
397 0040
398 0004
399 0004
400 0004
401 0004
402 0004
404 0080
405 0004
406 0004
407 0004
408 0004
409 0040
410 0400
411 0004
412 0004
413 0004
414 0200
415 0001
416 0004
417 0004
419 0080
420 0004
421 0004
423 0004
424 0004
425 0004
426 0004
427 0040
428 8000
429 0004
431 0004
432 0004
433 0004
434 0004
435 0004
437 0004
438 0004
440 0004
441 0004
442 0004
444 0004
446 0200
447 0004
448 0008
449 0004
450 0004
451 0004
452 0100
453 0004
454 4000
456 0004
457 0004
458 0004
459 0004
460 0004
461 0004
462 0004
463 0004
464 0004
465 0004
466 0004
467 0004
468 0004
470 0004
471 0800
472 8000
473 0004
474 0004
475 4000
476 0004
477 0004
478 0004
479 0004
480 1000
481 0100
482 0004
483 0004
484 0001
485 8000
486 0004
487 0004
488 1000
489 0004
490 0004
492 0004
493 0004
494 0004
495 0004
496 0004
497 0004
498 0004
499 2000
500 0004
501 0004
502 0004
503 0010
504 0004
506 0200
507 0004
508 0004
509 0004
511 0004
512 0002
513 0002
514 0002
515 0002
516 0020
517 0002
518 0002
519 0002
520 0002
521 0002
522 0001
523 0002
524 0002
525 0002
526 0002
528 0002
529 0200
530 2000
531 0002
532 2000
533 0002
534 0002
535 0002
536 0002
537 0020
538 0800
539 0002
540 0002
541 0002
542 0002
543 0002
544 0002
545 0002
547 0002
548 0002
549 0002
551 0002
552 0002
553 0002
554 0002
555 0004
556 0002
557 0002
558 0002
559 0002
561 0008
563 0002
564 0002
567 0002
568 0002
569 0002
570 0002
571 0002
572 8000
573 0002
574 0040
575 0002
577 0002
578 0002
579 0002
580 0002
581 0002
582 0002
583 0002
584 0002
585 0002
586 0002
587 0002
588 0002
589 0002
590 0400
591 0001
592 0002
593 0002
594 0002
595 0002
596 0008
597 0002
598 0002
600 0002
601 4000
602 0008
603 0002
604 0001
605 0002
606 0002
607 0002
608 0002
609 1000
611 1000
612 0002
613 0002
614 0002
615 0002
616 4000
617 0002
618 0002
619 0008
620 0002
621 0002
622 0002
623 0002
625 0008
626 0002
627 0002
629 1000
630 0002
632 2000
633 0010
635 0002
636 0002
637 0002
638 0002
639 0002
640 0001
641 0001
642 0001
643 0002
644 0001
645 1000
646 0001
647 0001
648 0001
649 0001
650 8000
651 2000
652 0001
653 0001
654 0001
655 0001
657 0001
658 0001
660 0001
661 0001
662 0001
663 0001
664 0001
665 0001
666 0001
668 0001
669 0001
670 0001
672 0001
673 0001
674 0001
675 0001
676 0020
677 0001
678 0001
679 0001
681 0001
683 0001
684 0001
685 0001
686 0800
688 0001
689 1000
690 0001
691 0001
692 0001
693 0001
694 0001
695 2000
697 0001
698 0001
699 0001
700 0001
701 0001
702 0001
703 0001
705 0001
706 0001
707 0001
709 0001
710 0001
712 0001
713 0001
714 0001
715 2000
716 0001
718 0001
720 0001
721 0001
724 0100
725 0001
726 0001
727 0001
728 2000
729 0010
730 0001
731 0001
732 0001
733 0020
734 0001
736 0008
737 2000
738 0001
739 0001
740 0001
741 0001
742 0800
743 0001
744 4000
745 0001
746 0001
747 0001
748 0400
749 0002
750 0001
751 0001
752 0020
754 0400
755 0001
756 0010
757 0001
758 0800
759 8000
760 0001
761 0001
762 1000
763 0001
764 0001
765 0008
766 0001
767 0040
768 8000
769 8000
770 8000
771 8000
772 8000
773 0008
774 8000
775 8000
777 8000
778 8000
779 8000
780 8000
781 0002
782 8000
785 8000
786 8000
788 0004
789 0400
790 0001
791 8000
792 8000
793 8000
795 0040
796 0008
797 8000
798 8000
799 8000
800 8000
801 8000
802 0002
803 8000
804 8000
805 8000
806 0800
807 8000
808 8000
809 8000
810 8000
811 0004
812 8000
813 0040
814 8000
815 0100
816 1000
817 8000
818 8000
819 8000
820 8000
823 0040
824 8000
826 8000
827 8000
828 8000
829 0800
830 0004
831 8000
832 8000
833 0002
835 8000
836 8000
837 8000
838 8000
840 8000
841 8000
842 8000
843 0040
844 8000
845 8000
846 0002
847 8000
848 0010
849 8000
850 1000
851 8000
853 8000
855 8000
856 8000
857 0200
858 8000
859 0020
861 0200
862 4000
863 8000
864 8000
865 0020
866 8000
867 8000
868 8000
869 8000
870 8000
871 8000
872 8000
873 0080
874 8000
875 8000
876 8000
878 0001
879 8000
880 8000
881 8000
882 8000
883 0001
884 8000
885 8000
886 8000
887 8000
888 0080
889 8000
891 8000
892 8000
893 8000
894 8000
896 4000
897 4000
898 0020
899 4000
900 4000
901 4000
902 4000
904 4000
905 4000
906 4000
907 0004
908 4000
909 4000
910 0200
912 8000
913 8000
914 4000
915 4000
916 4000
917 4000
918 4000
919 4000
920 0800
921 0002
922 0200
923 4000
924 4000
925 4000
926 0010
927 4000
928 4000
929 0080
930 0100
931 4000
932 4000
933 4000
934 4000
935 4000
936 4000
937 4000
938 4000
939 4000
940 0020
941 4000
942 4000
943 4000
944 4000
945 4000
946 4000
947 4000
948 4000
949 1000
950 4000
951 4000
952 4000
953 4000
954 4000
955 4000
956 4000
957 4000
958 4000
959 4000
960 8000
961 4000
962 0100
963 4000
964 4000
965 0800
966 4000
968 4000
970 4000
971 4000
972 4000
973 4000
974 4000
975 4000
976 4000
978 4000
981 4000
982 0100
983 4000
984 0010
986 4000
987 0100
988 4000
989 1000
990 4000
991 4000
992 4000
994 4000
995 4000
996 4000
998 4000
999 2000
1000 4000
1001 4000
1002 0080
1003 0400
1004 4000
1005 4000
1006 4000
1007 4000
1008 4000
1009 4000
1010 4000
1011 4000
1012 4000
1013 0080
1014 4000
1015 4000
1016 4000
1017 4000
1018 0080
1019 4000
1020 4000
1021 8000
1022 4000
1023 4000
1024 2000
1026 2000
1027 2000
1028 2000
1029 2000
1030 0200
1031 2000
1032 2000
1033 2000
1034 2000
1035 2000
1036 2000
1037 2000
1038 2000
1039 2000
1040 2000
1041 0002
1042 2000
1043 2000
1044 2000
1045 2000
1046 0800
1047 2000
1048 0400
1049 0400
1050 2000
1051 2000
1052 2000
1053 8000
1054 0080
1055 8000
1056 2000
1057 0008
1059 2000
1060 2000
1061 0400
1063 2000
1065 2000
1066 2000
1067 2000
1069 2000
1070 2000
1071 2000
1072 2000
1074 2000
1075 2000
1077 2000
1078 2000
1080 2000
1081 2000
1082 2000
1083 8000
1084 2000
1085 2000
1086 2000
1087 2000
1088 2000
1089 1000
1090 2000
1091 2000
1092 2000
1093 2000
1094 2000
1095 2000
1096 2000
1097 0002
1098 2000
1100 2000
1101 2000
1102 2000
1103 0080
1104 2000
1105 2000
1106 2000
1107 2000
1108 2000
1109 2000
1110 2000
1111 2000
1112 2000
1113 2000
1114 2000
1116 2000
1118 2000
1119 2000
1121 2000
1122 2000
1123 1000
1124 0800
1125 2000
1128 2000
1129 2000
1130 2000
1131 2000
1132 2000
1133 2000
1134 4000
1135 2000
1136 2000
1137 0800
1138 2000
1139 2000
1140 0400
1141 2000
1143 2000
1144 2000
1145 0800
1148 2000
1149 2000
1150 2000
1151 2000
1152 1000
1153 1000
1154 0020
1155 1000
1156 1000
1157 0004
1158 1000
1159 1000
1160 0004
1161 1000
1162 1000
1163 0800
1164 1000
1165 1000
1166 1000
1167 1000
1168 1000
1169 1000
1170 1000
1171 4000
1172 0002
1173 1000
1174 1000
1175 1000
1176 1000
1177 1000
1178 1000
1179 1000
1180 1000
1181 1000
1182 1000
1183 1000
1184 0040
1186 0020
1187 1000
1188 1000
1189 1000
1190 0800
1191 1000
1192 0001
1193 1000
1194 1000
1195 1000
1196 0010
1197 1000
1198 1000
1199 1000
1200 0001
1201 2000
1202 0040
1203 1000
1204 1000
1206 0200
1207 1000
1208 0020
1209 1000
1210 1000
1211 1000
1212 0002
1213 1000
1214 1000
1216 8000
1218 0010
1219 1000
1220 1000
1221 1000
1222 1000
1223 1000
1224 1000
1226 1000
1227 1000
1228 1000
1229 1000
1230 1000
1231 1000
1232 1000
1233 1000
1234 1000
1235 4000
1236 0400
1237 1000
1238 1000
1240 0010
1242 0200
1243 1000
1245 1000
1246 1000
1247 1000
1248 1000
1249 1000
1250 1000
1251 0040
1252 0010
1253 1000
1254 1000
1255 1000
1256 1000
1259 1000
1260 1000
1261 1000
1262 1000
1263 0008
1264 1000
1266 0008
1268 1000
1269 1000
1270 1000
1271 0008
1272 1000
1273 1000
1274 0080
1275 0001
1276 1000
1278 1000
1279 1000
1280 0800
1281 0800
1282 0800
1284 0800
1285 0800
1286 0200
1287 0800
1288 0800
1290 0800
1291 0800
1292 0800
1293 0800
1294 0800
1295 0800
1296 0800
1297 0800
1298 0800
1299 0800
1300 0800
1301 0800
1302 0800
1303 2000
1304 0800
1305 0800
1306 0800
1307 0800
1308 0800
1309 0800
1310 0800
1311 0800
1312 0800
1313 0800
1314 0200
1315 0800
1316 0020
1317 0800
1318 0010
1319 0100
1320 0800
1321 0800
1322 0800
1323 0800
1324 0800
1325 0800
1326 0800
1327 0001
1328 0800
1329 0800
1330 0400
1331 0001
1332 2000
1333 0100
1334 0800
1335 0800
1336 0800
1337 0800
1338 0800
1339 0400
1340 0800
1341 0800
1342 0800
1343 0800
1344 0080
1345 0800
1346 0800
1347 0001
1348 0800
1349 0800
1351 0800
1353 0800
1354 0800
1355 0800
1356 0800
1357 0800
1358 0800
1359 0800
1360 0800
1362 0800
1364 0800
1365 0800
1366 0800
1367 0800
1368 0800
1370 0800
1371 0800
1372 0080
1373 0800
1375 0800
1376 0800
1377 0800
1378 0800
1379 0004
1380 0200
1381 0800
1382 0800
1384 0800
1385 0800
1388 0800
1389 0100
1390 0800
1392 0002
1393 0800
1394 0800
1395 0400
1397 1000
1398 0800
1399 0800
1400 0800
1401 0001
1402 0800
1403 0800
1404 0800
1405 0800
1406 0800
1407 0800
1408 0400
1410 0400
1411 0400
1412 0800
1413 0400
1414 0400
1415 0400
1416 0400
1417 0400
1418 0400
1420 0400
1421 0400
1422 0400
1423 0400
1424 0400
1425 0400
1427 0400
1428 0400
1429 8000
1430 0400
1431 0400
1432 0400
1433 0400
1434 0400
1435 0400
1436 0400
1437 0200
1438 0400
1439 0400
1440 0400
1441 0400
1442 4000
1443 0400
1444 0400
1445 0200
1446 0400
1447 0400
1448 0400
1449 0400
1450 0080
1451 0400
1453 0400
1454 8000
1455 0400
1456 0400
1458 0400
1459 0400
1460 0400
1461 0400
1462 0400
1463 0400
1464 4000
1467 0400
1468 0400
1469 0004
1470 0400
1472 0400
1474 0400
1475 0400
1476 0040
1477 0400
1478 0400
1479 0400
1481 0400
1482 0002
1483 0001
1484 0400
1485 0400
1486 0800
1487 0400
1488 0400
1489 0400
1490 2000
1491 0400
1492 0400
1493 0400
1494 0400
1495 0400
1496 2000
1497 0020
1498 0400
1499 2000
1500 0400
1501 0400
1503 0400
1504 0400
1505 0400
1506 0400
1507 0400
1508 0400
1509 0400
1510 0400
1511 0100
1512 0400
1513 0400
1514 0400
1515 0400
1516 0400
1517 0400
1518 0400
1519 0400
1520 0020
1521 0400
1522 0400
1524 0400
1525 0400
1526 0400
1527 0400
1528 0400
1529 0400
1530 0400
1531 0400
1532 0008
1533 0400
1534 0001
1535 0400
1536 0200
1537 0200
1538 0200
1539 0200
1540 4000
1541 0200
1544 8000
1545 8000
1546 4000
1547 0200
1548 0200
1549 0200
1550 0200
1551 0200
1552 0200
1553 0200
1554 0200
1555 0200
1556 0200
1557 0200
1558 0200
1559 0200
1560 0200
1561 0200
1562 0200
1563 0200
1564 0200
1565 0200
1566 0200
1567 0100
1568 0010
1569 0200
1570 1000
1571 0040
1572 0200
1573 0200
1574 0008
1575 0200
1576 0001
1577 0008
1578 0200
1579 0200
1580 0200
1581 0200
1582 0200
1583 0200
1584 0200
1585 0200
1586 0200
1587 0200
1588 0010
1589 0200
1590 0800
1591 0200
1592 0200
1593 0200
1595 0200
1596 0200
1598 0200
1599 0200
1601 0002
1605 0200
1606 0200
1607 0200
1608 0200
1609 0200
1611 0200
1612 0200
1613 0080
1614 0100
1615 0200
1617 0200
1619 0200
1620 0040
1621 0200
1622 0200
1623 0200
1624 0040
1625 0200
1626 0200
1628 0200
1629 0200
1630 0200
1631 4000
1632 8000
1633 0200
1634 0200
1635 0200
1636 0200
1637 0020
1638 0200
1639 0200
1640 4000
1641 0200
1643 0200
1644 0200
1645 0200
1646 0200
1647 0200
1648 0200
1649 0200
1650 0200
1651 0200
1652 0200
1653 0200
1654 0200
1655 0010
1656 0200
1657 0200
1658 0200
1659 0200
1660 0200
1662 0200
1663 0200
1664 0100
1665 0100
1666 0100
1667 0100
1668 0100
1669 0100
1670 0100
1671 0100
1672 0010
1673 0100
1674 0100
1675 0008
1676 0100
1677 0100
1678 4000
1679 0008
1680 0100
1681 0100
1683 0001
1685 0100
1686 1000
1688 0100
1689 0100
1690 0100
1691 0100
1692 0100
1693 0100
1694 0100
1695 0100
1696 0100
1697 0100
1698 1000
1699 0400
1700 0100
1701 0100
1702 0100
1703 0100
1704 0100
1705 0100
1706 0100
1708 0100
1709 0100
1710 0100
1712 0100
1713 0100
1714 0100
1715 0100
1716 0100
1718 0002
1719 0100
1720 0100
1721 0100
1722 0100
1724 0100
1725 0100
1726 0100
1728 0100
1729 0002
1731 0100
1732 0100
1733 0100
1734 0100
1737 4000
1738 0010
1740 0100
1741 1000
1742 4000
1743 0400
1744 0100
1745 0100
1746 0004
1747 0100
1748 0008
1749 0100
1750 0100
1751 0100
1752 0100
1753 0100
1754 0100
1755 0100
1756 0100
1757 0100
1759 0100
1761 0100
1762 0004
1763 0100
1764 0020
1766 0100
1767 0100
1768 0100
1769 0800
1770 0100
1771 0100
1772 0100
1773 0002
1774 0100
1775 0004
1776 0080
1777 0100
1778 0100
1779 1000
1780 1000
1781 0100
1782 0100
1785 0100
1786 0100
1788 0100
1789 0100
1790 0100
1791 0100
1793 0080
1794 0080
1795 0080
1796 0080
1798 1000
1799 0080
1800 0080
1801 0080
1802 0080
1803 0080
1805 0010
1806 0080
1807 0080
1808 0080
1809 0004
1810 0080
1811 2000
1812 0040
1814 0080
1815 1000
1816 0080
1817 0080
1818 0080
1820 0080
1821 0080
1822 0080
1823 0020
1824 0080
1825 0080
1826 0080
1828 0080
1829 4000
1830 0080
1831 0800
1832 0080
1833 0080
1835 0080
1836 0080
1837 0080
1838 1000
1839 0002
1840 0080
1843 0080
1844 0080
1845 0200
1846 0080
1847 0002
1848 0400
1850 0080
1851 0080
1852 0080
1853 0080
1855 0080
1856 0080
1857 0080
1858 0080
1859 0080
1860 0080
1861 1000
1862 0080
1865 0080
1866 0080
1868 0100
1869 0080
1870 0080
1871 0080
1873 0080
1874 0100
1875 0080
1876 0080
1877 0080
1878 0080
1879 0080
1880 0080
1881 0080
1882 0080
1883 1000
1884 0080
1886 0080
1887 0080
1888 0080
1889 8000
1890 2000
1891 0080
1892 0080
1893 4000
1894 0080
1895 0080
1896 0080
1897 0080
1898 0080
1899 0080
1900 0080
1901 0080
1902 0080
1903 0080
1904 0080
1906 0080
1907 0020
1909 0080
1910 0080
1911 0002
1912 0008
1913 0080
1914 0080
1916 0080
1919 0800
1920 0040
1921 0400
1922 0040
1924 0040
1926 0040
1927 0040
1928 0040
1929 0040
1930 0040
1931 0040
1932 0100
1936 0040
1937 0008
1938 0040
1939 0040
1940 0040
1941 0040
1942 0040
1943 0001
1944 0040
1945 0002
1947 0080
1948 0010
1949 0100
1950 0040
1952 0040
1953 4000
1954 0040
1955 0040
1956 0080
1957 0001
1958 0040
1959 0010
1960 0400
1961 0040
1962 0040
1963 0040
1964 0010
1965 0040
1966 0040
1967 0040
1968 0040
1969 0040
1970 0040
1971 0040
1972 0040
1973 0040
1974 0040
1975 0040
1976 0040
1977 0040
1978 0200
1979 0040
1980 0040
1981 0010
1982 0040
1983 0040
1984 0040
1985 0040
1986 0040
1987 0040
1988 0040
1989 0040
1990 0040
1991 0040
1992 0040
1995 0040
1996 0040
1997 0040
1998 0040
1999 0040
2000 0800
2002 0040
2003 0040
2004 4000
2005 0040
2007 2000
2008 0040
2009 0040
2010 0040
2011 0040
2012 0040
2013 0040
2014 0040
2015 0040
2016 0040
2017 0040
2018 0008
2019 0040
2020 0040
2022 0010
2023 0040
2024 4000
2025 0020
2026 0040
2027 0040
2028 0001
2029 0040
2030 0040
2031 2000
2032 0040
2033 0040
2034 0040
2035 0040
2036 0040
2037 0040
2038 0040
2039 0040
2040 0040
2041 4000
2042 0200
2043 0040
2044 0040
2045 1000
2046 1000
2047 0040
