1 0003
9 0005
17 0009
25 0011
33 0021
41 0041
49 0081
57 0101
65 0201
73 0401
81 0801
89 1001
97 2001
105 4001
113 8001
121 0006
129 000a
137 0012
145 0022
153 0042
161 0082
169 0102
177 0202
185 0402
193 0802
201 1002
209 2002
217 4002
225 8002
233 000c
241 0014
249 0024
257 0044
265 0084
273 0104
281 0204
289 0404
297 0804
305 1004
313 2004
321 4004
329 8004
337 0018
345 0028
353 0048
361 0088
369 0108
377 0208
385 0408
393 0808
401 1008
409 2008
417 4008
425 8008
433 0030
441 0050
449 0090
457 0110
465 0210
473 0410
481 0810
489 1010
497 2010
505 4010
513 8010
521 0060
529 00a0
537 0120
545 0220
553 0420
561 0820
569 1020
577 2020
585 4020
593 8020
601 00c0
609 0140
617 0240
625 0440
633 0840
641 1040
649 2040
657 4040
665 8040
673 0180
681 0280
689 0480
697 0880
705 1080
713 2080
721 4080
729 8080
737 0300
745 0500
753 0900
761 1100
769 2100
777 4100
785 8100
793 0600
801 0a00
809 1200
817 2200
825 4200
833 8200
841 0c00
849 1400
857 2400
865 4400
873 8400
881 1800
889 2800
897 4800
905 8800
913 3000
921 5000
929 9000
937 6000
945 a000
953 c000
961 0003
969 0005
977 0009
985 0011
993 0021
1001 0041
1009 0081
1017 0101
1025 0201
1033 0401
1041 0801
1049 1001
1057 2001
1065 4001
1073 8001
1081 0006
1089 000a
1097 0012
1105 0022
1113 0042
1121 0082
1129 0102
1137 0202
1145 0402
1153 0802
1161 1002
1169 2002
1177 4002
1185 8002
1193 000c
1201 0014
1209 0024
1217 0044
1225 0084
1233 0104
1241 0204
1249 0404
1257 0804
1265 1004
1273 2004
1281 4004
1289 8004
1297 0018
1305 0028
1313 0048
1321 0088
1329 0108
1337 0208
1345 0408
1353 0808
1361 1008
1369 2008
1377 4008
1385 8008
1393 0030
1401 0050
1409 0090
1417 0110
1425 0210
1433 0410
1441 0810
1449 1010
1457 2010
1465 4010
1473 8010
1481 0060
1489 00a0
1497 0120
1505 0220
1513 0420
1521 0820
1529 1020
1537 2020
1545 4020
1553 8020
1561 00c0
1569 0140
1577 0240
1585 0440
1593 0840
1601 1040
1609 2040
1617 4040
1625 8040
1633 0180
1641 0280
1649 0480
1657 0880
1665 1080
1673 2080
1681 4080
1689 8080
1697 0300
1705 0500
1713 0900
1721 1100
1729 2100
1737 4100
1745 8100
1753 0600
1761 0a00
1769 1200
1777 2200
1785 4200
1793 8200
1801 0c00
1809 1400
1817 2400
1825 4400
1833 8400
1841 1800
1849 2800
1857 4800
1865 8800
1873 3000
1881 5000
1889 9000
1897 6000
1905 a000
1913 c000
