1 0108
9 2008
17 000c
25 0088
33 1008
41 000a
49 0048
57 0808
65 0009
73 0028
81 0408
89 8008
97 0018
105 0208
113 4008
121 2100
129 0104
137 0180
145 1100
153 0102
161 0140
169 0900
177 0101
185 0120
193 0500
201 8100
209 0110
217 0300
225 4100
233 2004
241 2080
249 3000
257 2002
265 2040
273 2800
281 2001
289 2020
297 2400
305 a000
313 2010
321 2200
329 6000
337 0084
345 1004
353 0006
361 0044
369 0804
377 0005
385 0024
393 0404
401 8004
409 0014
417 0204
425 4004
433 1080
441 0082
449 00c0
457 0880
465 0081
473 00a0
481 0480
489 8080
497 0090
505 0280
513 4080
521 1002
529 1040
537 1800
545 1001
553 1020
561 1400
569 9000
577 1010
585 1200
593 5000
601 0042
609 0802
617 0003
625 0022
633 0402
641 8002
649 0012
657 0202
665 4002
673 0840
681 0041
689 0060
697 0440
705 8040
713 0050
721 0240
729 4040
737 0801
745 0820
753 0c00
761 8800
769 0810
777 0a00
785 4800
793 0021
801 0401
809 8001
817 0011
825 0201
833 4001
841 0420
849 8020
857 0030
865 0220
873 4020
881 8400
889 0410
897 0600
905 4400
913 8010
921 8200
929 c000
937 0210
945 4010
953 4200
961 0108
969 2008
977 000c
985 0088
993 1008
1001 000a
1009 0048
1017 0808
1025 0009
1033 0028
1041 0408
1049 8008
1057 0018
1065 0208
1073 4008
1081 2100
1089 0104
1097 0180
1105 1100
1113 0102
1121 0140
1129 0900
1137 0101
1145 0120
1153 0500
1161 8100
1169 0110
1177 0300
1185 4100
1193 2004
1201 2080
1209 3000
1217 2002
1225 2040
1233 2800
1241 2001
1249 2020
1257 2400
1265 a000
1273 2010
1281 2200
1289 6000
1297 0084
1305 1004
1313 0006
1321 0044
1329 0804
1337 0005
1345 0024
1353 0404
1361 8004
1369 0014
1377 0204
1385 4004
1393 1080
1401 0082
1409 00c0
1417 0880
1425 0081
1433 00a0
1441 0480
1449 8080
1457 0090
1465 0280
1473 4080
1481 1002
1489 1040
1497 1800
1505 1001
1513 1020
1521 1400
1529 9000
1537 1010
1545 1200
1553 5000
1561 0042
1569 0802
1577 0003
1585 0022
1593 0402
1601 8002
1609 0012
1617 0202
1625 4002
1633 0840
1641 0041
1649 0060
1657 0440
1665 8040
1673 0050
1681 0240
1689 4040
1697 0801
1705 0820
1713 0c00
1721 8800
1729 0810
1737 0a00
1745 4800
1753 0021
1761 0401
1769 8001
1777 0011
1785 0201
1793 4001
1801 0420
1809 8020
1817 0030
1825 0220
1833 4020
1841 8400
1849 0410
1857 0600
1865 4400
1873 8010
1881 8200
1889 c000
1897 0210
1905 4010
1913 4200
