3 1000
21 8000
29 0100
38 0040
44 0200
51 0002
63 8000
69 2000
74 0020
75 0001
76 0100
81 0400
83 0200
89 0040
92 1000
95 1000
111 0008
131 0004
136 0002
137 0001
150 0200
154 0400
172 0004
182 0040
188 0200
191 0040
194 0002
195 0001
196 0200
222 0002
227 8000
239 0004
244 0400
251 2000
252 0002
258 0100
263 2000
277 8000
278 8000
279 0400
335 4000
344 0020
365 0004
369 1000
408 0200
410 2000
412 0800
431 4000
441 0800
443 4000
450 0200
451 4000
452 0002
458 0080
468 0400
479 0040
499 0002
502 2000
507 4000
512 8000
518 0040
526 0004
536 0040
537 0008
541 0040
548 4000
549 0200
555 0400
565 0200
567 0400
575 0020
578 0002
582 0200
598 0800
606 0002
622 4000
627 0004
636 0800
639 0400
642 0020
650 0001
651 0002
655 0002
664 8000
677 0010
679 0020
690 1000
698 0200
712 0002
719 0400
727 8000
735 0400
745 1000
746 0040
763 0004
785 0040
787 0010
805 0080
812 0008
831 0020
834 0200
837 0800
838 0040
867 0002
875 0020
876 1000
892 0800
927 0080
930 0004
942 8000
957 0008
958 0400
960 4000
973 0800
975 0400
981 0100
990 2000
994 1000
1008 0080
1012 1000
1023 2000
1024 1000
1025 1000
1026 4000
1027 0008
1028 0100
1029 1000
1030 0020
1031 4000
1032 0200
1033 0001
1034 0004
1035 0080
1036 0002
1037 0040
1038 0010
1040 0008
1041 0040
1043 0100
1044 8000
1045 0004
1046 1000
1047 0002
1048 0100
1049 8000
1050 0020
1051 0010
1052 0001
1053 0004
1054 0080
1055 0400
1056 0020
1057 0200
1058 0800
1059 0020
1060 0200
1061 0200
1062 0002
1063 4000
1064 0400
1065 0200
1066 0008
1067 4000
1068 0008
1069 0400
1070 0200
1071 8000
1072 0400
1073 0020
1074 0010
1075 0400
1076 0004
1077 0002
1078 0001
1079 0040
1080 0001
1081 8000
1082 0100
1083 0002
1084 2000
1085 0200
1086 0002
1087 0004
1088 0800
1089 0100
1090 4000
1091 0400
1092 8000
1093 0010
1094 0400
1095 0001
1096 0800
1097 8000
1098 0200
1099 0800
1100 0008
1101 0002
1102 0040
1103 0010
1104 0020
1105 1000
1106 0001
1107 8000
1108 0004
1109 4000
1110 0004
1111 0800
1112 0080
1113 0200
1114 0008
1115 0008
1116 0200
1117 0008
1118 0080
1119 0020
1120 0040
1121 8000
1123 0400
1124 4000
1125 0020
1126 4000
1127 0008
1128 0002
1129 0200
1130 0001
1131 8000
1132 0080
1134 0020
1135 0080
1136 0020
1138 0100
1140 0002
1141 0200
1142 0200
1143 0100
1144 2000
1147 4000
1149 0080
1150 0020
1151 0400
1152 0001
1153 0200
1154 2000
1155 0400
1156 0800
1158 0010
1160 0008
1161 0002
1162 2000
1163 0040
1164 0040
1165 0010
1166 0100
1168 1000
1169 0002
1170 0020
1172 0001
1173 0004
1175 0020
1176 2000
1177 2000
1178 0002
1179 1000
1180 0001
1181 0020
1182 0004
1183 0080
1184 2000
1185 4000
1187 0004
1188 4000
1189 0008
1190 0008
1191 0800
1192 0004
1194 0100
1195 0001
1196 0040
1197 0008
1198 0040
1199 2000
1200 0800
1201 2000
1202 0002
1203 0040
1204 0200
1205 0004
1206 8000
1207 0020
1208 0002
1209 0002
1211 0002
1212 0080
1213 8000
1215 0008
1216 0001
1217 1000
1218 0004
1219 1000
1220 0100
1221 0400
1222 0800
1223 2000
1225 4000
1226 1000
1227 2000
1228 0100
1229 0080
1230 0100
1233 0800
1234 0004
1235 0002
1236 0020
1237 8000
1238 1000
1240 0800
1241 0001
1242 0080
1243 0200
1244 0010
1245 1000
1246 0040
1247 4000
1248 4000
1249 0008
1250 2000
1251 0008
1252 0080
1253 8000
1254 1000
1255 8000
1256 0800
1257 0001
1258 0010
1259 0040
1260 0100
1261 0200
1262 0800
1264 2000
1265 0010
1266 8000
1268 0020
1269 0040
1271 0002
1272 0002
1273 2000
1274 0001
1275 4000
1276 4000
1277 8000
1278 0080
1280 2000
1281 0400
1282 0004
1283 0001
1284 0008
1285 0002
1286 0100
1287 1000
1288 0002
1289 0020
1290 8000
1291 0001
1293 0008
1295 0800
1296 0800
1297 4000
1298 0080
1299 0010
1300 1000
1301 0020
1302 8000
1303 0800
1304 0004
1305 0100
1306 0800
1307 0400
1308 2000
1309 0020
1310 0002
1313 0040
1314 4000
1315 0800
1316 0001
1318 0200
1319 0100
1320 0008
1321 0010
1322 0040
1323 0020
1324 8000
1325 8000
1326 0002
1329 0040
1330 0020
1331 0080
1332 0200
1333 1000
1334 0008
1335 0800
1336 0400
1337 0200
1338 0010
1339 0200
1340 0001
1341 0080
1342 0020
1344 4000
1345 0004
1346 1000
1347 0008
1348 0800
1349 0001
1350 0100
1351 0010
1352 8000
1353 0200
1354 0080
1355 0002
1356 0001
1357 2000
1358 0002
1359 0200
1360 0004
1361 0020
1362 0800
1363 2000
1364 2000
1365 0004
1366 0010
1367 0002
1368 0004
1369 0800
1370 0080
1371 2000
1372 2000
1373 0080
1374 4000
1376 4000
1377 0020
1378 0400
1379 0100
1380 0004
1381 2000
1382 0400
1384 0008
1385 8000
1386 0004
1387 0100
1388 0400
1389 0800
1390 1000
1391 0004
1392 0400
1393 0400
1394 1000
1395 0004
1397 0100
1398 0080
1399 0008
1400 0080
1401 0200
1402 0020
1404 0020
1405 0004
1406 0080
1408 0800
1409 0004
1410 0004
1411 0004
1412 0100
1413 0010
1414 0002
1415 2000
1417 0080
1418 0002
1419 0001
1420 0400
1421 0010
1422 0004
1423 0001
1424 0002
1425 1000
1426 0001
1427 0200
1428 0008
1430 0080
1431 0800
1432 0040
1433 0080
1434 0001
1435 0400
1436 0008
1437 0800
1439 4000
1440 0010
1441 0010
1442 0010
1443 0040
1444 0001
1445 4000
1446 0004
1447 2000
1448 0100
1449 0010
1450 0004
1451 0020
1452 0080
1453 0001
1454 0100
1455 0100
1456 0200
1457 4000
1458 0020
1459 0400
1460 4000
1462 0002
1463 4000
1464 0100
1465 0040
1466 0400
1467 0100
1468 0020
1469 0100
1470 0080
1471 0080
1472 0080
1473 0200
1474 0002
1475 0004
1476 0002
1477 0100
1478 0020
1479 0004
1481 0001
1482 0800
1483 0001
1484 0020
1485 0400
1486 8000
1487 0001
1488 0010
1489 0100
1490 0040
1492 1000
1494 0080
1495 2000
1496 1000
1498 2000
1499 0080
1500 0100
1501 0001
1502 0100
1503 0040
1504 0002
1505 0200
1506 4000
1508 4000
1509 0800
1510 0020
1511 0010
1513 0008
1514 0008
1515 0004
1516 0002
1517 1000
1518 0008
1520 0100
1521 0100
1522 0002
1523 0200
1524 0010
1525 0010
1526 0080
1527 8000
1528 0002
1529 0008
1530 0020
1531 0200
1532 8000
1534 0008
1535 0040
1536 0008
1537 0040
1539 0001
1540 0008
1541 0040
1542 0100
1543 1000
1544 0010
1545 0040
1546 0200
1547 0800
1548 4000
1549 0200
1550 0100
1551 0008
1552 0010
1553 0001
1554 0800
1555 4000
1556 0002
1557 1000
1558 0040
1559 4000
1560 8000
1561 8000
1562 8000
1563 8000
1564 0040
1565 0004
1566 0002
1567 0100
1568 0200
1569 0002
1571 0040
1572 0800
1573 0001
1575 0080
1576 0080
1579 0001
1581 0080
1582 0800
1583 0400
1584 0002
1585 0010
1587 0200
1588 0100
1590 4000
1591 4000
1592 0010
1593 0200
1594 0400
1595 1000
1596 0008
1597 0080
1598 0002
1599 0002
1600 0080
1602 0200
1603 0008
1605 0004
1606 0040
1607 0400
1608 0040
1609 1000
1610 8000
1611 0008
1612 0004
1613 0800
1614 8000
1617 0002
1618 8000
1619 0080
1620 4000
1621 0800
1622 1000
1623 0100
1624 0100
1625 0008
1626 8000
1627 0080
1628 0008
1629 0800
1630 0200
1631 0001
1632 0004
1633 0004
1634 0800
1635 0040
1636 0020
1637 0008
1638 0200
1639 0008
1640 0200
1641 0800
1642 0008
1643 0040
1644 0800
1645 4000
1646 0008
1647 0400
1648 0001
1650 0200
1651 0010
1653 4000
1654 0080
1656 8000
1657 0200
1658 8000
1659 0004
1660 0004
1661 0001
1662 0004
1663 1000
1664 0020
1665 0001
1666 0010
1667 8000
1668 0004
1669 0001
1670 0080
1671 0010
1672 0040
1673 0040
1674 0040
1675 8000
1676 0002
1678 1000
1679 1000
1680 0002
1681 0040
1682 0400
1683 0010
1684 2000
1685 0080
1686 2000
1687 1000
1688 0008
1689 2000
1690 0400
1691 1000
1692 1000
1693 0200
1694 4000
1695 0001
1696 0010
1697 0004
1698 0200
1699 0800
1700 8000
1702 0200
1703 2000
1704 0080
1705 1000
1706 2000
1707 0002
1708 0200
1709 0002
1711 0002
1712 0800
1713 0800
1714 0080
1715 0080
1716 0004
1717 4000
1718 0004
1719 0400
1720 2000
1721 0020
1722 0010
1723 0010
1724 1000
1725 0020
1726 0200
1727 0400
1728 0200
1729 0004
1730 0400
1731 0008
1732 0001
1733 0008
1735 1000
1736 0004
1737 1000
1738 2000
1739 8000
1740 8000
1741 2000
1742 4000
1743 0080
1744 0400
1745 0020
1746 0010
1747 1000
1748 0001
1749 2000
1750 0020
1751 0400
1752 0800
1753 0004
1754 1000
1756 0020
1757 0004
1758 8000
1759 0001
1760 2000
1761 8000
1762 1000
1763 8000
1765 0400
1767 0020
1768 0200
1770 0200
1771 0400
1772 0400
1773 4000
1774 0001
1775 1000
1776 0800
1777 0008
1778 0010
1779 0400
1780 0010
1781 0004
1782 0010
1783 4000
1784 0040
1786 0800
1787 0080
1788 0001
1789 8000
1792 0004
1793 2000
1794 0200
1795 0400
1796 0080
1797 0010
1798 0008
1799 1000
1800 0002
1801 0020
1802 8000
1803 0008
1804 4000
1805 0800
1806 0200
1807 1000
1808 0001
1809 0800
1810 0002
1811 0200
1812 4000
1813 1000
1814 0004
1815 0020
1816 0800
1817 0008
1819 4000
1820 0002
1821 0200
1822 0004
1823 4000
1824 0800
1826 0100
1827 0200
1828 0004
1829 4000
1830 1000
1831 0020
1832 0080
1834 0200
1835 0080
1836 0040
1838 0008
1839 0100
1840 0400
1841 0010
1843 0800
1844 0040
1845 0100
1847 0001
1848 0080
1849 0100
1850 0040
1851 0100
1852 0008
1853 0400
1854 8000
1855 0100
1856 4000
1857 8000
1858 0040
1859 0008
1860 1000
1861 0004
1862 0800
1863 0010
1864 0040
1865 0400
1866 0004
1867 0800
1868 0008
1869 0002
1870 0400
1871 0020
1873 0010
1874 0040
1875 0200
1876 0002
1877 0100
1878 0400
1879 8000
1881 0001
1882 4000
1883 1000
1884 1000
1885 0400
1886 0800
1887 0200
1888 0010
1890 0010
1891 0010
1892 4000
1893 1000
1894 0010
1895 0100
1896 0010
1897 0040
1898 2000
1899 0080
1900 8000
1901 0008
1902 0020
1903 0400
1904 0400
1905 4000
1906 8000
1907 0200
1908 0100
1909 2000
1910 0800
1912 8000
1913 0100
1914 2000
1916 0010
1917 4000
1918 0002
1920 0020
1921 2000
1922 0010
1924 0080
1925 4000
1926 0010
1927 0002
1930 0001
1931 8000
1932 0040
1933 0020
1934 4000
1935 0200
1936 0100
1937 0004
1938 0001
1939 0008
1941 0400
1942 2000
1943 0080
1944 0002
1945 0400
1946 0008
1947 2000
1949 0008
1950 0002
1951 0010
1952 0010
1955 2000
1956 0100
1957 0200
1958 0004
1959 0080
1960 0040
1962 0004
1963 8000
1965 0040
1966 0002
1967 2000
1968 0008
1969 0001
1970 0040
1971 1000
1972 8000
1973 8000
1974 4000
1975 2000
1976 0100
1977 0004
1978 0002
1979 1000
1980 0010
1981 4000
1982 0400
1983 4000
1984 0008
1986 1000
1987 0010
1988 0040
1989 0008
1990 0040
1991 0040
1992 0040
1993 4000
1994 0008
1995 0001
1996 0008
1997 0004
1998 0100
1999 2000
2001 0002
2002 0100
2003 0001
2004 0020
2006 0200
2007 0004
2008 0001
2009 0080
2010 0020
2012 0200
2013 1000
2015 0004
2017 0001
2018 0080
2019 0400
2020 0010
2021 0004
2022 0080
2023 8000
2025 0001
2027 0008
2028 0100
2029 0010
2030 0010
2031 0080
2032 0004
2033 0400
2034 0080
2035 0004
2036 8000
2037 0008
2038 0020
2039 0800
2040 2000
2041 0800
2042 0100
2043 0080
2044 0400
2045 0010
2046 2000
2047 0100
2048 4080
2049 0012
2050 0090
2051 9000
2052 0048
2053 c000
2054 4080
2055 0005
2056 2800
2057 8800
2058 0009
2059 4008
2060 0006
2061 4010
2062 0082
2063 1800
2064 8010
2065 0810
2066 0880
2067 0022
2068 4800
2069 0041
2070 0204
2071 1010
2072 0180
2073 0009
2074 4020
2075 0140
2076 0880
2077 0a00
2078 0120
2079 1200
2080 1004
2081 2004
2082 2001
2083 0140
2084 0808
2085 00c0
2086 0300
2087 0840
2088 4200
2089 9000
2090 0120
2091 0084
2092 1008
2093 0801
2094 1080
2095 1100
2096 0440
2097 2004
2098 0101
2099 0022
2100 0011
2101 00c0
2102 8010
2103 0009
2104 0500
2105 0101
2106 a000
2107 0003
2108 2002
2109 1100
2110 5000
2111 0102
2112 1020
2113 0401
2114 0090
2115 0202
2116 8200
2117 1001
2118 c000
2119 0820
2120 8100
2121 0048
2122 0041
2123 0808
2124 8020
2125 1400
2126 0810
2127 00c0
2128 4040
2129 4100
2130 0600
2131 0060
2132 0018
2133 0011
2134 0280
2135 2020
2136 4800
2137 0300
2138 8020
2139 1001
2140 0041
2141 8200
2142 2800
2143 0018
2144 4080
2145 1400
2146 2800
2147 8020
2148 3000
2149 0220
2150 1020
2151 1001
2152 1001
2153 2002
2154 0006
2155 0009
2156 0014
2157 0420
2158 4800
2159 0404
2160 1080
2161 0108
2162 4002
2163 4004
2164 0280
2165 0408
2166 2020
2167 6000
2168 1002
2169 0c00
2170 8008
2171 1004
2172 000c
2173 2008
2174 000a
2175 0208
2176 8008
2177 8010
2178 1400
2179 1400
2180 0600
2181 0480
2182 0101
2183 2020
2184 4800
2185 0050
2186 0024
2187 4008
2188 0084
2189 c000
2190 0840
2191 0201
2192 0044
2193 0042
2194 4080
2195 0820
2196 0500
2197 8020
2198 0410
2199 8400
2200 0408
2201 0210
2202 0044
2203 4080
2204 6000
2205 000a
2206 0404
2207 1100
2208 0202
2209 0082
2210 0600
2211 8001
2212 0022
2213 2200
2214 2004
2215 6000
2216 0120
2217 0480
2218 4400
2219 0280
2220 0180
2221 0104
2222 2010
2223 2800
2224 8004
2225 0012
2226 3000
2227 8020
2228 1080
2229 0401
2230 6000
2231 0208
2232 1080
2233 0240
2234 8800
2235 0024
2236 0090
2237 0880
2238 0108
2239 2004
2240 0201
2241 0088
2242 0021
2243 4010
2244 2080
2245 4010
2246 6000
2247 2008
2248 8020
2249 8040
2250 0408
2251 2010
2252 0041
2253 2800
2254 8400
2255 00c0
2256 4004
2257 8400
2258 a000
2259 8020
2260 0280
2261 0104
2262 8040
2263 2010
2264 4400
2265 1020
2266 1100
2267 0084
2268 8002
2269 0600
2270 0028
2271 8800
2272 0c00
2273 0a00
2274 1400
2275 2001
2276 0101
2277 8800
2278 2080
2279 1100
2280 4200
2281 2080
2282 0240
2283 0048
2284 1002
2285 4100
2286 8400
2287 0090
2288 2020
2289 0880
2290 4010
2291 0840
2292 8002
2293 0110
2294 0042
2295 0410
2296 4002
2297 8008
2298 0088
2299 2800
2300 0802
2301 0500
2302 0804
2303 0180
2304 1080
2305 0012
2306 1008
2307 0410
2308 1040
2309 0204
2310 0440
2311 0600
2312 0808
2313 1001
2314 0808
2315 1040
2316 8010
2317 0300
2318 0082
2319 0042
2320 a000
2321 000a
2322 8001
2323 1100
2324 0042
2325 0005
2326 4040
2327 0820
2328 0042
2329 2002
2330 0018
2331 4004
2332 0180
2333 1020
2334 0044
2335 0500
2336 0810
2337 8020
2338 8400
2339 0088
2340 0220
2341 0204
2342 0009
2343 8200
2344 1001
2345 6000
2346 6000
2347 0041
2348 0880
2349 0102
2350 1800
2351 1002
2352 0018
2353 2080
2354 8001
2355 4008
2356 0220
2357 0600
2358 0101
2359 1040
2360 8400
2361 0204
2362 0c00
2363 0802
2364 0022
2365 2800
2366 8001
2367 0050
2368 4200
2369 0900
2370 00a0
2371 0011
2372 0082
2373 0006
2374 0480
2375 0028
2376 1080
2377 0042
2378 2400
2379 1100
2380 0022
2381 1004
2382 0440
2383 0022
2384 0005
2385 0500
2386 0440
2387 0140
2388 1080
2389 2800
2390 0120
2391 0003
2392 4100
2393 0201
2394 4002
2395 0014
2396 0810
2397 0802
2398 0180
2399 0042
2400 0104
2401 0030
2402 4004
2403 2800
2404 0900
2405 0102
2406 4008
2407 4020
2408 1200
2409 0018
2410 2020
2411 4080
2412 0600
2413 0c00
2414 0030
2415 0804
2416 0003
2417 2001
2418 1008
2419 2002
2420 00a0
2421 0808
2422 8008
2423 4040
2424 0084
2425 0042
2426 4002
2427 0280
2428 1200
2429 8020
2430 0011
2431 5000
2432 1100
2433 0401
2434 0500
2435 5000
2436 0401
2437 0024
2438 000c
2439 2200
2440 0012
2441 0401
2442 0402
2443 0480
2444 0084
2445 0600
2446 0041
2447 0060
2448 1080
2449 0108
2450 0110
2451 0030
2452 1020
2453 1004
2454 0090
2455 4080
2456 8020
2457 0804
2458 0402
2459 0810
2460 5000
2461 0012
2462 2008
2463 0090
2464 000c
2465 8002
2466 8080
2467 0082
2468 0220
2469 00a0
2470 5000
2471 000a
2472 0101
2473 0240
2474 0081
2475 4001
2476 1400
2477 1400
2478 0810
2479 0201
2480 0a00
2481 6000
2482 0c00
2483 8400
2484 0140
2485 0009
2486 0810
2487 0900
2488 8004
2489 1001
2490 0201
2491 2004
2492 0021
2493 0c00
2494 0088
2495 0005
2496 0048
2497 1004
2498 3000
2499 0090
2500 4080
2501 2008
2502 0081
2503 c000
2504 0044
2505 4080
2506 8800
2507 4040
2508 0060
2509 0018
2510 0202
2511 8002
2512 0880
2513 2800
2514 0810
2515 0012
2516 2004
2517 0030
2518 2004
2519 0102
2520 4010
2521 0044
2522 0018
2523 1080
2524 0104
2525 4800
2526 0110
2527 0050
2528 2004
2529 2080
2530 0042
2531 0210
2532 2002
2533 4100
2534 0840
2535 0410
2536 5000
2537 8004
2538 2800
2539 0021
2540 0102
2541 2004
2542 4040
2543 2080
2544 2004
2545 0081
2546 0101
2547 8800
2548 0220
2549 0009
2550 0480
2551 0202
2552 2200
2553 2800
2554 0060
2555 1008
2556 0018
2557 0104
2558 0104
2559 1001
2560 0220
2561 0012
2562 0048
2563 1020
2564 0440
2565 0081
2566 1010
2567 4020
2568 0088
2569 0820
2570 0480
2571 0009
2572 0600
2573 0044
2574 0108
2575 0022
2576 1800
2577 1010
2578 0810
2579 4080
2580 2001
2581 6000
2582 9000
2583 0204
2584 8020
2585 1004
2586 0044
2587 00a0
2588 0082
2589 1400
2590 0082
2591 0804
2592 0084
2593 8400
2594 2100
2595 8080
2596 0084
2597 2800
2598 0410
2599 2400
2600 00c0
2601 0500
2602 0102
2603 0880
2604 8008
2605 8100
2606 0808
2607 0104
2608 0102
2609 0018
2610 2100
2611 0402
2612 0208
2613 1400
2614 1001
2615 00c0
2616 0880
2617 0840
2618 0005
2619 8020
2620 4010
2621 0300
2622 0009
2623 a000
2624 0041
2625 0021
2626 0022
2627 0810
2628 0042
2629 000c
2630 5000
2631 0900
2632 00c0
2633 2008
2634 0480
2635 5000
2636 1080
2637 1004
2638 0804
2639 0060
2640 1004
2641 0011
2642 0090
2643 0804
2644 4800
2645 4004
2646 8100
2647 8001
2648 2002
2649 8040
2650 0420
2651 1002
2652 0022
2653 0041
2654 0300
2655 0024
2656 1800
2657 0600
2658 0101
2659 8200
2660 2100
2661 0500
2662 0044
2663 0044
2664 0410
2665 8001
2666 0005
2667 0440
2668 0220
2669 0408
2670 0204
2671 0104
2672 0060
2673 0041
2674 1040
2675 0101
2676 0500
2677 1010
2678 2010
2679 4080
2680 0003
2681 2002
2682 0018
2683 0280
2684 8008
2685 0210
2686 0880
2687 c000
2688 0050
2689 0401
2690 0011
2691 00a0
2692 0009
2693 0900
2694 2100
2695 0202
2696 2001
2697 1040
2698 0028
2699 0022
2700 0802
2701 0009
2702 0820
2703 1200
2704 1008
2705 0003
2706 1400
2707 8800
2708 0801
2709 0104
2710 0088
2711 0005
2712 6000
2713 2080
2714 0240
2715 0082
2716 5000
2717 8002
2718 0401
2719 0088
2720 0840
2721 0022
2722 0208
2723 0c00
2724 3000
2725 0108
2726 4040
2727 0420
2728 0180
2729 0208
2730 0082
2731 0030
2732 1010
2733 4010
2734 0401
2735 1080
2736 0009
2737 0081
2738 4100
2739 4800
2740 4001
2741 0404
2742 0088
2743 0060
2744 2001
2745 0240
2746 00a0
2747 1200
2748 2040
2749 4020
2750 0900
2751 0022
2752 0810
2753 4100
2754 4010
2755 0028
2756 8080
2757 0024
2758 0280
2759 0280
2760 0600
2761 0084
2762 4800
2763 1100
2764 4002
2765 0420
2766 2002
2767 0204
2768 4004
2769 0050
2770 0480
2771 8080
2772 1080
2773 4001
2774 1008
2775 4010
2776 1800
2777 8004
2778 8100
2779 0410
2780 0024
2781 0050
2782 0060
2783 2008
2784 0480
2785 0012
2786 0280
2787 0208
2788 0804
2789 8008
2790 2400
2791 4004
2792 1080
2793 8800
2794 2020
2795 2200
2796 0a00
2797 0a00
2798 8200
2799 4080
2800 0180
2801 00c0
2802 0410
2803 0600
2804 0082
2805 0018
2806 0201
2807 0108
2808 8080
2809 0300
2810 0900
2811 0204
2812 0404
2813 0101
2814 0880
2815 00a0
2816 0a00
2817 2004
2818 4008
2819 1004
2820 2004
2821 0081
2822 1010
2823 4001
2824 1010
2825 8002
2826 1008
2827 0011
2828 1008
2829 0401
2830 1800
2831 0180
2832 0801
2833 1010
2834 0a00
2835 0500
2836 0401
2837 8004
2838 0005
2839 0044
2840 4002
2841 000a
2842 0208
2843 0102
2844 00c0
2845 0208
2846 8002
2847 0011
2848 8001
2849 1010
2850 2040
2851 4400
2852 4040
2853 0120
2854 4040
2855 8008
2856 2010
2857 8040
2858 0440
2859 4002
2860 4008
2861 4400
2862 9000
2863 8002
2864 1010
2865 0003
2866 8004
2867 0402
2868 0300
2869 4800
2870 0201
2871 1002
2872 0201
2873 a000
2874 1200
2875 0088
2876 8400
2877 4800
2878 0041
2879 2040
2880 2004
2881 0102
2882 0802
2883 0081
2884 0801
2885 0090
2886 0300
2887 0110
2888 8800
2889 1010
2890 0402
2891 0021
2892 0c00
2893 2040
2894 0006
2895 0810
2896 4020
2897 0210
2898 0210
2899 0404
2900 0041
2901 c000
2902 1020
2903 0042
2904 1004
2905 0120
2906 0820
2907 2400
2908 4100
2909 0006
2910 8040
2911 2002
2912 0024
2913 1800
2914 0440
2915 0081
2916 0180
2917 8020
2918 0011
2919 2004
2920 0011
2921 0044
2922 2002
2923 0180
2924 0028
2925 2004
2926 0500
2927 4080
2928 0011
2929 0088
2930 0005
2931 0204
2932 4200
2933 0a00
2934 0009
2935 1001
2936 0840
2937 0208
2938 8002
2939 0021
2940 4800
2941 4400
2942 0120
2943 0048
2944 0410
2945 0410
2946 0012
2947 0101
2948 0880
2949 0084
2950 0108
2951 0101
2952 0022
2953 8080
2954 0018
2955 0012
2956 8100
2957 1008
2958 0028
2959 0202
2960 0102
2961 4004
2962 0204
2963 4040
2964 1080
2965 0120
2966 0480
2967 0028
2968 9000
2969 2010
2970 1400
2971 4400
2972 4002
2973 1080
2974 0500
2975 0041
2976 2100
2977 0108
2978 0880
2979 0048
2980 8001
2981 0102
2982 4008
2983 0005
2984 1800
2985 0021
2986 0280
2987 0090
2988 0009
2989 0022
2990 2040
2991 0028
2992 0280
2993 0201
2994 0030
2995 0c00
2996 1001
2997 8040
2998 0030
2999 9000
3000 0300
3001 4002
3002 0014
3003 0012
3004 0003
3005 0018
3006 4080
3007 4100
3008 8020
3009 4001
3010 0060
3011 4020
3012 8001
3013 0220
3014 0900
3015 4040
3016 0300
3017 0081
3018 000a
3019 0500
3020 0102
3021 8400
3022 0808
3023 0202
3024 4100
3025 0220
3026 2200
3027 8008
3028 0204
3029 4001
3030 2001
3031 8020
3032 2040
3033 0240
3034 2200
3035 4001
3036 2004
3037 0011
3038 c000
3039 0081
3040 0c00
3041 0014
3042 4080
3043 0404
3044 8008
3045 1010
3046 0c00
3047 0018
3048 1001
3049 0006
3050 1080
3051 8002
3052 8100
3053 0018
3054 0802
3055 2008
3056 1800
3057 0014
3058 2004
3059 0210
3060 0804
3061 0048
3062 2008
3063 0003
3064 0810
3065 4004
3066 4001
3067 0420
3068 0140
3069 0042
3070 0410
3071 0014
3072 0001
3092 0004
3098 0200
3103 0400
3104 0080
3113 0200
3120 0001
3123 0200
3127 0010
3132 0080
3137 0080
3138 0010
3139 0001
3153 1000
3176 0400
3183 1000
3185 2000
3188 8000
3197 0004
3198 0020
3209 0040
3220 0400
3234 4000
3235 0200
3251 4000
3269 0200
3271 1000
3285 0001
3294 1000
3306 0020
3310 0200
3314 0002
3316 0002
3344 0100
3345 0020
3350 0080
3364 2000
3390 0040
3406 8000
3416 0200
3426 0002
3440 4000
3462 0200
3465 0008
3477 1000
3510 0001
3524 0020
3525 0200
3527 0040
3557 0001
3568 0040
3580 0400
