26 0400
37 8000
39 0200
40 8000
42 0008
49 0004
55 0200
58 0010
60 0020
68 4000
77 0100
87 0100
93 0020
96 0008
97 4000
107 0020
111 4000
120 0008
127 0800
132 8000
152 0001
161 0080
163 0001
177 0020
189 0080
197 0080
202 1000
204 8000
211 0800
214 0100
217 2000
234 0400
237 0400
241 0004
242 0400
243 1000
256 0200
260 0010
265 0400
273 0001
274 0004
285 0002
288 0080
295 0080
301 0100
303 0002
313 0400
319 1000
320 0002
327 4000
330 0200
334 0100
343 0040
350 0800
357 1000
389 0800
400 0002
405 0200
407 0002
414 0010
417 4000
427 8000
440 8000
445 0001
474 0100
475 4000
476 0010
477 0020
487 0008
496 4000
501 0400
506 0800
518 2000
521 0002
523 0100
524 4000
533 0040
567 0080
576 0020
583 0020
593 0001
599 0800
620 0002
631 0800
632 0100
634 0004
653 0040
654 0400
677 0800
695 1000
705 2000
714 0080
717 0010
723 0100
736 0004
738 0020
756 2000
759 0040
768 0010
769 4000
776 1000
794 0100
807 1000
813 0001
828 2000
832 0040
842 0004
845 0800
846 4000
847 0200
859 0002
867 0004
869 8000
870 8000
876 0080
897 0080
902 4000
908 1000
910 0400
913 0002
914 0008
917 0010
922 0100
924 0010
932 0200
934 0004
946 0040
953 0001
959 0010
960 0010
983 0040
988 8000
992 0400
1000 4000
1014 2000
1017 0040
1018 0040
1019 0800
1024 0010
1026 0010
1027 0001
1028 0200
1029 0100
1030 2000
1031 0200
1032 1000
1033 4000
1035 0800
1036 0100
1037 0004
1038 8000
1040 0004
1041 0400
1043 0200
1044 8000
1045 0002
1047 0001
1048 2000
1049 8000
1050 0001
1051 0002
1052 0004
1053 1000
1054 0008
1055 0040
1056 0008
1057 1000
1058 0200
1059 0008
1060 0002
1062 0001
1063 0004
1065 0008
1066 8000
1068 4000
1069 1000
1070 0200
1071 2000
1072 0400
1073 1000
1074 0200
1075 0800
1076 4000
1078 0002
1079 4000
1080 0080
1081 0040
1082 0001
1083 0004
1084 0020
1085 0080
1086 0400
1087 0800
1088 0002
1089 0020
1090 0400
1091 0002
1092 0100
1093 0200
1094 0001
1095 2000
1096 0004
1097 0020
1098 0002
1099 0008
1100 0040
1101 0002
1102 0400
1103 0080
1104 0040
1105 0080
1106 0400
1107 0040
1108 4000
1109 8000
1110 4000
1111 0040
1112 0040
1113 0001
1114 0010
1115 0008
1116 4000
1117 0040
1118 0002
1119 0010
1120 4000
1121 1000
1122 0020
1123 0002
1124 0008
1125 0002
1126 0004
1127 0100
1128 0080
1129 4000
1130 0080
1131 0001
1132 0010
1133 0400
1134 0002
1135 4000
1136 0100
1137 0020
1138 0080
1139 0020
1140 0040
1141 0020
1142 0080
1143 0002
1144 0001
1145 0080
1146 0080
1147 0001
1148 0020
1149 0004
1150 0004
1151 0200
1152 0004
1153 4000
1154 8000
1155 8000
1156 8000
1157 4000
1158 0080
1159 1000
1160 0002
1161 0002
1162 0800
1163 0001
1164 1000
1165 0008
1166 0008
1167 0010
1168 0020
1169 0100
1170 0100
1172 0002
1173 0100
1174 0080
1175 0100
1176 0001
1177 0001
1178 1000
1180 0010
1181 0004
1182 0040
1183 4000
1186 2000
1187 0010
1188 0008
1189 0020
1190 0004
1191 0001
1192 0008
1193 0800
1194 2000
1196 4000
1197 1000
1198 2000
1199 1000
1200 0020
1201 0200
1202 0200
1203 0200
1204 0400
1205 0002
1206 8000
1207 0080
1208 0800
1209 4000
1211 0800
1212 0020
1213 0200
1214 0200
1215 0001
1216 2000
1217 2000
1218 0100
1219 0010
1222 0800
1223 0080
1224 0002
1225 0200
1226 0020
1227 0004
1228 0010
1229 0800
1230 0800
1231 0400
1232 1000
1233 0200
1234 0800
1235 0002
1236 0020
1237 2000
1238 4000
1239 0400
1240 8000
1241 8000
1242 2000
1243 2000
1245 1000
1246 0100
1247 0800
1248 0200
1249 0001
1250 0002
1251 0080
1252 0020
1253 0004
1255 2000
1256 0008
1257 1000
1258 1000
1259 0080
1260 0001
1261 0040
1262 0400
1263 0200
1264 4000
1265 0400
1266 0010
1267 2000
1268 0020
1269 0100
1270 2000
1272 0400
1273 0004
1274 0008
1275 0200
1276 0002
1277 0020
1278 0200
1280 1000
1281 1000
1282 0200
1283 0800
1284 8000
1285 4000
1286 0080
1287 4000
1288 0080
1289 0002
1290 0200
1291 4000
1292 0001
1293 0200
1295 0040
1296 0400
1297 0400
1298 0800
1300 0080
1301 8000
1302 8000
1303 0004
1305 4000
1306 0100
1307 0400
1308 2000
1309 0200
1310 0800
1311 0008
1312 0001
1313 0040
1314 0001
1315 4000
1316 0080
1317 4000
1318 1000
1320 0080
1321 0002
1322 0020
1323 0100
1324 0010
1325 0400
1326 0010
1327 0200
1328 8000
1329 0080
1330 0008
1331 0400
1332 0004
1333 0001
1335 0040
1336 0008
1337 0004
1338 0400
1339 0100
1340 0200
1341 0002
1342 0001
1343 0002
1345 4000
1346 0001
1348 0002
1350 0080
1351 0001
1352 2000
1353 0004
1354 8000
1356 0200
1357 0080
1358 4000
1359 0800
1360 4000
1361 0040
1362 0008
1363 0080
1364 0100
1365 0100
1366 0008
1368 0001
1370 0200
1371 0008
1372 0080
1374 0040
1375 0002
1376 0200
1377 0004
1378 0800
1379 0001
1380 0002
1381 0400
1382 0100
1383 0008
1384 2000
1385 0400
1387 0004
1388 0020
1389 0001
1390 0080
1391 0200
1392 0002
1393 0001
1394 4000
1395 0080
1396 0200
1397 0004
1398 0400
1399 0400
1400 2000
1401 8000
1402 0400
1403 8000
1404 2000
1405 0002
1406 0010
1407 0800
1408 4000
1409 0040
1410 0800
1411 0080
1412 0001
1413 8000
1414 0080
1415 0080
1416 0020
1417 0010
1418 8000
1419 0400
1420 0800
1421 2000
1422 8000
1423 0040
1424 0010
1425 0200
1426 0008
1427 0800
1428 8000
1429 0040
1430 8000
1431 0004
1433 0008
1434 0001
1435 0400
1436 0100
1437 1000
1438 0020
1439 1000
1440 0008
1441 8000
1442 0400
1443 8000
1444 0800
1445 0400
1446 0010
1447 1000
1448 0400
1449 0002
1450 0080
1451 0040
1452 8000
1453 4000
1454 0001
1455 0004
1456 2000
1457 0080
1458 2000
1459 0400
1460 0100
1461 0100
1462 8000
1463 0004
1464 0400
1465 0002
1466 0400
1467 0001
1468 1000
1470 0040
1471 1000
1472 0004
1473 2000
1474 0002
1475 0002
1476 0100
1477 4000
1478 0001
1479 0004
1480 0080
1482 0100
1483 0400
1484 0200
1485 0100
1486 8000
1487 4000
1488 0200
1489 0100
1490 0020
1491 2000
1492 2000
1493 0004
1494 0004
1495 0800
1496 1000
1497 4000
1498 0400
1499 0800
1500 4000
1501 0040
1502 8000
1503 0080
1504 0004
1506 2000
1507 0040
1508 0040
1509 0002
1510 0100
1511 0020
1512 0001
1513 0010
1514 0800
1515 0001
1516 0010
1517 0020
1518 8000
1519 0080
1521 0080
1522 1000
1523 1000
1524 0200
1525 0040
1526 0080
1527 0040
1529 0002
1530 2000
1531 0100
1532 0008
1533 0040
1534 8000
1535 8000
1536 0010
1537 0800
1538 8000
1539 8000
1540 0400
1542 2000
1543 0002
1544 0002
1545 0020
1547 8000
1548 8000
1549 0100
1550 0200
1551 4000
1553 0008
1554 0200
1555 0100
1556 0020
1557 0400
1558 0004
1559 0100
1560 0100
1561 0400
1563 4000
1564 0004
1565 0008
1566 0002
1567 8000
1568 8000
1570 0008
1571 1000
1572 8000
1573 0800
1574 0400
1575 0010
1576 0080
1577 0400
1578 0002
1579 2000
1582 2000
1583 0008
1584 0004
1585 0400
1586 0010
1587 8000
1588 8000
1589 0004
1590 0020
1591 0040
1592 0800
1594 0008
1595 0800
1596 0100
1597 1000
1598 0200
1599 0001
1600 0001
1601 0020
1602 0008
1603 0001
1604 0080
1605 0020
1606 0200
1607 0002
1608 0200
1609 0010
1610 4000
1611 2000
1613 4000
1614 0020
1615 0080
1616 4000
1617 0080
1618 0002
1619 8000
1620 0002
1621 4000
1623 0020
1624 4000
1625 4000
1626 0004
1627 0010
1628 0008
1629 0002
1630 0400
1632 1000
1633 2000
1634 0100
1635 4000
1636 0020
1637 0001
1638 4000
1639 0004
1640 0400
1641 0008
1642 0040
1643 0010
1644 0008
1645 1000
1646 0010
1647 0100
1648 0001
1649 0100
1650 0800
1651 4000
1652 0010
1653 0008
1654 0020
1656 0010
1657 8000
1659 0004
1660 0100
1661 0400
1662 0004
1663 0400
1664 4000
1665 0008
1666 0100
1667 0040
1668 0010
1669 2000
1671 0800
1672 0200
1673 0010
1675 0040
1676 0100
1677 0002
1678 0002
1679 0001
1680 0100
1681 0400
1682 8000
1683 0400
1686 0800
1687 0002
1688 0080
1689 0004
1690 0020
1691 0008
1692 1000
1693 0400
1694 0020
1695 0004
1696 0200
1697 0001
1698 0020
1700 0400
1701 2000
1702 1000
1703 0400
1704 0040
1705 1000
1706 4000
1707 8000
1708 0002
1709 0002
1710 0100
1711 1000
1712 0020
1713 0080
1714 0010
1715 0008
1716 0002
1717 8000
1718 0001
1719 0100
1720 0400
1721 0200
1722 1000
1723 8000
1724 8000
1725 0010
1726 0080
1727 0100
1730 0400
1731 0200
1732 0020
1733 0100
1734 0200
1735 0100
1736 0020
1737 0400
1739 0008
1740 0002
1741 0080
1742 0800
1743 4000
1745 0200
1746 0200
1747 0100
1748 2000
1749 4000
1751 0020
1752 0400
1753 0008
1754 0080
1755 0400
1756 0200
1759 0004
1760 0800
1761 0400
1764 0008
1765 0004
1766 0008
1767 0010
1769 4000
1770 0040
1771 0020
1772 8000
1773 4000
1774 4000
1775 0040
1776 0010
1777 1000
1778 1000
1779 0800
1780 0008
1782 0020
1783 0080
1786 2000
1787 0020
1789 1000
1790 0001
1791 0100
1792 0200
1793 0004
1794 0004
1795 0800
1796 0080
1797 4000
1798 0040
1799 0080
1800 1000
1801 0200
1802 0008
1804 0010
1805 0020
1806 0400
1807 2000
1808 0040
1809 0001
1810 0020
1811 2000
1812 0004
1813 0008
1814 0040
1815 4000
1816 0008
1817 0001
1818 0008
1819 8000
1820 0800
1821 0080
1822 0010
1823 0004
1824 8000
1826 0800
1827 0020
1828 0008
1829 4000
1830 0100
1831 0080
1832 1000
1833 0040
1834 0400
1835 0010
1836 0400
1837 0800
1838 8000
1839 0020
1840 0010
1841 0001
1843 2000
1844 4000
1846 2000
1848 0080
1849 0001
1850 0020
1851 0200
1853 0100
1854 0400
1855 0080
1856 0004
1857 0200
1858 0100
1859 0100
1860 0010
1861 4000
1862 0010
1864 0800
1866 1000
1867 0004
1869 4000
1870 0800
1871 8000
1872 0800
1873 2000
1874 1000
1875 0001
1876 8000
1877 8000
1878 0400
1879 0040
1880 0040
1881 2000
1882 0800
1885 0008
1886 0001
1887 0200
1888 2000
1889 0800
1890 0002
1891 0001
1892 0002
1893 0002
1894 2000
1895 4000
1896 0100
1897 2000
1898 0400
1899 0004
1900 0400
1901 8000
1902 0040
1903 2000
1904 0002
1905 1000
1906 0020
1908 0200
1909 1000
1910 0400
1911 0080
1912 2000
1913 4000
1914 0400
1915 0800
1916 0004
1917 0080
1918 8000
1919 0080
1920 8000
1921 0200
1923 0002
1924 0004
1925 8000
1926 0020
1927 0004
1928 2000
1929 0040
1930 0200
1931 8000
1932 0001
1934 0004
1935 0001
1936 8000
1937 0400
1938 0008
1940 0800
1941 0001
1942 0001
1943 2000
1944 1000
1945 0001
1946 0400
1947 2000
1948 0400
1949 0001
1950 0010
1951 0001
1952 0020
1953 0200
1954 4000
1955 0008
1956 0004
1957 0020
1958 0010
1959 0010
1960 0800
1961 0100
1962 0004
1963 0400
1964 0040
1965 4000
1966 0020
1967 0400
1968 0010
1969 0020
1970 1000
1971 0002
1972 0020
1973 0800
1974 2000
1975 0040
1977 1000
1978 0001
1979 0001
1980 2000
1981 0008
1984 0040
1985 0010
1986 0100
1987 0400
1988 0020
1989 0800
1990 8000
1991 0400
1992 1000
1993 0100
1994 0040
1995 0200
1996 0004
1997 1000
1998 0040
2000 0020
2001 0800
2003 4000
2004 0200
2005 0400
2006 0200
2007 0100
2009 4000
2010 2000
2011 0040
2012 0400
2013 0001
2014 1000
2015 0020
2016 8000
2018 0008
2020 0040
2021 0400
2022 0040
2024 0100
2025 0008
2026 0008
2027 1000
2028 4000
2029 0040
2030 8000
2031 4000
2032 2000
2033 0010
2034 1000
2036 0040
2037 0200
2038 0010
2039 0020
2040 1000
2041 0800
2042 0080
2043 0020
2044 0004
2045 0001
2046 0004
2047 0040
2048 1008
2049 0180
2050 0028
2051 2800
2052 0180
2053 0101
2054 2004
2055 0028
2056 1040
2057 2100
2058 0801
2059 8400
2060 8010
2061 0880
2062 0480
2063 0110
2064 4400
2065 0804
2066 0005
2067 0808
2068 0a00
2069 4040
2070 0110
2071 0120
2072 0500
2073 2040
2074 2100
2075 0802
2076 0014
2077 0082
2078 0021
2079 2002
2080 0408
2081 0041
2082 0804
2083 0011
2084 4400
2085 2400
2086 0120
2087 6000
2088 1002
2089 2010
2090 0600
2091 0600
2092 0420
2093 0840
2094 0240
2095 4200
2096 0102
2097 0202
2098 4400
2099 0060
2100 2010
2101 4040
2102 0180
2103 0402
2104 3000
2105 0820
2106 0042
2107 1200
2108 8400
2109 0021
2110 4080
2111 8010
2112 000a
2113 0042
2114 1010
2115 a000
2116 4200
2117 2100
2118 0210
2119 1002
2120 8020
2121 2002
2122 0082
2123 0009
2124 0042
2125 4200
2126 8200
2127 2004
2128 0110
2129 8010
2130 0440
2131 1010
2132 0600
2133 2008
2134 1004
2135 0440
2136 0050
2137 1080
2138 2008
2139 0050
2140 0084
2141 0840
2142 1002
2143 5000
2144 0801
2145 0210
2146 000c
2147 0804
2148 0090
2149 0804
2150 8010
2151 0102
2152 1400
2153 0006
2154 c000
2155 8800
2156 2010
2157 0082
2158 3000
2159 000c
2160 1010
2161 4001
2162 0880
2163 1400
2164 8400
2165 0402
2166 0011
2167 4080
2168 1080
2169 1020
2170 0801
2171 0404
2172 4400
2173 0090
2174 0500
2175 2800
2176 0090
2177 4040
2178 0810
2179 0440
2180 0802
2181 0009
2182 0802
2183 2080
2184 0081
2185 0003
2186 0108
2187 0042
2188 8010
2189 1002
2190 0210
2191 0110
2192 1080
2193 4004
2194 0041
2195 0300
2196 4800
2197 0104
2198 0081
2199 0140
2200 4002
2201 0300
2202 4100
2203 0a00
2204 0808
2205 a000
2206 8200
2207 2008
2208 0030
2209 1400
2210 0044
2211 0280
2212 0480
2213 0802
2214 5000
2215 1200
2216 0060
2217 8010
2218 0204
2219 0082
2220 0300
2221 0500
2222 0280
2223 0082
2224 0022
2225 0220
2226 8008
2227 0006
2228 0060
2229 0401
2230 8800
2231 0101
2232 4001
2233 0802
2234 00a0
2235 00c0
2236 4010
2237 2040
2238 00c0
2239 6000
2240 8800
2241 0a00
2242 0042
2243 0420
2244 1008
2245 0006
2246 4008
2247 1008
2248 1800
2249 8020
2250 0840
2251 0060
2252 6000
2253 0820
2254 8800
2255 2002
2256 8040
2257 2001
2258 1100
2259 4010
2260 c000
2261 1004
2262 4020
2263 0210
2264 1800
2265 0840
2266 0018
2267 3000
2268 1040
2269 0006
2270 0042
2271 0108
2272 0005
2273 8020
2274 0005
2275 0802
2276 0204
2277 1040
2278 0300
2279 0006
2280 0108
2281 0402
2282 2002
2283 4200
2284 0088
2285 4100
2286 0082
2287 0024
2288 0280
2289 0202
2290 1010
2291 2002
2292 0804
2293 5000
2294 0820
2295 0410
2296 0804
2297 0420
2298 4040
2299 4008
2300 1004
2301 0440
2302 0401
2303 8002
2304 0110
2305 1040
2306 8400
2307 2400
2308 0401
2309 0840
2310 4020
2311 2008
2312 8010
2313 0410
2314 0028
2315 1010
2316 000a
2317 4400
2318 0204
2319 8008
2320 2400
2321 2008
2322 8004
2323 8008
2324 2008
2325 8400
2326 1200
2327 0003
2328 0410
2329 0402
2330 0480
2331 8800
2332 2004
2333 1008
2334 0880
2335 0012
2336 0300
2337 0060
2338 0012
2339 1002
2340 0840
2341 000a
2342 4008
2343 1400
2344 5000
2345 4200
2346 0408
2347 0240
2348 4001
2349 8400
2350 0c00
2351 00a0
2352 0201
2353 0280
2354 0060
2355 0084
2356 2200
2357 8080
2358 c000
2359 8008
2360 8001
2361 1004
2362 1080
2363 4100
2364 1800
2365 0090
2366 0440
2367 0101
2368 0208
2369 000a
2370 0104
2371 8400
2372 0048
2373 0081
2374 0041
2375 0401
2376 4002
2377 1002
2378 0a00
2379 6000
2380 0408
2381 0102
2382 0210
2383 0014
2384 0240
2385 4800
2386 0022
2387 2200
2388 2010
2389 8001
2390 0480
2391 4400
2392 0404
2393 0110
2394 8200
2395 0202
2396 0820
2397 0401
2398 0880
2399 8004
2400 0404
2401 8010
2402 0210
2403 8020
2404 0028
2405 0808
2406 000a
2407 00c0
2408 0102
2409 0090
2410 0081
2411 3000
2412 0240
2413 2400
2414 2002
2415 0801
2416 2001
2417 4040
2418 2002
2419 0048
2420 6000
2421 0120
2422 0101
2423 0042
2424 0810
2425 0180
2426 4002
2427 8080
2428 0011
2429 0240
2430 4040
2431 4001
2432 0180
2433 8040
2434 4001
2435 0a00
2436 0408
2437 0840
2438 0104
2439 8800
2440 4100
2441 0401
2442 0006
2443 2100
2444 0180
2445 0808
2446 2100
2447 0003
2448 4002
2449 0810
2450 0c00
2451 0082
2452 8100
2453 1001
2454 0088
2455 2004
2456 a000
2457 0041
2458 0410
2459 000a
2460 3000
2461 0500
2462 0022
2463 0240
2464 2010
2465 5000
2466 0880
2467 4008
2468 c000
2469 1800
2470 1080
2471 2800
2472 4080
2473 4010
2474 4100
2475 00a0
2476 4001
2477 0204
2478 2400
2479 0104
2480 8010
2481 0808
2482 9000
2483 4800
2484 8080
2485 0120
2486 c000
2487 4004
2488 c000
2489 4004
2490 4008
2491 0a00
2492 4004
2493 2200
2494 0088
2495 0404
2496 0110
2497 000a
2498 0090
2499 0021
2500 1400
2501 0102
2502 00c0
2503 4800
2504 8001
2505 0208
2506 8400
2507 0104
2508 4400
2509 0240
2510 8200
2511 0c00
2512 1800
2513 0120
2514 0011
2515 1040
2516 0050
2517 2080
2518 0090
2519 0600
2520 0180
2521 0820
2522 0022
2523 2001
2524 2100
2525 4200
2526 0041
2527 0810
2528 0003
2529 8040
2530 0220
2531 0048
2532 1002
2533 0005
2534 0808
2535 0210
2536 0082
2537 2080
2538 0140
2539 0208
2540 4008
2541 000c
2542 0022
2543 4004
2544 2002
2545 8004
2546 2100
2547 8002
2548 0050
2549 0021
2550 4200
2551 8200
2552 0044
2553 0900
2554 a000
2555 0220
2556 0410
2557 0210
2558 9000
2559 8200
2560 1002
2561 0804
2562 000a
2563 0404
2564 0820
2565 1010
2566 0110
2567 1001
2568 0204
2569 00c0
2570 0808
2571 0014
2572 00a0
2573 0420
2574 4001
2575 4200
2576 0202
2577 2001
2578 8080
2579 0820
2580 8004
2581 1100
2582 3000
2583 8400
2584 0101
2585 0208
2586 1010
2587 0404
2588 8400
2589 0009
2590 2100
2591 0201
2592 4100
2593 8010
2594 4010
2595 4800
2596 0600
2597 0005
2598 0009
2599 0140
2600 2020
2601 0044
2602 000c
2603 0048
2604 00c0
2605 0300
2606 1800
2607 2001
2608 0180
2609 0420
2610 0820
2611 6000
2612 0102
2613 0102
2614 8010
2615 0140
2616 0201
2617 1040
2618 0011
2619 0011
2620 0c00
2621 1002
2622 1004
2623 8002
2624 1400
2625 0204
2626 4100
2627 2200
2628 0042
2629 0220
2630 2040
2631 8800
2632 0060
2633 4020
2634 0802
2635 0500
2636 0028
2637 0804
2638 1040
2639 0840
2640 4002
2641 0801
2642 0090
2643 4020
2644 2010
2645 0041
2646 2100
2647 0003
2648 1200
2649 0600
2650 8100
2651 0081
2652 0101
2653 0003
2654 0050
2655 0012
2656 0048
2657 0210
2658 0021
2659 0410
2660 0804
2661 0900
2662 a000
2663 1010
2664 1400
2665 4100
2666 0480
2667 0a00
2668 1200
2669 a000
2670 0082
2671 1800
2672 1002
2673 0050
2674 1002
2675 3000
2676 2200
2677 8001
2678 0018
2679 9000
2680 8004
2681 0210
2682 2020
2683 0044
2684 0204
2685 0041
2686 1020
2687 00c0
2688 0420
2689 0404
2690 2010
2691 0084
2692 0024
2693 0060
2694 8002
2695 0042
2696 0060
2697 0042
2698 4400
2699 8004
2700 00a0
2701 8010
2702 1008
2703 4002
2704 0050
2705 8400
2706 0041
2707 0810
2708 0500
2709 0012
2710 8200
2711 1020
2712 0022
2713 4001
2714 4010
2715 1010
2716 4200
2717 0402
2718 5000
2719 0101
2720 8080
2721 c000
2722 8800
2723 a000
2724 2200
2725 0810
2726 0600
2727 8100
2728 9000
2729 0005
2730 0808
2731 0810
2732 2080
2733 0011
2734 c000
2735 8001
2736 2800
2737 8080
2738 00a0
2739 2001
2740 8100
2741 0408
2742 2020
2743 0050
2744 0420
2745 0202
2746 0c00
2747 0480
2748 2800
2749 0820
2750 8001
2751 4002
2752 0081
2753 4040
2754 0c00
2755 4800
2756 0003
2757 0840
2758 0060
2759 1010
2760 2400
2761 1040
2762 0003
2763 0208
2764 4001
2765 0480
2766 2001
2767 0801
2768 0201
2769 8002
2770 0022
2771 0140
2772 0202
2773 8100
2774 4100
2775 4001
2776 0101
2777 2010
2778 a000
2779 0003
2780 0003
2781 0104
2782 0011
2783 0220
2784 0028
2785 0401
2786 1200
2787 4100
2788 4400
2789 8020
2790 0090
2791 0042
2792 0204
2793 0044
2794 00a0
2795 1200
2796 0204
2797 000c
2798 2200
2799 0408
2800 0300
2801 00c0
2802 0808
2803 0402
2804 4200
2805 4100
2806 0a00
2807 0090
2808 c000
2809 0801
2810 0022
2811 0081
2812 0420
2813 4002
2814 0044
2815 0840
2816 0140
2817 0082
2818 8020
2819 0120
2820 0041
2821 2100
2822 0404
2823 0220
2824 4080
2825 0050
2826 2010
2827 4020
2828 2008
2829 8002
2830 0009
2831 0810
2832 0220
2833 0090
2834 0022
2835 0840
2836 0840
2837 0810
2838 0280
2839 0140
2840 0500
2841 0801
2842 00a0
2843 0410
2844 0044
2845 8001
2846 0006
2847 a000
2848 2100
2849 0041
2850 1400
2851 0202
2852 4800
2853 0044
2854 0801
2855 00a0
2856 8002
2857 1001
2858 8040
2859 2200
2860 2010
2861 0006
2862 2002
2863 0102
2864 0802
2865 000a
2866 0101
2867 0022
2868 8040
2869 0420
2870 9000
2871 0081
2872 1400
2873 0410
2874 0208
2875 8004
2876 8100
2877 8400
2878 4008
2879 2004
2880 0088
2881 0041
2882 0420
2883 0120
2884 0018
2885 4020
2886 1004
2887 0180
2888 0900
2889 4001
2890 8002
2891 0410
2892 1010
2893 0011
2894 0201
2895 0028
2896 4200
2897 0402
2898 0028
2899 0401
2900 0028
2901 0042
2902 0050
2903 0108
2904 2004
2905 0204
2906 c000
2907 c000
2908 0101
2909 0110
2910 0005
2911 4100
2912 8001
2913 1004
2914 0480
2915 0012
2916 0408
2917 0101
2918 0041
2919 4008
2920 2400
2921 0801
2922 1008
2923 1800
2924 0120
2925 2002
2926 4080
2927 0820
2928 2004
2929 8020
2930 0240
2931 2400
2932 8001
2933 0101
2934 8001
2935 0021
2936 0820
2937 0005
2938 0102
2939 8080
2940 0030
2941 0500
2942 2002
2943 1200
2944 0404
2945 0088
2946 0900
2947 a000
2948 0820
2949 0410
2950 0006
2951 a000
2952 1008
2953 0090
2954 8400
2955 1080
2956 8008
2957 8800
2958 0880
2959 0050
2960 0081
2961 0088
2962 1400
2963 6000
2964 1008
2965 0600
2966 8400
2967 0011
2968 0022
2969 0050
2970 8800
2971 0201
2972 0810
2973 2040
2974 1010
2975 0300
2976 0120
2977 0081
2978 0880
2979 0110
2980 2001
2981 0104
2982 0024
2983 0201
2984 000c
2985 0280
2986 8100
2987 0101
2988 0201
2989 1080
2990 0042
2991 8002
2992 a000
2993 9000
2994 4010
2995 8100
2996 0401
2997 0208
2998 4800
2999 8010
3000 8010
3001 2080
3002 0003
3003 0c00
3004 0402
3005 8020
3006 0220
3007 4004
3008 0005
3009 6000
3010 0801
3011 0801
3012 0804
3013 1004
3014 4080
3015 1001
3016 1002
3017 4080
3018 0024
3019 00a0
3020 8020
3021 0402
3022 8020
3023 4002
3024 0101
3025 6000
3026 0408
3027 0042
3028 0404
3029 0030
3030 2010
3031 2008
3032 2002
3033 0404
3034 4010
3035 1001
3036 0180
3037 0024
3038 8200
3039 0120
3040 0120
3041 4100
3042 0300
3043 0840
3044 0090
3045 8400
3046 00c0
3047 0280
3048 00c0
3049 0028
3050 0180
3051 2008
3052 0410
3053 000c
3054 2001
3055 4002
3056 0120
3057 8004
3058 1100
3059 0202
3060 4400
3061 2008
3062 0440
3063 c000
3064 0006
3065 2200
3066 0201
3067 2800
3068 0084
3069 4001
3070 0801
3071 4200
3074 0800
3096 0020
3102 0800
3110 0010
3112 0040
3123 8000
3125 0800
3130 0004
3138 0002
3140 4000
3144 0020
3149 0010
3159 0040
3174 0020
3177 0010
3202 0200
3206 0002
3236 0001
3239 4000
3246 0080
3249 0020
3253 0080
3256 8000
3260 4000
3267 8000
3277 0001
3282 0010
3286 0010
3288 0080
3297 0001
3315 8000
3320 0010
3323 0800
3326 2000
3388 2000
3392 0008
3395 0008
3400 0004
3410 0008
3431 0004
3440 8000
3444 0100
3451 0800
3464 1000
3466 1000
3476 0004
3489 0020
3491 0010
3493 0100
3522 0200
3544 0200
3545 0002
3570 0020
3571 0004
