15 0200
16 0200
17 0200
18 0200
30 2000
31 2000
32 2000
33 2000
45 1000
46 1000
47 1000
48 1000
60 0100
61 0100
62 0100
63 0100
75 0004
76 0004
77 0004
78 0004
90 0040
91 0040
92 0040
93 0040
105 0020
106 0020
107 0020
108 0020
120 0008
121 0008
122 0008
123 0008
135 4000
136 4000
137 4000
138 4000
150 0010
151 0010
152 0010
153 0010
165 1000
166 1000
167 1000
168 1000
180 0002
181 0002
182 0002
183 0002
195 0080
196 0080
197 0080
198 0080
210 0800
211 0800
212 0800
213 0800
225 1000
226 1000
227 1000
228 1000
240 0004
241 0004
242 0004
243 0004
255 8000
256 8000
257 8000
258 8000
270 0001
271 0001
272 0001
273 0001
285 0002
286 0002
287 0002
288 0002
300 1000
301 1000
302 1000
303 1000
315 0002
316 0002
317 0002
318 0002
330 0008
331 0008
332 0008
333 0008
345 8000
346 8000
347 8000
348 8000
360 0800
361 0800
362 0800
363 0800
375 0080
376 0080
377 0080
378 0080
390 8000
391 8000
392 8000
393 8000
405 1000
406 1000
407 1000
408 1000
420 4000
421 4000
422 4000
423 4000
435 0001
436 0001
437 0001
438 0001
450 0100
451 0100
452 0100
453 0100
465 0800
466 0800
467 0800
468 0800
480 0040
481 0040
482 0040
483 0040
495 4000
496 4000
497 4000
498 4000
510 8000
511 8000
512 8000
513 8000
525 2000
526 2000
527 2000
528 2000
540 0004
541 0004
542 0004
543 0004
555 0800
556 0800
557 0800
558 0800
570 0010
571 0010
572 0010
573 0010
585 0080
586 0080
587 0080
588 0080
600 0800
601 0800
602 0800
603 0800
615 4000
616 4000
617 4000
618 4000
630 0002
631 0002
632 0002
633 0002
645 0200
646 0200
647 0200
648 0200
660 0080
661 0080
662 0080
663 0080
675 0008
676 0008
677 0008
678 0008
690 0002
691 0002
692 0002
693 0002
705 2000
706 2000
707 2000
708 2000
720 0040
721 0040
722 0040
723 0040
735 0020
736 0020
737 0020
738 0020
750 0004
751 0004
752 0004
753 0004
765 0020
766 0020
767 0020
768 0020
780 8000
781 8000
782 8000
783 8000
795 0200
796 0200
797 0200
798 0200
810 0400
811 0400
812 0400
813 0400
825 0040
826 0040
827 0040
828 0040
840 0100
841 0100
842 0100
843 0100
855 8000
856 8000
857 8000
858 8000
870 0080
871 0080
872 0080
873 0080
885 2000
886 2000
887 2000
888 2000
900 0002
901 0002
902 0002
903 0002
915 0100
916 0100
917 0100
918 0100
930 0008
931 0008
932 0008
933 0008
945 0100
946 0100
947 0100
948 0100
960 0004
961 0004
962 0004
963 0004
975 0400
976 0400
977 0400
978 0400
990 0080
991 0080
992 0080
993 0080
1005 0020
1006 0020
1007 0020
1008 0020
1020 0008
1021 0008
1022 0008
1023 0008
1035 0080
1036 0080
1037 0080
1038 0080
1050 1000
1051 1000
1052 1000
1053 1000
1065 1000
1066 1000
1067 1000
1068 1000
1080 2000
1081 2000
1082 2000
1083 2000
1095 0200
1096 0200
1097 0200
1098 0200
1110 4000
1111 4000
1112 4000
1113 4000
1125 0004
1126 0004
1127 0004
1128 0004
1140 0020
1141 0020
1142 0020
1143 0020
1155 0400
1156 0400
1157 0400
1158 0400
1170 0008
1171 0008
1172 0008
1173 0008
1185 0200
1186 0200
1187 0200
1188 0200
1200 0008
1201 0008
1202 0008
1203 0008
1215 1000
1216 1000
1217 1000
1218 1000
1230 0080
1231 0080
1232 0080
1233 0080
1245 0100
1246 0100
1247 0100
1248 0100
1260 0040
1261 0040
1262 0040
1263 0040
1275 0100
1276 0100
1277 0100
1278 0100
1290 0004
1291 0004
1292 0004
1293 0004
1305 0200
1306 0200
1307 0200
1308 0200
1320 0001
1321 0001
1322 0001
1323 0001
1335 4000
1336 4000
1337 4000
1338 4000
1350 0040
1351 0040
1352 0040
1353 0040
1365 4000
1366 4000
1367 4000
1368 4000
1380 0400
1381 0400
1382 0400
1383 0400
1395 8000
1396 8000
1397 8000
1398 8000
1410 0400
1411 0400
1412 0400
1413 0400
1425 1000
1426 1000
1427 1000
1428 1000
1440 0001
1441 0001
1442 0001
1443 0001
1455 0400
1456 0400
1457 0400
1458 0400
1470 1000
1471 1000
1472 1000
1473 1000
1485 0008
1486 0008
1487 0008
1488 0008
1500 0008
1501 0008
1502 0008
1503 0008
1515 0800
1516 0800
1517 0800
1518 0800
1530 1000
1531 1000
1532 1000
1533 1000
1545 0200
1546 0200
1547 0200
1548 0200
1560 0100
1561 0100
1562 0100
1563 0100
1575 0080
1576 0080
1577 0080
1578 0080
1590 8000
1591 8000
1592 8000
1593 8000
1605 0004
1606 0004
1607 0004
1608 0004
1620 0800
1621 0800
1622 0800
1623 0800
1635 1000
1636 1000
1637 1000
1638 1000
1650 0008
1651 0008
1652 0008
1653 0008
1665 4000
1666 4000
1667 4000
1668 4000
1680 1000
1681 1000
1682 1000
1683 1000
1695 0004
1696 0004
1697 0004
1698 0004
1710 4000
1711 4000
1712 4000
1713 4000
1725 0400
1726 0400
1727 0400
1728 0400
1740 2000
1741 2000
1742 2000
1743 2000
1755 0200
1756 0200
1757 0200
1758 0200
1770 0008
1771 0008
1772 0008
1773 0008
1785 0020
1786 0020
1787 0020
1788 0020
1800 2000
1801 2000
1802 2000
1803 2000
1815 1000
1816 1000
1817 1000
1818 1000
1830 4000
1831 4000
1832 4000
1833 4000
1845 8000
1846 8000
1847 8000
1848 8000
1860 0002
1861 0002
1862 0002
1863 0002
1875 0002
1876 0002
1877 0002
1878 0002
1890 8000
1891 8000
1892 8000
1893 8000
1905 2000
1906 2000
1907 2000
1908 2000
1920 0400
1921 0400
1922 0400
1923 0400
