15 0001
16 0001
17 0001
18 0001
30 0010
31 0010
32 0010
33 0010
45 8000
46 8000
47 8000
48 8000
60 0800
61 0800
62 0800
63 0800
75 2000
76 2000
77 2000
78 2000
90 0002
91 0002
92 0002
93 0002
105 1000
106 1000
107 1000
108 1000
120 0004
121 0004
122 0004
123 0004
135 0200
136 0200
137 0200
138 0200
150 0080
151 0080
152 0080
153 0080
165 8000
166 8000
167 8000
168 8000
180 0100
181 0100
182 0100
183 0100
195 0040
196 0040
197 0040
198 0040
210 0400
211 0400
212 0400
213 0400
225 8000
226 8000
227 8000
228 8000
240 2000
241 2000
242 2000
243 2000
255 4000
256 4000
257 4000
258 4000
270 0008
271 0008
272 0008
273 0008
285 0100
286 0100
287 0100
288 0100
300 8000
301 8000
302 8000
303 8000
315 0100
316 0100
317 0100
318 0100
330 0004
331 0004
332 0004
333 0004
345 4000
346 4000
347 4000
348 4000
360 0400
361 0400
362 0400
363 0400
375 0040
376 0040
377 0040
378 0040
390 4000
391 4000
392 4000
393 4000
405 8000
406 8000
407 8000
408 8000
420 0200
421 0200
422 0200
423 0200
435 0008
436 0008
437 0008
438 0008
450 0800
451 0800
452 0800
453 0800
465 0400
466 0400
467 0400
468 0400
480 0002
481 0002
482 0002
483 0002
495 0200
496 0200
497 0200
498 0200
510 4000
511 4000
512 4000
513 4000
525 0010
526 0010
527 0010
528 0010
540 2000
541 2000
542 2000
543 2000
555 0400
556 0400
557 0400
558 0400
570 0080
571 0080
572 0080
573 0080
585 0040
586 0040
587 0040
588 0040
600 0400
601 0400
602 0400
603 0400
615 0200
616 0200
617 0200
618 0200
630 0100
631 0100
632 0100
633 0100
645 0001
646 0001
647 0001
648 0001
660 0040
661 0040
662 0040
663 0040
675 0004
676 0004
677 0004
678 0004
690 0100
691 0100
692 0100
693 0100
705 0010
706 0010
707 0010
708 0010
720 0002
721 0002
722 0002
723 0002
735 1000
736 1000
737 1000
738 1000
750 2000
751 2000
752 2000
753 2000
765 1000
766 1000
767 1000
768 1000
780 4000
781 4000
782 4000
783 4000
795 0001
796 0001
797 0001
798 0001
810 0020
811 0020
812 0020
813 0020
825 0002
826 0002
827 0002
828 0002
840 0800
841 0800
842 0800
843 0800
855 4000
856 4000
857 4000
858 4000
870 0040
871 0040
872 0040
873 0040
885 0010
886 0010
887 0010
888 0010
900 0100
901 0100
902 0100
903 0100
915 0800
916 0800
917 0800
918 0800
930 0004
931 0004
932 0004
933 0004
945 0800
946 0800
947 0800
948 0800
960 2000
961 2000
962 2000
963 2000
975 0020
976 0020
977 0020
978 0020
990 0040
991 0040
992 0040
993 0040
1005 1000
1006 1000
1007 1000
1008 1000
1020 0004
1021 0004
1022 0004
1023 0004
1035 0040
1036 0040
1037 0040
1038 0040
1050 8000
1051 8000
1052 8000
1053 8000
1065 8000
1066 8000
1067 8000
1068 8000
1080 0010
1081 0010
1082 0010
1083 0010
1095 0001
1096 0001
1097 0001
1098 0001
1110 0200
1111 0200
1112 0200
1113 0200
1125 2000
1126 2000
1127 2000
1128 2000
1140 1000
1141 1000
1142 1000
1143 1000
1155 0020
1156 0020
1157 0020
1158 0020
1170 0004
1171 0004
1172 0004
1173 0004
1185 0001
1186 0001
1187 0001
1188 0001
1200 0004
1201 0004
1202 0004
1203 0004
1215 8000
1216 8000
1217 8000
1218 8000
1230 0040
1231 0040
1232 0040
1233 0040
1245 0800
1246 0800
1247 0800
1248 0800
1260 0002
1261 0002
1262 0002
1263 0002
1275 0800
1276 0800
1277 0800
1278 0800
1290 2000
1291 2000
1292 2000
1293 2000
1305 0001
1306 0001
1307 0001
1308 0001
1320 0008
1321 0008
1322 0008
1323 0008
1335 0200
1336 0200
1337 0200
1338 0200
1350 0002
1351 0002
1352 0002
1353 0002
1365 0200
1366 0200
1367 0200
1368 0200
1380 0020
1381 0020
1382 0020
1383 0020
1395 4000
1396 4000
1397 4000
1398 4000
1410 0020
1411 0020
1412 0020
1413 0020
1425 8000
1426 8000
1427 8000
1428 8000
1440 0008
1441 0008
1442 0008
1443 0008
1455 0020
1456 0020
1457 0020
1458 0020
1470 8000
1471 8000
1472 8000
1473 8000
1485 0004
1486 0004
1487 0004
1488 0004
1500 0004
1501 0004
1502 0004
1503 0004
1515 0400
1516 0400
1517 0400
1518 0400
1530 8000
1531 8000
1532 8000
1533 8000
1545 0001
1546 0001
1547 0001
1548 0001
1560 0800
1561 0800
1562 0800
1563 0800
1575 0040
1576 0040
1577 0040
1578 0040
1590 4000
1591 4000
1592 4000
1593 4000
1605 2000
1606 2000
1607 2000
1608 2000
1620 0400
1621 0400
1622 0400
1623 0400
1635 8000
1636 8000
1637 8000
1638 8000
1650 0004
1651 0004
1652 0004
1653 0004
1665 0200
1666 0200
1667 0200
1668 0200
1680 8000
1681 8000
1682 8000
1683 8000
1695 2000
1696 2000
1697 2000
1698 2000
1710 0200
1711 0200
1712 0200
1713 0200
1725 0020
1726 0020
1727 0020
1728 0020
1740 0010
1741 0010
1742 0010
1743 0010
1755 0001
1756 0001
1757 0001
1758 0001
1770 0004
1771 0004
1772 0004
1773 0004
1785 1000
1786 1000
1787 1000
1788 1000
1800 0010
1801 0010
1802 0010
1803 0010
1815 8000
1816 8000
1817 8000
1818 8000
1830 0200
1831 0200
1832 0200
1833 0200
1845 4000
1846 4000
1847 4000
1848 4000
1860 0100
1861 0100
1862 0100
1863 0100
1875 0100
1876 0100
1877 0100
1878 0100
1890 4000
1891 4000
1892 4000
1893 4000
1905 0010
1906 0010
1907 0010
1908 0010
1920 0020
1921 0020
1922 0020
1923 0020
