0 0401
1 1000
2 0010
3 0080
4 0800
5 0800
6 8000
7 0010
8 0081
9 0002
10 0400
11 0100
12 0008
13 0004
14 0002
15 0800
16 0011
17 0800
19 1000
20 0010
22 0400
23 0002
24 0021
25 0800
26 0002
27 0200
28 0008
30 0010
31 0080
32 0001
33 0010
34 0200
35 0080
36 0800
37 0002
38 1000
39 4000
40 8001
41 0040
42 0100
43 0800
44 4000
45 0004
46 0800
47 0010
48 8001
49 8000
50 4000
51 1000
52 0040
53 0200
54 0010
55 0010
56 2001
57 0002
58 0002
59 0400
60 0080
61 8000
62 0020
63 0100
64 2001
65 0020
66 0002
68 0400
69 0040
70 0004
71 0200
72 0011
73 0020
74 0400
75 0010
76 0010
77 0200
78 2000
79 0200
80 8001
81 0008
82 4000
83 0008
84 0008
86 0040
87 0010
88 4001
89 0020
90 0080
91 8000
92 0004
93 0400
94 2000
95 0010
96 0021
97 0002
98 0040
99 0010
100 0020
102 0100
103 0080
104 0101
105 0040
106 0100
107 0080
108 0400
109 0100
110 0400
111 0008
112 0401
114 0020
115 0020
116 0004
117 0100
118 0100
119 0010
120 0801
121 0004
122 0100
123 2000
126 8000
127 0020
128 0021
129 0008
130 0080
131 2000
132 0200
133 0020
134 4000
135 0080
136 0801
137 0020
138 0200
139 8000
140 0002
141 8000
142 0400
143 0002
144 0001
145 4000
146 0010
147 0020
148 8000
149 0040
150 0400
151 4000
152 0801
153 0010
154 0400
155 0100
156 0004
157 0200
158 4000
159 0004
160 0021
162 8000
163 0004
164 2000
165 0002
166 0100
167 0020
168 0011
169 0800
170 0200
171 2000
172 8000
173 4000
175 0800
176 0101
177 0010
178 0080
179 0200
180 2000
181 0200
182 8000
183 2000
184 4001
185 0010
186 0002
187 0020
188 0008
189 8000
190 0800
191 0040
192 0001
194 4000
195 0020
196 0020
198 0010
200 0005
201 2000
202 0100
203 0010
204 0020
205 2000
206 0002
207 8000
208 0001
210 0100
211 0004
212 2000
213 0020
214 0400
215 0004
216 0021
217 0080
218 0080
219 1000
220 0002
221 0020
222 0004
224 0201
225 0400
226 4000
227 0002
228 0040
229 2000
230 0004
231 8000
232 0003
233 0800
234 0080
235 0400
236 0400
237 0040
238 0100
239 0040
240 0003
241 0400
242 0002
243 0040
244 0100
245 4000
246 0002
248 0011
249 1000
251 2000
252 0008
253 0008
254 0800
255 2000
256 0030
257 0004
258 0040
259 8000
260 0080
261 0010
262 0100
263 0002
264 00a0
265 0040
266 0800
267 0008
268 1000
269 0800
270 1000
271 0200
272 0420
274 8000
275 0200
276 0010
277 8000
278 0040
279 0200
280 1020
281 0400
282 0040
283 0200
285 0400
288 0030
289 1000
290 0800
291 0002
293 0008
294 4000
295 0800
296 8020
297 0100
298 8000
300 0004
301 0800
302 0008
303 0001
304 0020
306 4000
307 0400
308 0080
309 0080
310 0200
311 8000
312 0120
313 8000
314 0001
315 0001
316 0008
317 0080
318 0004
319 0800
320 0420
321 0004
322 0008
323 0200
324 0010
325 0001
326 2000
327 0080
328 4020
329 0010
330 0001
331 0002
332 0080
333 0200
334 1000
335 8000
336 0020
337 0001
338 0800
339 0040
341 1000
342 8000
343 0008
344 1020
346 0400
347 0002
349 0400
350 0100
351 0400
352 0022
353 0008
354 0004
355 0800
357 0040
358 0040
359 0040
360 0120
361 0200
362 0800
363 8000
364 0002
365 0080
366 0200
368 0020
369 0040
370 0001
371 2000
372 0200
373 4000
374 0002
375 0040
376 0820
377 0200
378 4000
379 8000
380 2000
381 0010
382 4000
383 0400
384 0220
385 1000
386 1000
387 0400
389 8000
390 0100
392 00a0
393 4000
394 0040
395 0008
396 0100
397 0001
398 0080
399 0002
400 0820
401 0800
402 0001
404 4000
406 8000
407 0010
408 0021
409 0080
411 0400
412 8000
413 8000
415 0800
416 0021
417 0001
418 0001
419 4000
420 1000
422 0010
423 0004
424 1020
425 0800
426 0010
428 0010
429 8000
430 4000
431 0200
432 8020
433 0001
434 0008
435 1000
437 1000
438 4000
439 0002
440 0020
443 0001
444 4000
445 4000
446 0040
447 0800
448 1020
449 0100
450 0400
451 0002
453 0010
454 0080
455 0001
456 0820
457 0008
458 0010
459 4000
460 1000
461 0001
462 0010
463 0040
464 2020
465 0040
466 0040
468 0001
469 0004
470 0800
472 2020
473 0004
474 0010
477 0010
478 1000
480 0020
481 1000
482 2000
483 1000
484 0080
486 2000
487 0001
488 00a0
489 0100
490 0400
491 0002
492 0010
493 0080
494 0800
495 0100
496 2020
497 0002
498 0200
499 0200
500 0001
501 0004
502 8000
503 0200
504 0420
505 0040
506 0200
507 0400
509 0800
510 0040
511 0040
512 0404
513 0004
514 2000
516 0010
517 4000
518 0100
519 0010
520 2400
522 0040
523 0002
525 0004
526 0800
527 2000
528 0404
529 0001
530 2000
531 0080
532 0010
533 0100
534 0002
535 0040
536 0420
537 0200
538 0010
539 0100
540 1000
541 0800
544 4400
545 0002
546 0020
547 0008
548 8000
549 0100
550 2000
551 0008
552 0420
553 0100
554 0020
555 0010
556 1000
558 0001
560 0440
561 0010
562 0100
563 0040
564 0020
565 0040
566 0200
567 2000
568 0c00
570 0080
571 0010
572 0020
573 8000
574 0020
575 0001
576 0420
577 0080
579 0001
580 0001
581 0008
582 0001
583 0800
584 0480
585 4000
586 0001
587 0800
588 0100
589 0040
590 0008
591 0800
592 0404
594 1000
595 0040
596 8000
597 0100
598 0004
599 0100
600 0404
601 0200
602 0040
603 0800
604 2000
606 8000
608 0c00
610 0080
611 0020
612 0002
613 8000
614 0002
615 8000
616 0410
617 0010
618 0200
619 0002
621 0002
622 0200
623 4000
624 0500
625 0002
626 0200
627 0100
628 0002
629 0100
630 0080
631 0004
632 0401
633 0002
635 0800
636 0800
637 1000
638 0008
640 0c00
641 0008
642 0100
644 1000
645 0004
646 0002
647 0001
648 8400
649 0008
651 4000
652 4000
653 0200
654 2000
655 0008
656 0440
657 0800
658 0100
659 0004
661 0010
662 0001
663 0008
664 0440
665 0080
667 0040
668 0800
669 0040
670 0080
671 0800
672 0600
673 0004
674 0004
676 0800
677 4000
678 4000
679 0010
680 0401
682 4000
683 2000
684 0020
685 0080
686 0004
687 0002
688 0480
689 2000
690 0010
691 0020
692 0001
694 2000
695 0040
696 0401
697 2000
699 0010
700 1000
701 0008
702 0010
703 4000
704 0410
705 0020
707 0800
708 0040
709 0008
710 0010
711 2000
712 1400
713 0100
714 0100
715 0040
716 0001
717 0200
718 0040
719 0004
720 0500
721 0001
722 0100
723 1000
724 0080
725 4000
726 0008
727 2000
728 0420
729 0001
730 8000
731 0020
732 0004
733 0080
734 0010
735 0001
736 0400
737 1000
739 4000
740 0004
741 1000
743 0001
744 0c00
745 4000
746 0080
747 0200
748 4000
749 1000
750 0002
751 0010
752 0600
753 0100
755 0004
756 0002
757 0004
758 0800
760 2400
761 0080
763 0040
764 0200
765 4000
766 0100
767 4000
768 8008
770 0002
771 0010
773 0080
774 4000
775 0040
776 8008
777 0004
778 4000
779 0100
780 0008
782 0200
783 0002
784 8008
785 0001
786 0400
787 0800
788 2000
789 0400
790 0010
791 1000
792 c000
793 0001
794 0200
795 0008
796 0400
797 0400
798 0040
799 0200
800 a000
801 0020
802 0004
803 0004
804 2000
805 0002
806 1000
807 0080
808 8100
809 0200
810 0400
811 2000
812 0008
813 0010
814 1000
815 0008
816 8010
817 0004
818 0400
819 0200
820 1000
821 4000
822 4000
823 0800
824 8200
825 4000
826 0010
827 1000
828 0400
829 0400
830 0200
831 0040
832 8004
833 0001
834 0200
835 0100
836 0800
837 0080
838 2000
839 0040
840 8002
841 0008
842 2000
843 4000
844 0200
845 0004
847 0002
848 8080
849 2000
850 0001
851 0800
852 0008
853 0200
854 0020
855 0400
856 8400
857 0002
858 0080
859 0400
861 1000
862 1000
863 0800
864 8002
865 0400
866 0200
867 0200
869 4000
870 0008
871 0002
872 8200
873 0400
874 0002
875 0020
876 0002
877 0200
878 1000
879 1000
880 8020
881 1000
882 0002
883 0001
884 0800
885 0008
886 0001
887 0040
888 8004
889 0800
890 0100
891 0040
892 0010
893 0100
895 1000
896 8020
897 0400
898 0020
899 2000
900 0800
901 0010
903 1000
904 8002
905 0200
906 0001
907 0200
908 0010
910 0400
911 0200
912 8400
913 0008
914 0200
916 0008
917 4000
918 0001
919 0008
920 8100
921 0800
922 0001
923 0040
924 0010
925 0400
926 0008
927 0001
928 8400
929 0004
930 0400
931 0080
932 0400
933 0010
934 0008
935 0080
936 8008
937 0010
938 0200
939 0002
940 0800
941 0100
942 0080
943 0008
944 8020
945 1000
946 0008
947 2000
948 0002
949 0080
950 0008
951 0001
952 8800
953 0040
954 0002
955 0001
957 0002
958 0080
959 1000
960 c000
961 2000
962 0800
964 0010
965 0080
966 0020
967 0800
968 8200
969 0040
970 2000
971 0002
972 0002
973 1000
974 0200
975 0004
976 8010
977 0200
978 0200
979 1000
980 0002
981 0400
982 0100
983 0200
984 c000
985 0004
986 0004
987 0010
988 1000
990 0010
991 4000
992 8800
993 0004
994 0040
995 1000
996 4000
997 0200
998 0800
999 0002
1000 8040
1001 0200
1002 0001
1003 0002
1004 0020
1005 0400
1006 0200
1007 0020
1008 8002
1009 0080
1010 2000
1011 0400
1012 0080
1013 0010
1015 0080
1016 8080
1017 0010
1019 0001
1020 0010
1021 0100
1023 0020
1024 0090
1025 0100
1027 0020
1028 0200
1029 0400
1030 0040
1031 2000
1032 0030
1033 0100
1034 0080
1035 0100
1036 0800
1037 2000
1038 0040
1039 0020
1040 0010
1041 0400
1043 8000
1044 0400
1045 0200
1046 0080
1047 2000
1048 0010
1049 0020
1050 2000
1051 0001
1052 0800
1053 0002
1054 0400
1055 0004
1056 0030
1057 0008
1058 0008
1059 0008
1060 8000
1061 0100
1062 0040
1063 0800
1064 0210
1065 0080
1066 0008
1067 0004
1068 0200
1069 0800
1070 0040
1071 0200
1072 0210
1073 0080
1074 0040
1075 0001
1076 0004
1077 0008
1078 0008
1079 0100
1080 2010
1081 0002
1082 0008
1083 2000
1085 0040
1086 0200
1087 0040
1088 2010
1089 0002
1090 0400
1091 4000
1092 2000
1093 4000
1094 4000
1095 4000
1096 0018
1097 8000
1098 8000
1099 8000
1100 0008
1101 0200
1102 0100
1103 0020
1104 8010
1105 0800
1106 4000
1107 0008
1108 0020
1109 0400
1110 0002
1111 8000
1112 0410
1114 4000
1115 0080
1116 8000
1117 0020
1118 0040
1119 0200
1120 0810
1121 8000
1122 0020
1123 0800
1124 0001
1126 2000
1127 0800
1128 0810
1130 2000
1131 0800
1132 1000
1133 1000
1134 0020
1136 0090
1138 0200
1139 4000
1140 2000
1141 0004
1142 0002
1143 1000
1144 2010
1145 0800
1146 0008
1147 0200
1148 0001
1149 0040
1150 0001
1152 0410
1154 0004
1155 0008
1156 0800
1157 0020
1158 0040
1159 1000
1160 0011
1161 0800
1162 0004
1163 8000
1164 0040
1165 8000
1166 0080
1168 0014
1169 0001
1170 0800
1171 2000
1172 4000
1173 1000
1174 0001
1175 8000
1176 0012
1177 0080
1178 0004
1179 0040
1180 0002
1181 0080
1182 0100
1183 0004
1184 0030
1185 0040
1186 0001
1188 4000
1189 0400
1190 4000
1192 0014
1194 0400
1195 0040
1196 0100
1197 8000
1198 0001
1199 0002
1200 1010
1201 0400
1203 0040
1204 8000
1205 0008
1206 4000
1207 0800
1208 0011
1209 0200
1210 0002
1212 0040
1213 0400
1214 0800
1215 0080
1216 0210
1218 0100
1219 0002
1220 8000
1223 0200
1224 0090
1225 0100
1226 0008
1227 0100
1228 0400
1229 8000
1230 0400
1231 0004
1232 0030
1233 1000
1234 8000
1235 0100
1236 0040
1237 0400
1238 8000
1239 0080
1240 0030
1241 0100
1242 0002
1243 0001
1244 1000
1245 0800
1246 4000
1247 0020
1248 0010
1249 0080
1250 0004
1251 0002
1252 0001
1253 0800
1254 0040
1255 0008
1256 0011
1257 0020
1258 0020
1259 1000
1260 0004
1261 0001
1262 8000
1263 0001
1264 0410
1265 0001
1266 0020
1268 0004
1269 8000
1270 0100
1271 8000
1272 2010
1273 0800
1274 0002
1275 0100
1276 8000
1277 0100
1278 0200
1279 0004
1280 0204
1281 8000
1282 0004
1283 4000
1285 0800
1288 1200
1290 0400
1291 0010
1292 0002
1293 0080
1294 0004
1295 0008
1296 0204
1297 0004
1298 0400
1299 1000
1300 0004
1301 0008
1302 2000
1303 0100
1304 0300
1305 0400
1306 0080
1307 0100
1308 0020
1309 4000
1310 0001
1311 0010
1312 0240
1313 0800
1314 0040
1315 0008
1318 0002
1319 0080
1320 0202
1321 4000
1322 0400
1323 0001
1324 0004
1325 0020
1326 0100
1327 0800
1328 0201
1329 1000
1330 0020
1331 2000
1332 0008
1333 0100
1334 0001
1335 0001
1336 0204
1337 8000
1338 0080
1339 0008
1340 0080
1341 0020
1342 8000
1343 0020
1344 0202
1345 0100
1347 0004
1348 4000
1349 4000
1350 0002
1351 1000
1352 1200
1353 0100
1354 0400
1355 0004
1356 0040
1357 2000
1358 0040
1359 0100
1360 0208
1361 0800
1362 0020
1363 0004
1364 0040
1365 0400
1367 0010
1368 0220
1369 2000
1370 0008
1371 0020
1372 0001
1373 0080
1374 0020
1375 0020
1376 0210
1377 0020
1378 8000
1380 4000
1381 0001
1382 4000
1383 0040
1384 0280
1385 0001
1386 0010
1387 0100
1388 0010
1389 0020
1390 0002
1391 0001
1392 0201
1393 2000
1394 2000
1395 0100
1396 0040
1397 0100
1398 0100
1399 0080
1400 0202
1401 2000
1402 0008
1404 0100
1405 2000
1406 0001
1407 8000
1408 0200
1409 0100
1411 0010
1412 0010
1413 0100
1414 0010
1415 8000
1416 0204
1417 4000
1418 0002
1419 0100
1420 0800
1421 0008
1422 0004
1423 4000
1424 0300
1425 0040
1426 0020
1427 0040
1428 0004
1429 0002
1430 0010
1432 0220
1433 1000
1434 0020
1436 8000
1437 2000
1438 0004
1439 8000
1440 0201
1441 4000
1442 0001
1443 8000
1445 0010
1446 0800
1447 0100
1448 0201
1449 0020
1450 0100
1451 0010
1452 0001
1453 4000
1455 0020
1456 4200
1457 0080
1458 0100
1459 0080
1460 2000
1461 2000
1462 8000
1463 4000
1464 0220
1465 8000
1466 0400
1467 8000
1468 0020
1469 0080
1471 1000
1472 0201
1473 0002
1474 0001
1476 0400
1477 0008
1478 8000
1479 4000
1480 0210
1481 0080
1482 0080
1483 8000
1484 0400
1485 0080
1486 0002
1487 0040
1488 0201
1489 0004
1490 0800
1491 0001
1492 0010
1493 0100
1494 0100
1495 0010
1496 0220
1497 0100
1498 0800
1500 0001
1501 1000
1502 0800
1504 0280
1505 0002
1506 0008
1507 0800
1508 0400
1509 8000
1511 0040
1512 0200
1513 0004
1515 0001
1516 0800
1517 0004
1518 0001
1519 0001
1520 0208
1521 0100
1523 0800
1524 0002
1525 4000
1526 0001
1527 0001
1528 0600
1529 0010
1530 0100
1531 0008
1532 4000
1533 0008
1534 0008
1535 0020
1536 6000
1538 0002
1539 0002
1540 1000
1541 0002
1542 0100
1543 8000
1544 4004
1545 0040
1546 0400
1547 0002
1548 0020
1549 0100
1551 0100
1552 c000
1553 0001
1554 0008
1555 2000
1556 0100
1557 0400
1558 0001
1559 0004
1560 5000
1561 0800
1563 2000
1564 0200
1565 0800
1566 0002
1567 0008
1568 4008
1569 0400
1570 2000
1571 0040
1572 0020
1573 1000
1574 0080
1575 0008
1576 4040
1577 0020
1578 0008
1579 0002
1580 1000
1581 0100
1582 1000
1583 8000
1584 4800
1585 0080
1586 8000
1587 0008
1588 0001
1589 0004
1590 0200
1591 0001
1592 4020
1593 0040
1594 0008
1595 0020
1596 0010
1597 0010
1598 1000
1599 8000
1600 4008
1601 0020
1602 1000
1603 0001
1604 0800
1605 0008
1606 0004
1607 0008
1608 4400
1609 0020
1611 0002
1612 0010
1613 0008
1614 0800
1616 4200
1617 0002
1618 0002
1619 2000
1620 0080
1621 0040
1622 1000
1623 0020
1624 4040
1625 0010
1626 2000
1627 0001
1629 0020
1630 0200
1631 8000
1632 4001
1633 0004
1634 8000
1635 0040
1636 0040
1637 0400
1638 0010
1639 0010
1640 4001
1641 8000
1643 0002
1644 0800
1645 0100
1646 0200
1647 0002
1648 4010
1650 0200
1651 0010
1653 0080
1655 0002
1656 4100
1657 0080
1658 2000
1660 0008
1661 0002
1663 0020
1664 4002
1665 0020
1666 0100
1667 0200
1668 0100
1669 1000
1670 0080
1671 0002
1672 4002
1673 0004
1674 0004
1675 0100
1676 0200
1677 0002
1678 0200
1679 8000
1680 4002
1681 0008
1682 0002
1683 0100
1684 8000
1685 1000
1686 0008
1687 0200
1688 6000
1689 1000
1690 0080
1691 0001
1693 8000
1694 0008
1695 0004
1696 4800
1697 0100
1698 0100
1699 0200
1700 0010
1702 0800
1703 2000
1704 4040
1705 0100
1706 0400
1707 0004
1708 0400
1709 0200
1710 0008
1711 0040
1712 4040
1713 0400
1714 0200
1715 0020
1716 0040
1717 0200
1719 1000
1720 4010
1721 0004
1722 2000
1723 0040
1724 0200
1725 0100
1726 0002
1727 0200
1728 4100
1729 0020
1730 0080
1731 0400
1732 8000
1733 0004
1734 0100
1735 0800
1736 4400
1737 0004
1738 0200
1739 8000
1740 0200
1741 0004
1742 0400
1744 4040
1746 2000
1747 0080
1748 0008
1749 0010
1750 0200
1751 0008
1752 4100
1753 0800
1754 0040
1755 0800
1756 0020
1757 2000
1758 0008
1759 0002
1760 4001
1761 0800
1762 0200
1763 0400
1764 0100
1765 0040
1766 8000
1767 0800
1768 4001
1769 0001
1770 1000
1771 0040
1772 8000
1773 0040
1774 0008
1775 0080
1776 4040
1777 0001
1778 0008
1779 0008
1780 0200
1781 0008
1782 2000
1783 0010
1784 4001
1785 0010
1786 8000
1787 0008
1788 8000
1790 0010
1791 1000
1792 4008
1793 0080
1794 0002
1795 4000
1796 0100
1797 0001
1798 0001
1799 1000
1800 0028
1801 0100
1802 0040
1803 0200
1804 1000
1805 8000
1806 0080
1808 1008
1809 0001
1811 0400
1812 0100
1813 0080
1815 0800
1816 2008
1817 0200
1818 0080
1819 0200
1820 0004
1821 1000
1822 0004
1823 2000
1824 0009
1825 4000
1826 0080
1827 2000
1828 0002
1829 0400
1830 0001
1831 0400
1832 000c
1833 0800
1834 0004
1835 0400
1836 4000
1837 0002
1839 0800
1840 8008
1842 0080
1843 1000
1844 0800
1845 0100
1846 2000
1847 4000
1848 0008
1849 0800
1850 0100
1851 0002
1852 0800
1853 8000
1854 0020
1855 8000
1856 0009
1857 4000
1858 0800
1859 4000
1860 0400
1861 0020
1862 1000
1864 0009
1865 0100
1866 0100
1867 0040
1868 0040
1869 0800
1870 0040
1871 0020
1872 0008
1873 2000
1874 0080
1876 1000
1877 0400
1878 1000
1879 0080
1880 2008
1881 8000
1882 4000
1883 0400
1884 1000
1885 0400
1886 0002
1888 0028
1889 4000
1890 0400
1891 1000
1892 0020
1893 0200
1894 0080
1895 0020
1896 8008
1897 0040
1898 0080
1899 0040
1900 0020
1901 0400
1902 0010
1903 1000
1904 0088
1905 0002
1906 0100
1907 4000
1908 0020
1910 0800
1911 0002
1912 0408
1913 0040
1914 0200
1915 0200
1916 0100
1917 0400
1918 8000
1919 0800
1920 000c
1921 0080
1922 8000
1924 0001
1925 0004
1927 0001
1928 0008
1929 0001
1930 0001
1931 0080
1932 0800
1934 0080
1935 0200
1936 1008
1937 0100
1938 4000
1939 0200
1940 0800
1941 4000
1942 2000
1943 0080
1944 0008
1945 0001
1946 0010
1947 0100
1948 2000
1949 8000
1950 0200
1951 2000
1952 1008
1953 0200
1954 0010
1955 0020
1956 0080
1957 1000
1958 0400
1959 0010
1960 0088
1961 1000
1962 0004
1963 1000
1964 0040
1965 1000
1966 2000
1967 0020
1968 0018
1969 0040
1970 0040
1971 0080
1972 0400
1973 1000
1974 0002
1976 4008
1977 0001
1978 2000
1979 0400
1980 0001
1981 0020
1982 1000
1983 0020
1984 0008
1985 2000
1986 0100
1987 0004
1988 0001
1989 2000
1990 8000
1991 4000
1992 1008
1993 0040
1994 0200
1995 0004
1996 0020
1997 0400
1998 4000
1999 0010
2000 0018
2001 2000
2002 0001
2003 0002
2004 0080
2005 0400
2006 0200
2008 000c
2010 0080
2011 0040
2012 4000
2013 4000
2014 8000
2015 8000
2016 0108
2017 0080
2018 0002
2019 0100
2020 2000
2021 0800
2022 0400
2023 0010
2024 0008
2025 0800
2026 2000
2027 0200
2028 4000
2029 0020
2030 0080
2031 0020
2032 0808
2033 0800
2034 0002
2035 8000
2036 1000
2037 8000
2038 8000
2040 0408
2041 4000
2043 0001
2044 0400
2045 0001
2046 4000
2047 0002
2048 0500
2049 0400
2051 0004
2052 8000
2053 0080
2054 8000
2055 0004
2056 8100
2058 0400
2059 0001
2060 0020
2061 0080
2062 0400
2063 0400
2064 0108
2065 4000
2066 0001
2067 2000
2068 8000
2069 2000
2070 0200
2071 0040
2072 0102
2073 0020
2074 8000
2077 2000
2078 0002
2079 1000
2080 0101
2081 8000
2082 0002
2083 1000
2084 0400
2085 0200
2086 0400
2087 0001
2088 0120
2089 0008
2090 8000
2091 0001
2093 0008
2094 0010
2095 4000
2096 0108
2097 4000
2098 0040
2099 0004
2100 8000
2101 4000
2102 0200
2103 2000
2104 0104
2107 0002
2108 1000
2110 0080
2111 1000
2112 0101
2113 4000
2114 0020
2115 8000
2116 1000
2117 0002
2119 2000
2120 2100
2121 0200
2122 0008
2123 2000
2124 2000
2125 0800
2127 0002
2128 0108
2129 0004
2130 1000
2131 8000
2132 0001
2133 0200
2135 0400
2136 0300
2137 0400
2138 8000
2139 1000
2140 0400
2141 2000
2143 0020
2144 0100
2146 0008
2147 0400
2148 0080
2149 0010
2150 1000
2151 0040
2152 0900
2153 0040
2154 1000
2155 0002
2156 0200
2157 1000
2158 0008
2159 1000
2160 0500
2162 0040
2163 0020
2164 8000
2165 0080
2166 0008
2167 0800
2168 0120
2169 1000
2170 0020
2171 0010
2172 0020
2173 0400
2174 1000
2175 0400
2176 0120
2177 1000
2178 0040
2179 0008
2180 0400
2181 0040
2182 0004
2183 0002
2184 0104
2185 0004
2186 0004
2187 0800
2188 0004
2189 0002
2190 0008
2191 2000
2192 0300
2193 0008
2194 2000
2195 0010
2196 0010
2197 0001
2198 0010
2200 0300
2201 0040
2202 2000
2203 0800
2204 0080
2205 0002
2206 0008
2207 0008
2208 0120
2210 0004
2211 4000
2212 0080
2213 1000
2214 0020
2215 1000
2216 0120
2217 8000
2218 0020
2219 0001
2220 2000
2221 0004
2222 8000
2224 0100
2225 2000
2226 1000
2227 8000
2228 0400
2229 4000
2231 0200
2232 0100
2233 8000
2234 2000
2235 0001
2236 0400
2237 0200
2238 0400
2239 0001
2240 0102
2241 0001
2242 0010
2243 2000
2244 0080
2245 0400
2246 1000
2247 1000
2248 0180
2250 4000
2251 2000
2252 1000
2253 0004
2254 0020
2255 0001
2256 0102
2257 0008
2258 2000
2259 0040
2260 0001
2261 8000
2262 0400
2263 1000
2264 0500
2265 0010
2266 0001
2267 0004
2268 1000
2269 0400
2271 0200
2272 0180
2273 2000
2274 4000
2275 0040
2276 0008
2277 1000
2278 0020
2279 0008
2280 4100
2281 0800
2282 1000
2283 2000
2284 0001
2286 0001
2288 4100
2289 0080
2290 0080
2291 0400
2292 0001
2294 0200
2295 0400
2296 0120
2297 0200
2298 0002
2299 1000
2300 2000
2301 0010
2303 2000
2304 2000
2305 0100
2306 0010
2307 0002
2308 0010
2309 0008
2310 0100
2311 0100
2312 2200
2313 0020
2314 0010
2315 0004
2316 0001
2317 0008
2318 0100
2319 0010
2320 2002
2322 4000
2323 0100
2324 0002
2325 1000
2326 0400
2327 0004
2328 2020
2329 0001
2330 1000
2331 4000
2332 0080
2333 0002
2334 0080
2335 0100
2336 2020
2337 1000
2338 0008
2339 0010
2340 0400
2341 0040
2344 2080
2345 0080
2346 0020
2347 4000
2348 1000
2349 0004
2350 4000
2351 0100
2352 2002
2353 0002
2354 0200
2355 0080
2356 0010
2357 0400
2358 4000
2360 2200
2362 0001
2364 0008
2365 0200
2366 0800
2367 1000
2368 a000
2369 0100
2370 0001
2371 0010
2372 0008
2373 0100
2374 0020
2375 0020
2376 3000
2377 8000
2378 0020
2380 0080
2381 0002
2382 0002
2383 0004
2384 2010
2385 0800
2387 0080
2389 0800
2390 0040
2391 0010
2392 3000
2393 4000
2394 0040
2395 0080
2396 0100
2397 1000
2398 4000
2400 2020
2401 0400
2402 1000
2405 0001
2406 0008
2407 0400
2408 2008
2409 0080
2410 0002
2411 0010
2412 0002
2413 0004
2414 0040
2415 0001
2416 2800
2417 0400
2419 0004
2420 0400
2421 4000
2423 0002
2424 2080
2425 1000
2426 0040
2427 0200
2428 0080
2429 0040
2430 0020
2431 1000
2432 2020
2433 8000
2434 0008
2435 0400
2436 4000
2437 0080
2438 0800
2440 2100
2441 0040
2442 0004
2443 0008
2444 0020
2446 0008
2447 0004
2448 2000
2449 0008
2450 0002
2451 0008
2452 1000
2453 0800
2454 0400
2455 0100
2456 3000
2457 0100
2458 0400
2459 0020
2460 0800
2461 4000
2463 0400
2464 2020
2465 0010
2466 0001
2467 1000
2468 0400
2469 0001
2470 4000
2471 0002
2472 6000
2473 0002
2475 4000
2476 8000
2477 0001
2478 4000
2479 0100
2480 2040
2481 0020
2482 0100
2483 0400
2484 0001
2485 1000
2486 0010
2487 0400
2488 2100
2489 0002
2490 0004
2491 0200
2492 0040
2494 0100
2495 0001
2496 2004
2497 0080
2498 0004
2499 0800
2500 0008
2501 0004
2502 0040
2503 0002
2504 2000
2506 0200
2507 0800
2509 0002
2510 0001
2511 0080
2512 2002
2513 8000
2514 0040
2516 8000
2517 4000
2518 0080
2519 0008
2520 2020
2521 8000
2522 0002
2523 0040
2524 1000
2525 0800
2526 8000
2527 0100
2528 2040
2529 0002
2530 0040
2531 0400
2532 0002
2533 1000
2534 8000
2535 0004
2536 2020
2537 8000
2538 4000
2539 0008
2541 0002
2544 2040
2545 0020
2546 0800
2547 0400
2548 0004
2549 0200
2550 0010
2552 2400
2553 0020
2554 1000
2555 0001
2556 0001
2557 0004
2558 0008
2560 0104
2561 0020
2562 1000
2563 2000
2564 0100
2565 2000
2566 4000
2567 4000
2568 4004
2569 0020
2570 0008
2571 8000
2572 0020
2573 0400
2574 1000
2575 1000
2576 000c
2577 0001
2578 0400
2579 0080
2580 0200
2581 0400
2582 4000
2583 0002
2584 0104
2585 0100
2586 2000
2587 0010
2588 2000
2589 0040
2590 1000
2591 4000
2592 8004
2593 4000
2594 8000
2596 0100
2597 0800
2598 0040
2600 8004
2601 0001
2602 0100
2603 0002
2604 0080
2605 0100
2606 0008
2607 0008
2608 0204
2609 0100
2610 0020
2611 0040
2612 0020
2613 0080
2614 1000
2615 0800
2616 1004
2617 8000
2618 0080
2619 0040
2620 1000
2621 1000
2622 0001
2623 0020
2624 0084
2625 0100
2626 0001
2627 0010
2628 0002
2629 4000
2630 0040
2631 1000
2632 0084
2633 8000
2634 0008
2635 2000
2636 0010
2637 0020
2638 0010
2639 2000
2640 0804
2641 0001
2642 0080
2643 1000
2644 1000
2645 0080
2646 2000
2647 0100
2648 1004
2649 4000
2650 8000
2651 0040
2653 4000
2654 0008
2655 2000
2656 4004
2657 0001
2658 0002
2659 0040
2661 1000
2662 8000
2663 0400
2664 4004
2665 0020
2666 0400
2667 0800
2668 0008
2670 1000
2671 0200
2672 0014
2673 0800
2674 0010
2676 2000
2677 0020
2679 0010
2680 8004
2681 0800
2683 8000
2684 1000
2685 0002
2686 8000
2687 8000
2688 0014
2689 8000
2690 0800
2691 0010
2692 0020
2694 2000
2695 1000
2696 0005
2697 0080
2699 0008
2700 0400
2703 8000
2704 000c
2705 4000
2706 2000
2707 0008
2708 1000
2709 0002
2710 2000
2711 0400
2712 4004
2713 2000
2714 2000
2715 0200
2716 0040
2717 2000
2718 0080
2719 0080
2720 1004
2721 0001
2722 0040
2724 8000
2725 0002
2726 0002
2727 0080
2728 0014
2730 0002
2731 0008
2732 2000
2733 0008
2734 0010
2736 0006
2737 0400
2738 0002
2739 2000
2740 0800
2741 0400
2742 0080
2743 0008
2744 0014
2745 0200
2746 2000
2747 0200
2748 0200
2749 0020
2750 0008
2751 0008
2752 0084
2755 0400
2756 0002
2757 0400
2758 8000
2759 0001
2760 1004
2761 1000
2762 0010
2763 0040
2764 4000
2765 1000
2766 0080
2767 0200
2768 0024
2769 0800
2770 0008
2771 0800
2772 0008
2774 0040
2775 0100
2776 4004
2777 8000
2778 0001
2779 0002
2781 0010
2782 1000
2783 0040
2784 0204
2785 0080
2786 0010
2787 0001
2788 1000
2789 4000
2790 0400
2791 2000
2792 0014
2793 0040
2794 0040
2796 1000
2797 0100
2798 1000
2799 0100
2800 000c
2801 0002
2802 4000
2803 0100
2804 0080
2806 0200
2807 0400
2808 2004
2809 0002
2810 0010
2811 0800
2812 0080
2814 0010
2815 0008
2816 0084
2817 0002
2818 0040
2819 0001
2820 4000
2821 0010
2822 0200
2823 1000
2824 00c0
2825 0010
2826 0100
2827 2000
2828 0001
2829 0020
2831 0002
2832 0280
2833 8000
2834 1000
2835 0004
2836 2000
2837 0008
2838 0002
2839 0001
2840 2080
2841 0200
2843 4000
2844 4000
2845 0001
2846 4000
2847 0004
2848 0480
2849 0004
2850 8000
2851 0004
2852 2000
2853 0800
2854 0020
2855 0008
2856 1080
2857 4000
2858 4000
2859 8000
2860 4000
2861 0004
2862 8000
2864 00a0
2865 1000
2866 0010
2867 0010
2869 0040
2870 4000
2871 0008
2872 0082
2873 0002
2874 8000
2876 0004
2877 0200
2878 0004
2879 0004
2880 0082
2881 0400
2882 0400
2883 0400
2884 1000
2885 2000
2886 2000
2887 2000
2888 0090
2889 0001
2891 0004
2892 0010
2893 0002
2894 0400
2895 0002
2896 0090
2897 4000
2898 0200
2899 0010
2900 0020
2901 0010
2902 2000
2904 0080
2905 0010
2906 1000
2908 0100
2909 2000
2910 0100
2911 2000
2912 1080
2913 0400
2914 0040
2915 0800
2916 0100
2918 0400
2919 0040
2920 0180
2921 2000
2922 0200
2923 0040
2924 0200
2926 0008
2927 0800
2928 1080
2929 0002
2930 8000
2931 8000
2932 0020
2933 0100
2934 0010
2935 0400
2936 0081
2937 0100
2938 0001
2939 8000
2941 0400
2942 0002
2943 0002
2944 1080
2945 0040
2946 0200
2947 0002
2949 2000
2950 2000
2951 0004
2952 8080
2953 0200
2954 0200
2955 1000
2956 0008
2957 2000
2958 0800
2959 0800
2960 0080
2961 0800
2962 0800
2963 2000
2964 1000
2965 0100
2966 4000
2967 0400
2968 00c0
2969 0800
2970 0100
2971 0010
2972 0010
2974 0004
2975 4000
2976 00c0
2977 1000
2978 0200
2979 0008
2980 4000
2981 0040
2982 0008
2983 0010
2984 8080
2985 0100
2986 0200
2987 0100
2988 0400
2989 0100
2990 0200
2992 0084
2993 0200
2994 0400
2995 4000
2996 0040
2998 0002
2999 0800
3000 0280
3001 0004
3002 0020
3003 1000
3004 0002
3005 0004
3007 0004
3008 1080
3009 0100
3010 1000
3011 0200
3012 0200
3013 0100
3014 0800
3015 8000
3016 00c0
3017 8000
3018 0800
3019 0400
3020 2000
3021 0040
3022 0800
3023 0100
3024 0180
3025 1000
3026 0002
3027 4000
3028 0020
3029 0800
3030 0200
3031 0020
3032 0080
3033 0020
3034 0004
3035 2000
3036 0100
3037 0800
3038 2000
3039 8000
3040 0081
3041 1000
3042 0100
3043 4000
3046 0008
3047 1000
3048 4080
3049 0004
3050 0040
3051 0002
3052 0800
3053 8000
3054 0002
3055 0400
3056 0081
3057 8000
3058 0004
3059 0004
3060 0002
3061 0008
3062 1000
3063 0020
3064 8080
3065 0200
3066 0004
3067 4000
3068 1000
3069 0002
3070 0001
3071 0008
3072 1800
3073 2000
3074 0080
3075 0001
3076 0080
3077 0800
3078 0020
3079 0200
3080 1800
3081 0001
3082 0100
3083 0010
3084 0002
3085 0200
3086 8000
3088 1020
3089 0080
3090 8000
3091 0080
3092 0200
3093 0020
3094 0001
3095 8000
3096 1400
3097 0100
3098 0001
3099 4000
3100 0004
3101 0001
3102 2000
3103 0040
3104 1080
3106 0008
3107 0008
3108 0020
3109 2000
3110 0001
3111 0020
3112 1008
3113 0080
3115 0020
3116 0008
3117 8000
3118 0400
3119 0100
3120 3000
3121 0200
3122 0200
3123 0040
3124 0200
3125 0008
3126 0800
3128 1010
3129 0200
3130 0080
3131 0400
3132 0080
3133 0001
3134 0004
3135 0800
3136 1100
3137 0010
3138 0400
3139 8000
3140 0400
3141 0020
3142 2000
3143 4000
3144 1400
3145 0004
3146 4000
3147 0010
3148 0001
3149 0001
3150 8000
3151 0040
3152 1004
3153 0040
3154 0001
3155 0100
3156 0020
3158 0010
3159 0010
3160 1000
3161 0100
3162 4000
3163 0008
3164 0100
3165 0001
3166 0100
3167 0040
3168 1200
3169 0008
3170 0100
3171 0004
3172 0001
3173 4000
3174 0004
3175 0008
3176 1004
3177 0008
3178 0008
3179 0008
3180 0020
3181 0008
3182 0010
3183 0002
3184 1040
3185 0040
3186 0800
3187 8000
3188 2000
3189 2000
3190 0040
3191 0002
3192 1080
3193 0100
3194 0004
3195 2000
3196 0004
3197 0001
3198 0200
3199 0800
3200 1200
3201 0008
3203 0080
3204 0080
3205 0010
3206 0400
3207 0400
3208 1200
3209 0200
3210 0040
3211 0020
3212 0400
3213 0100
3214 0040
3215 0010
3216 1002
3217 0010
3218 0004
3219 0800
3220 0010
3221 0008
3222 0001
3223 0100
3224 1001
3225 0800
3226 0100
3227 8000
3228 0001
3230 0010
3231 0010
3232 1008
3233 0400
3234 0010
3235 0200
3236 0001
3237 0080
3238 0040
3239 2000
3240 1200
3241 2000
3242 0004
3243 0010
3244 8000
3245 2000
3246 2000
3247 0020
3248 9000
3249 0080
3250 0010
3251 0004
3252 0002
3253 0100
3254 0100
3255 2000
3256 9000
3257 0040
3258 8000
3259 0004
3260 0100
3261 0008
3262 0010
3263 0004
3264 1008
3265 8000
3266 0002
3267 2000
3268 0010
3269 0010
3271 0002
3272 1100
3274 0400
3275 0010
3276 0002
3278 0800
3279 0040
3280 1000
3281 0400
3282 0400
3284 4000
3286 0020
3287 0200
3288 1010
3289 8000
3290 0004
3291 0080
3292 0002
3293 0001
3294 8000
3295 0200
3296 9000
3297 0010
3298 0001
3299 0200
3300 0010
3301 0020
3302 2000
3303 0400
3304 3000
3305 0010
3306 8000
3307 0010
3308 4000
3309 0020
3310 0800
3311 0040
3312 3000
3313 2000
3314 0800
3315 0002
3316 0800
3317 0200
3318 0004
3319 8000
3320 1200
3321 0080
3322 0010
3324 4000
3325 0004
3327 0200
3328 0002
3329 4000
3330 0100
3331 1000
3332 8000
3333 0008
3334 4000
3335 0001
3336 0202
3338 0010
3339 0080
3340 0040
3342 0040
3343 0010
3344 0082
3345 0800
3346 4000
3347 0200
3348 0001
3349 0400
3351 0040
3352 0022
3353 0004
3354 0008
3355 0200
3356 0800
3357 8000
3358 0004
3359 0008
3360 0003
3361 0001
3362 0800
3363 8000
3364 2000
3365 1000
3366 0001
3367 0001
3368 2002
3369 0004
3370 0040
3371 0100
3372 0040
3373 0001
3374 0800
3375 1000
3376 0002
3377 0080
3378 0200
3379 0100
3380 4000
3381 0001
3382 0800
3383 0040
3384 0022
3385 1000
3386 0001
3387 0100
3388 0100
3389 0001
3390 0020
3391 0040
3392 0802
3393 0400
3394 0800
3395 0020
3396 0100
3397 0100
3398 4000
3399 2000
3400 0202
3401 0010
3402 1000
3403 0020
3404 0200
3405 0400
3408 4002
3410 0040
3411 0100
3413 0040
3414 0008
3415 0010
3416 4002
3417 0020
3418 0080
3419 0004
3420 0080
3421 0200
3422 0200
3423 0400
3424 0012
3425 0004
3426 0020
3427 0100
3428 0100
3429 0100
3430 0080
3431 0400
3432 0002
3433 0010
3434 0010
3435 0020
3436 4000
3437 0020
3438 0100
3439 0080
3440 0082
3441 0040
3442 0400
3446 0008
3447 4000
3448 0002
3450 0080
3451 0004
3452 0020
3453 1000
3454 2000
3455 0004
3456 0006
3457 0100
3458 0010
3459 0008
3460 2000
3461 8000
3462 2000
3463 0200
3464 1002
3465 0010
3466 0800
3467 0008
3468 0001
3470 0001
3471 0200
3472 0082
3473 0100
3474 0020
3475 0200
3476 8000
3477 0080
3478 1000
3479 0020
3480 0022
3481 0200
3482 0020
3483 8000
3484 0100
3485 0010
3486 0020
3487 2000
3488 2002
3489 0400
3490 0008
3491 4000
3492 0080
3493 0080
3494 0080
3495 0800
3496 0002
3498 0400
3499 1000
3500 0400
3501 0100
3502 0001
3503 0008
3504 1002
3505 0008
3507 0200
3508 0010
3510 0020
3511 0800
3512 000a
3513 0008
3514 0004
3515 0001
3516 0200
3518 4000
3520 0202
3521 0020
3522 0400
3523 0800
3525 8000
3526 0100
3527 0100
3528 0012
3529 0800
3530 2000
3531 2000
3532 1000
3533 0001
3534 0040
3535 1000
3536 0012
3537 1000
3538 0100
3539 0040
3540 0200
3541 0080
3542 0100
3543 4000
3544 000a
3545 0008
3546 0040
3547 0400
3548 0004
3549 0200
3550 4000
3551 0010
3552 4002
3553 1000
3554 0400
3555 0200
3556 0020
3557 0010
3558 1000
3559 0040
3560 2002
3561 0020
3564 0008
3566 0004
3567 0004
3568 0202
3569 0004
3570 0020
3571 0001
3572 0040
3573 0080
3574 0040
3575 2000
3576 1002
3577 0001
3578 0100
3579 0020
3580 0800
3581 0080
3582 0100
3583 0001
3584 0040
3585 1000
3587 0200
3589 2000
3590 8000
3591 0800
3592 1040
3593 0100
3594 0002
3596 0001
3597 2000
3598 0800
3599 0010
3600 0060
3601 0400
3602 0008
3604 0020
3605 0080
3606 2000
3607 0008
3608 2040
3609 0004
3610 0002
3611 0080
3612 0004
3613 0004
3614 1000
3615 0001
3616 0050
3617 0002
3618 0001
3619 0400
3620 0400
3621 0020
3622 0008
3623 0004
3624 2040
3625 0004
3626 0010
3627 0001
3628 2000
3629 0010
3631 0004
3632 0048
3633 0004
3634 1000
3635 4000
3636 0080
3637 2000
3639 0400
3640 0440
3643 1000
3644 0400
3645 0080
3646 1000
3647 1000
3648 0048
3649 0200
3650 0100
3651 0004
3652 2000
3653 4000
3654 8000
3655 0002
3656 0048
3657 1000
3658 1000
3660 4000
3661 0100
3662 0004
3663 0080
3664 0440
3665 0004
3666 4000
3667 0002
3668 0010
3669 2000
3671 1000
3672 0040
3673 0200
3674 0800
3675 8000
3676 0001
3677 0020
3678 0800
3679 2000
3680 0042
3681 0010
3682 0080
3683 0008
3684 0200
3685 2000
3686 0400
3687 0200
3688 0044
3689 2000
3690 0020
3691 1000
3692 0010
3693 4000
3694 2000
3695 0800
3696 0440
3697 1000
3698 8000
3699 0008
3700 1000
3701 1000
3702 0001
3703 0400
3704 0041
3705 0080
3706 0010
3707 0010
3708 0004
3709 0010
3710 0100
3711 0100
3712 0060
3713 0400
3714 8000
3715 4000
3717 0010
3718 0004
3719 1000
3720 0040
3721 0004
3722 4000
3723 1000
3724 0400
3725 0010
3726 8000
3727 0020
3728 2040
3729 1000
3730 8000
3731 1000
3732 0004
3733 0001
3734 0004
3735 0100
3736 4040
3737 8000
3738 4000
3740 0001
3741 0080
3742 0200
3743 0008
3744 0040
3745 0200
3746 1000
3747 4000
3748 0002
3749 0008
3750 8000
3751 0010
3752 1040
3753 8000
3754 2000
3755 0008
3756 0800
3757 0010
3758 0008
3760 2040
3761 2000
3762 4000
3763 0001
3764 0020
3765 0800
3766 0001
3767 0004
3768 4040
3769 0800
3770 1000
3771 4000
3772 8000
3773 0010
3774 0400
3775 2000
3776 4040
3777 0080
3778 0010
3779 1000
3780 0010
3781 0020
3782 8000
3783 1000
3784 0140
3785 2000
3786 4000
3787 0020
3788 0100
3789 0002
3790 0002
3791 0800
3792 0040
3793 0080
3794 2000
3795 0002
3798 0200
3799 1000
3800 0060
3801 0002
3802 1000
3803 0001
3804 0001
3805 8000
3806 8000
3807 0800
3808 00c0
3810 0002
3812 2000
3813 0002
3814 0008
3815 0200
3816 0060
3817 0010
3818 2000
3819 4000
3820 0020
3821 0004
3823 0004
3824 0042
3825 0010
3827 1000
3828 0008
3830 8000
3831 0002
3832 00c0
3833 0010
3834 0004
3835 0080
3836 1000
3837 8000
3838 0002
3839 0010
3840 8800
3842 0008
3843 0040
3844 0400
3845 2000
3847 0004
3848 0802
3849 2000
3851 8000
3852 0200
3854 0100
3855 0002
3856 0804
3857 0002
3858 0010
3859 0004
3860 0004
3861 0001
3862 0010
3863 8000
3864 4800
3865 4000
3866 0010
3867 1000
3868 0001
3869 0001
3870 2000
3871 4000
3872 0810
3873 2000
3874 0080
3875 0004
3876 0001
3877 1000
3879 0008
3880 0801
3881 8000
3882 4000
3883 0010
3884 0080
3885 0400
3886 0004
3887 8000
3888 4800
3889 4000
3890 0100
3891 4000
3892 0100
3893 2000
3895 0200
3896 0800
3898 0100
3899 0400
3900 0001
3901 0100
3902 0080
3903 0040
3904 0810
3905 0010
3906 0008
3907 0004
3908 4000
3909 0100
3910 0020
3911 0020
3912 8800
3913 0100
3914 1000
3915 0100
3916 0200
3917 2000
3918 0100
3919 0004
3920 0820
3921 0400
3923 0010
3924 0200
3925 0400
3926 0010
3927 1000
3928 4800
3929 4000
3931 0004
3932 0080
3933 1000
3934 0400
3935 0001
3936 0880
3937 0040
3938 0004
3939 0100
3940 0001
3943 0008
3944 0a00
3948 0200
3949 0008
3950 0040
3951 0400
3952 0900
3953 0100
3954 0001
3955 0010
3957 0040
3958 2000
3959 8000
3960 0800
3961 0010
3962 0008
3963 0010
3964 0004
3965 0020
3967 0040
3968 1800
3969 0080
3970 0008
3971 0200
3972 0080
3973 0200
3975 8000
3976 2800
3977 0004
3978 0010
3979 0010
3980 1000
3981 0008
3982 0010
3983 0001
3984 0c00
3985 0001
3986 1000
3988 0400
3990 1000
3991 0040
3992 0c00
3993 0080
3995 0010
3996 0040
3997 1000
3998 0008
3999 0020
4000 0800
4001 0020
4002 0020
4003 0400
4004 0010
4005 0004
4006 0400
4007 0010
4008 4800
4009 4000
4011 0200
4012 0400
4013 0004
4014 0200
4015 0001
4016 0800
4017 0008
4018 0010
4019 0004
4020 0001
4021 0040
4022 8000
4023 0040
4024 0800
4025 0020
4026 0008
4027 0200
4028 2000
4029 1000
4030 0001
4031 0002
4032 0804
4034 2000
4035 0400
4036 0010
4037 0008
4038 0008
4039 0200
4040 1800
4041 0008
4043 0040
4044 0080
4046 0010
4047 0040
4048 0808
4049 0001
4050 0400
4051 0400
4052 0080
4053 0020
4054 0400
4055 0001
4056 0808
4057 0004
4058 4000
4059 8000
4060 0002
4061 2000
4062 0002
4063 0004
4064 0840
4065 1000
4066 8000
4067 4000
4068 2000
4069 0080
4070 0010
4071 0200
4072 0810
4073 0040
4074 0001
4075 0040
4077 0080
4078 0002
4079 0200
4080 0800
4081 1000
4082 0008
4083 0020
4084 8000
4085 0001
4086 0040
4087 8000
4088 0c00
4089 2000
4090 0400
4091 8000
4092 0040
4093 2000
4094 0010
4095 0400
