0 0a00
1 0020
2 2000
3 0010
4 0100
5 0100
6 1000
7 2000
8 0210
9 0040
10 0800
11 0002
12 0001
13 0008
14 0040
15 0100
16 2200
17 0100
19 0020
20 2000
22 0800
23 0040
24 0600
25 0100
26 0040
27 4000
28 0001
30 2000
31 0010
32 0200
33 2000
34 4000
35 0010
36 0100
37 0040
38 0020
39 8000
40 1200
41 0080
42 0002
43 0100
44 8000
45 0008
46 0100
47 2000
48 1200
49 1000
50 8000
51 0020
52 0080
53 4000
54 2000
55 2000
56 0204
57 0040
58 0040
59 0800
60 0010
61 1000
62 0400
63 0002
64 0204
65 0400
66 0040
68 0800
69 0080
70 0008
71 4000
72 2200
73 0400
74 0800
75 2000
76 2000
77 4000
78 0004
79 4000
80 1200
81 0001
82 8000
83 0001
84 0001
86 0080
87 2000
88 8200
89 0400
90 0010
91 1000
92 0008
93 0800
94 0004
95 2000
96 0600
97 0040
98 0080
99 2000
100 0400
102 0002
103 0010
104 0202
105 0080
106 0002
107 0010
108 0800
109 0002
110 0800
111 0001
112 0a00
114 0400
115 0400
116 0008
117 0002
118 0002
119 2000
120 0300
121 0008
122 0002
123 0004
126 1000
127 0400
128 0600
129 0001
130 0010
131 0004
132 4000
133 0400
134 8000
135 0010
136 0300
137 0400
138 4000
139 1000
140 0040
141 1000
142 0800
143 0040
144 0200
145 8000
146 2000
147 0400
148 1000
149 0080
150 0800
151 8000
152 0300
153 2000
154 0800
155 0002
156 0008
157 4000
158 8000
159 0008
160 0600
162 1000
163 0008
164 0004
165 0040
166 0002
167 0400
168 2200
169 0100
170 4000
171 0004
172 1000
173 8000
175 0100
176 0202
177 2000
178 0010
179 4000
180 0004
181 4000
182 1000
183 0004
184 8200
185 2000
186 0040
187 0400
188 0001
189 1000
190 0100
191 0080
192 0200
194 8000
195 0400
196 0400
198 2000
200 0208
201 0004
202 0002
203 2000
204 0400
205 0004
206 0040
207 1000
208 0200
210 0002
211 0008
212 0004
213 0400
214 0800
215 0008
216 0600
217 0010
218 0010
219 0020
220 0040
221 0400
222 0008
224 4200
225 0800
226 8000
227 0040
228 0080
229 0004
230 0008
231 1000
232 0240
233 0100
234 0010
235 0800
236 0800
237 0080
238 0002
239 0080
240 0240
241 0800
242 0040
243 0080
244 0002
245 8000
246 0040
248 2200
249 0020
251 0004
252 0001
253 0001
254 0100
255 0004
256 2400
257 0008
258 0080
259 1000
260 0010
261 2000
262 0002
263 0040
264 0410
265 0080
266 0100
267 0001
268 0020
269 0100
270 0020
271 4000
272 0c00
274 1000
275 4000
276 2000
277 1000
278 0080
279 4000
280 0420
281 0800
282 0080
283 4000
285 0800
288 2400
289 0020
290 0100
291 0040
293 0001
294 8000
295 0100
296 1400
297 0002
298 1000
300 0008
301 0100
302 0001
303 0200
304 0400
306 8000
307 0800
308 0010
309 0010
310 4000
311 1000
312 0402
313 1000
314 0200
315 0200
316 0001
317 0010
318 0008
319 0100
320 0c00
321 0008
322 0001
323 4000
324 2000
325 0200
326 0004
327 0010
328 8400
329 2000
330 0200
331 0040
332 0010
333 4000
334 0020
335 1000
336 0400
337 0200
338 0100
339 0080
341 0020
342 1000
343 0001
344 0420
346 0800
347 0040
349 0800
350 0002
351 0800
352 0440
353 0001
354 0008
355 0100
357 0080
358 0080
359 0080
360 0402
361 4000
362 0100
363 1000
364 0040
365 0010
366 4000
368 0400
369 0080
370 0200
371 0004
372 4000
373 8000
374 0040
375 0080
376 0500
377 4000
378 8000
379 1000
380 0004
381 2000
382 8000
383 0800
384 4400
385 0020
386 0020
387 0800
389 1000
390 0002
392 0410
393 8000
394 0080
395 0001
396 0002
397 0200
398 0010
399 0040
400 0500
401 0100
402 0200
404 8000
406 1000
407 2000
408 0600
409 0010
411 0800
412 1000
413 1000
415 0100
416 0600
417 0200
418 0200
419 8000
420 0020
422 2000
423 0008
424 0420
425 0100
426 2000
428 2000
429 1000
430 8000
431 4000
432 1400
433 0200
434 0001
435 0020
437 0020
438 8000
439 0040
440 0400
443 0200
444 8000
445 8000
446 0080
447 0100
448 0420
449 0002
450 0800
451 0040
453 2000
454 0010
455 0200
456 0500
457 0001
458 2000
459 8000
460 0020
461 0200
462 2000
463 0080
464 0404
465 0080
466 0080
468 0200
469 0008
470 0100
472 0404
473 0008
474 2000
477 2000
478 0020
480 0400
481 0020
482 0004
483 0020
484 0010
486 0004
487 0200
488 0410
489 0002
490 0800
491 0040
492 2000
493 0010
494 0100
495 0002
496 0404
497 0040
498 4000
499 4000
500 0200
501 0008
502 1000
503 4000
504 0c00
505 0080
506 4000
507 0800
509 0100
510 0080
511 0080
512 0808
513 0008
514 0004
516 2000
517 8000
518 0002
519 2000
520 0804
522 0080
523 0040
525 0008
526 0100
527 0004
528 0808
529 0200
530 0004
531 0010
532 2000
533 0002
534 0040
535 0080
536 0c00
537 4000
538 2000
539 0002
540 0020
541 0100
544 8800
545 0040
546 0400
547 0001
548 1000
549 0002
550 0004
551 0001
552 0c00
553 0002
554 0400
555 2000
556 0020
558 0200
560 0880
561 2000
562 0002
563 0080
564 0400
565 0080
566 4000
567 0004
568 0900
570 0010
571 2000
572 0400
573 1000
574 0400
575 0200
576 0c00
577 0010
579 0200
580 0200
581 0001
582 0200
583 0100
584 0810
585 8000
586 0200
587 0100
588 0002
589 0080
590 0001
591 0100
592 0808
594 0020
595 0080
596 1000
597 0002
598 0008
599 0002
600 0808
601 4000
602 0080
603 0100
604 0004
606 1000
608 0900
610 0010
611 0400
612 0040
613 1000
614 0040
615 1000
616 2800
617 2000
618 4000
619 0040
621 0040
622 4000
623 8000
624 0802
625 0040
626 4000
627 0002
628 0040
629 0002
630 0010
631 0008
632 0a00
633 0040
635 0100
636 0100
637 0020
638 0001
640 0900
641 0001
642 0002
644 0020
645 0008
646 0040
647 0200
648 1800
649 0001
651 8000
652 8000
653 4000
654 0004
655 0001
656 0880
657 0100
658 0002
659 0008
661 2000
662 0200
663 0001
664 0880
665 0010
667 0080
668 0100
669 0080
670 0010
671 0100
672 4800
673 0008
674 0008
676 0100
677 8000
678 8000
679 2000
680 0a00
682 8000
683 0004
684 0400
685 0010
686 0008
687 0040
688 0810
689 0004
690 2000
691 0400
692 0200
694 0004
695 0080
696 0a00
697 0004
699 2000
700 0020
701 0001
702 2000
703 8000
704 2800
705 0400
707 0100
708 0080
709 0001
710 2000
711 0004
712 0820
713 0002
714 0002
715 0080
716 0200
717 4000
718 0080
719 0008
720 0802
721 0200
722 0002
723 0020
724 0010
725 8000
726 0001
727 0004
728 0c00
729 0200
730 1000
731 0400
732 0008
733 0010
734 2000
735 0200
736 0800
737 0020
739 8000
740 0008
741 0020
743 0200
744 0900
745 8000
746 0010
747 4000
748 8000
749 0020
750 0040
751 2000
752 4800
753 0002
755 0008
756 0040
757 0008
758 0100
760 0804
761 0010
763 0080
764 4000
765 8000
766 0002
767 8000
768 1001
770 0040
771 2000
773 0010
774 8000
775 0080
776 1001
777 0008
778 8000
779 0002
780 0001
782 4000
783 0040
784 1001
785 0200
786 0800
787 0100
788 0004
789 0800
790 2000
791 0020
792 9000
793 0200
794 4000
795 0001
796 0800
797 0800
798 0080
799 4000
800 1004
801 0400
802 0008
803 0008
804 0004
805 0040
806 0020
807 0010
808 1002
809 4000
810 0800
811 0004
812 0001
813 2000
814 0020
815 0001
816 3000
817 0008
818 0800
819 4000
820 0020
821 8000
822 8000
823 0100
824 5000
825 8000
826 2000
827 0020
828 0800
829 0800
830 4000
831 0080
832 1008
833 0200
834 4000
835 0002
836 0100
837 0010
838 0004
839 0080
840 1040
841 0001
842 0004
843 8000
844 4000
845 0008
847 0040
848 1010
849 0004
850 0200
851 0100
852 0001
853 4000
854 0400
855 0800
856 1800
857 0040
858 0010
859 0800
861 0020
862 0020
863 0100
864 1040
865 0800
866 4000
867 4000
869 8000
870 0001
871 0040
872 5000
873 0800
874 0040
875 0400
876 0040
877 4000
878 0020
879 0020
880 1400
881 0020
882 0040
883 0200
884 0100
885 0001
886 0200
887 0080
888 1008
889 0100
890 0002
891 0080
892 2000
893 0002
895 0020
896 1400
897 0800
898 0400
899 0004
900 0100
901 2000
903 0020
904 1040
905 4000
906 0200
907 4000
908 2000
910 0800
911 4000
912 1800
913 0001
914 4000
916 0001
917 8000
918 0200
919 0001
920 1002
921 0100
922 0200
923 0080
924 2000
925 0800
926 0001
927 0200
928 1800
929 0008
930 0800
931 0010
932 0800
933 2000
934 0001
935 0010
936 1001
937 2000
938 4000
939 0040
940 0100
941 0002
942 0010
943 0001
944 1400
945 0020
946 0001
947 0004
948 0040
949 0010
950 0001
951 0200
952 1100
953 0080
954 0040
955 0200
957 0040
958 0010
959 0020
960 9000
961 0004
962 0100
964 2000
965 0010
966 0400
967 0100
968 5000
969 0080
970 0004
971 0040
972 0040
973 0020
974 4000
975 0008
976 3000
977 4000
978 4000
979 0020
980 0040
981 0800
982 0002
983 4000
984 9000
985 0008
986 0008
987 2000
988 0020
990 2000
991 8000
992 1100
993 0008
994 0080
995 0020
996 8000
997 4000
998 0100
999 0040
1000 1080
1001 4000
1002 0200
1003 0040
1004 0400
1005 0800
1006 4000
1007 0400
1008 1040
1009 0010
1010 0004
1011 0800
1012 0010
1013 2000
1015 0010
1016 1010
1017 2000
1019 0200
1020 2000
1021 0002
1023 0400
1024 2010
1025 0002
1027 0400
1028 4000
1029 0800
1030 0080
1031 0004
1032 2400
1033 0002
1034 0010
1035 0002
1036 0100
1037 0004
1038 0080
1039 0400
1040 2000
1041 0800
1043 1000
1044 0800
1045 4000
1046 0010
1047 0004
1048 2000
1049 0400
1050 0004
1051 0200
1052 0100
1053 0040
1054 0800
1055 0008
1056 2400
1057 0001
1058 0001
1059 0001
1060 1000
1061 0002
1062 0080
1063 0100
1064 6000
1065 0010
1066 0001
1067 0008
1068 4000
1069 0100
1070 0080
1071 4000
1072 6000
1073 0010
1074 0080
1075 0200
1076 0008
1077 0001
1078 0001
1079 0002
1080 2004
1081 0040
1082 0001
1083 0004
1085 0080
1086 4000
1087 0080
1088 2004
1089 0040
1090 0800
1091 8000
1092 0004
1093 8000
1094 8000
1095 8000
1096 2001
1097 1000
1098 1000
1099 1000
1100 0001
1101 4000
1102 0002
1103 0400
1104 3000
1105 0100
1106 8000
1107 0001
1108 0400
1109 0800
1110 0040
1111 1000
1112 2800
1114 8000
1115 0010
1116 1000
1117 0400
1118 0080
1119 4000
1120 2100
1121 1000
1122 0400
1123 0100
1124 0200
1126 0004
1127 0100
1128 2100
1130 0004
1131 0100
1132 0020
1133 0020
1134 0400
1136 2010
1138 4000
1139 8000
1140 0004
1141 0008
1142 0040
1143 0020
1144 2004
1145 0100
1146 0001
1147 4000
1148 0200
1149 0080
1150 0200
1152 2800
1154 0008
1155 0001
1156 0100
1157 0400
1158 0080
1159 0020
1160 2200
1161 0100
1162 0008
1163 1000
1164 0080
1165 1000
1166 0010
1168 2008
1169 0200
1170 0100
1171 0004
1172 8000
1173 0020
1174 0200
1175 1000
1176 2040
1177 0010
1178 0008
1179 0080
1180 0040
1181 0010
1182 0002
1183 0008
1184 2400
1185 0080
1186 0200
1188 8000
1189 0800
1190 8000
1192 2008
1194 0800
1195 0080
1196 0002
1197 1000
1198 0200
1199 0040
1200 2020
1201 0800
1203 0080
1204 1000
1205 0001
1206 8000
1207 0100
1208 2200
1209 4000
1210 0040
1212 0080
1213 0800
1214 0100
1215 0010
1216 6000
1218 0002
1219 0040
1220 1000
1223 4000
1224 2010
1225 0002
1226 0001
1227 0002
1228 0800
1229 1000
1230 0800
1231 0008
1232 2400
1233 0020
1234 1000
1235 0002
1236 0080
1237 0800
1238 1000
1239 0010
1240 2400
1241 0002
1242 0040
1243 0200
1244 0020
1245 0100
1246 8000
1247 0400
1248 2000
1249 0010
1250 0008
1251 0040
1252 0200
1253 0100
1254 0080
1255 0001
1256 2200
1257 0400
1258 0400
1259 0020
1260 0008
1261 0200
1262 1000
1263 0200
1264 2800
1265 0200
1266 0400
1268 0008
1269 1000
1270 0002
1271 1000
1272 2004
1273 0100
1274 0040
1275 0002
1276 1000
1277 0002
1278 4000
1279 0008
1280 4008
1281 1000
1282 0008
1283 8000
1285 0100
1288 4020
1290 0800
1291 2000
1292 0040
1293 0010
1294 0008
1295 0001
1296 4008
1297 0008
1298 0800
1299 0020
1300 0008
1301 0001
1302 0004
1303 0002
1304 4002
1305 0800
1306 0010
1307 0002
1308 0400
1309 8000
1310 0200
1311 2000
1312 4080
1313 0100
1314 0080
1315 0001
1318 0040
1319 0010
1320 4040
1321 8000
1322 0800
1323 0200
1324 0008
1325 0400
1326 0002
1327 0100
1328 4200
1329 0020
1330 0400
1331 0004
1332 0001
1333 0002
1334 0200
1335 0200
1336 4008
1337 1000
1338 0010
1339 0001
1340 0010
1341 0400
1342 1000
1343 0400
1344 4040
1345 0002
1347 0008
1348 8000
1349 8000
1350 0040
1351 0020
1352 4020
1353 0002
1354 0800
1355 0008
1356 0080
1357 0004
1358 0080
1359 0002
1360 4001
1361 0100
1362 0400
1363 0008
1364 0080
1365 0800
1367 2000
1368 4400
1369 0004
1370 0001
1371 0400
1372 0200
1373 0010
1374 0400
1375 0400
1376 6000
1377 0400
1378 1000
1380 8000
1381 0200
1382 8000
1383 0080
1384 4010
1385 0200
1386 2000
1387 0002
1388 2000
1389 0400
1390 0040
1391 0200
1392 4200
1393 0004
1394 0004
1395 0002
1396 0080
1397 0002
1398 0002
1399 0010
1400 4040
1401 0004
1402 0001
1404 0002
1405 0004
1406 0200
1407 1000
1408 4000
1409 0002
1411 2000
1412 2000
1413 0002
1414 2000
1415 1000
1416 4008
1417 8000
1418 0040
1419 0002
1420 0100
1421 0001
1422 0008
1423 8000
1424 4002
1425 0080
1426 0400
1427 0080
1428 0008
1429 0040
1430 2000
1432 4400
1433 0020
1434 0400
1436 1000
1437 0004
1438 0008
1439 1000
1440 4200
1441 8000
1442 0200
1443 1000
1445 2000
1446 0100
1447 0002
1448 4200
1449 0400
1450 0002
1451 2000
1452 0200
1453 8000
1455 0400
1456 c000
1457 0010
1458 0002
1459 0010
1460 0004
1461 0004
1462 1000
1463 8000
1464 4400
1465 1000
1466 0800
1467 1000
1468 0400
1469 0010
1471 0020
1472 4200
1473 0040
1474 0200
1476 0800
1477 0001
1478 1000
1479 8000
1480 6000
1481 0010
1482 0010
1483 1000
1484 0800
1485 0010
1486 0040
1487 0080
1488 4200
1489 0008
1490 0100
1491 0200
1492 2000
1493 0002
1494 0002
1495 2000
1496 4400
1497 0002
1498 0100
1500 0200
1501 0020
1502 0100
1504 4010
1505 0040
1506 0001
1507 0100
1508 0800
1509 1000
1511 0080
1512 4000
1513 0008
1515 0200
1516 0100
1517 0008
1518 0200
1519 0200
1520 4001
1521 0002
1523 0100
1524 0040
1525 8000
1526 0200
1527 0200
1528 4800
1529 2000
1530 0002
1531 0001
1532 8000
1533 0001
1534 0001
1535 0400
1536 8004
1538 0040
1539 0040
1540 0020
1541 0040
1542 0002
1543 1000
1544 8008
1545 0080
1546 0800
1547 0040
1548 0400
1549 0002
1551 0002
1552 9000
1553 0200
1554 0001
1555 0004
1556 0002
1557 0800
1558 0200
1559 0008
1560 8020
1561 0100
1563 0004
1564 4000
1565 0100
1566 0040
1567 0001
1568 8001
1569 0800
1570 0004
1571 0080
1572 0400
1573 0020
1574 0010
1575 0001
1576 8080
1577 0400
1578 0001
1579 0040
1580 0020
1581 0002
1582 0020
1583 1000
1584 8100
1585 0010
1586 1000
1587 0001
1588 0200
1589 0008
1590 4000
1591 0200
1592 8400
1593 0080
1594 0001
1595 0400
1596 2000
1597 2000
1598 0020
1599 1000
1600 8001
1601 0400
1602 0020
1603 0200
1604 0100
1605 0001
1606 0008
1607 0001
1608 8800
1609 0400
1611 0040
1612 2000
1613 0001
1614 0100
1616 c000
1617 0040
1618 0040
1619 0004
1620 0010
1621 0080
1622 0020
1623 0400
1624 8080
1625 2000
1626 0004
1627 0200
1629 0400
1630 4000
1631 1000
1632 8200
1633 0008
1634 1000
1635 0080
1636 0080
1637 0800
1638 2000
1639 2000
1640 8200
1641 1000
1643 0040
1644 0100
1645 0002
1646 4000
1647 0040
1648 a000
1650 4000
1651 2000
1653 0010
1655 0040
1656 8002
1657 0010
1658 0004
1660 0001
1661 0040
1663 0400
1664 8040
1665 0400
1666 0002
1667 4000
1668 0002
1669 0020
1670 0010
1671 0040
1672 8040
1673 0008
1674 0008
1675 0002
1676 4000
1677 0040
1678 4000
1679 1000
1680 8040
1681 0001
1682 0040
1683 0002
1684 1000
1685 0020
1686 0001
1687 4000
1688 8004
1689 0020
1690 0010
1691 0200
1693 1000
1694 0001
1695 0008
1696 8100
1697 0002
1698 0002
1699 4000
1700 2000
1702 0100
1703 0004
1704 8080
1705 0002
1706 0800
1707 0008
1708 0800
1709 4000
1710 0001
1711 0080
1712 8080
1713 0800
1714 4000
1715 0400
1716 0080
1717 4000
1719 0020
1720 a000
1721 0008
1722 0004
1723 0080
1724 4000
1725 0002
1726 0040
1727 4000
1728 8002
1729 0400
1730 0010
1731 0800
1732 1000
1733 0008
1734 0002
1735 0100
1736 8800
1737 0008
1738 4000
1739 1000
1740 4000
1741 0008
1742 0800
1744 8080
1746 0004
1747 0010
1748 0001
1749 2000
1750 4000
1751 0001
1752 8002
1753 0100
1754 0080
1755 0100
1756 0400
1757 0004
1758 0001
1759 0040
1760 8200
1761 0100
1762 4000
1763 0800
1764 0002
1765 0080
1766 1000
1767 0100
1768 8200
1769 0200
1770 0020
1771 0080
1772 1000
1773 0080
1774 0001
1775 0010
1776 8080
1777 0200
1778 0001
1779 0001
1780 4000
1781 0001
1782 0004
1783 2000
1784 8200
1785 2000
1786 1000
1787 0001
1788 1000
1790 2000
1791 0020
1792 8001
1793 0010
1794 0040
1795 8000
1796 0002
1797 0200
1798 0200
1799 0020
1800 0401
1801 0002
1802 0080
1803 4000
1804 0020
1805 1000
1806 0010
1808 0021
1809 0200
1811 0800
1812 0002
1813 0010
1815 0100
1816 0005
1817 4000
1818 0010
1819 4000
1820 0008
1821 0020
1822 0008
1823 0004
1824 0201
1825 8000
1826 0010
1827 0004
1828 0040
1829 0800
1830 0200
1831 0800
1832 0009
1833 0100
1834 0008
1835 0800
1836 8000
1837 0040
1839 0100
1840 1001
1842 0010
1843 0020
1844 0100
1845 0002
1846 0004
1847 8000
1848 0001
1849 0100
1850 0002
1851 0040
1852 0100
1853 1000
1854 0400
1855 1000
1856 0201
1857 8000
1858 0100
1859 8000
1860 0800
1861 0400
1862 0020
1864 0201
1865 0002
1866 0002
1867 0080
1868 0080
1869 0100
1870 0080
1871 0400
1872 0001
1873 0004
1874 0010
1876 0020
1877 0800
1878 0020
1879 0010
1880 0005
1881 1000
1882 8000
1883 0800
1884 0020
1885 0800
1886 0040
1888 0401
1889 8000
1890 0800
1891 0020
1892 0400
1893 4000
1894 0010
1895 0400
1896 1001
1897 0080
1898 0010
1899 0080
1900 0400
1901 0800
1902 2000
1903 0020
1904 0011
1905 0040
1906 0002
1907 8000
1908 0400
1910 0100
1911 0040
1912 0801
1913 0080
1914 4000
1915 4000
1916 0002
1917 0800
1918 1000
1919 0100
1920 0009
1921 0010
1922 1000
1924 0200
1925 0008
1927 0200
1928 0001
1929 0200
1930 0200
1931 0010
1932 0100
1934 0010
1935 4000
1936 0021
1937 0002
1938 8000
1939 4000
1940 0100
1941 8000
1942 0004
1943 0010
1944 0001
1945 0200
1946 2000
1947 0002
1948 0004
1949 1000
1950 4000
1951 0004
1952 0021
1953 4000
1954 2000
1955 0400
1956 0010
1957 0020
1958 0800
1959 2000
1960 0011
1961 0020
1962 0008
1963 0020
1964 0080
1965 0020
1966 0004
1967 0400
1968 2001
1969 0080
1970 0080
1971 0010
1972 0800
1973 0020
1974 0040
1976 8001
1977 0200
1978 0004
1979 0800
1980 0200
1981 0400
1982 0020
1983 0400
1984 0001
1985 0004
1986 0002
1987 0008
1988 0200
1989 0004
1990 1000
1991 8000
1992 0021
1993 0080
1994 4000
1995 0008
1996 0400
1997 0800
1998 8000
1999 2000
2000 2001
2001 0004
2002 0200
2003 0040
2004 0010
2005 0800
2006 4000
2008 0009
2010 0010
2011 0080
2012 8000
2013 8000
2014 1000
2015 1000
2016 0003
2017 0010
2018 0040
2019 0002
2020 0004
2021 0100
2022 0800
2023 2000
2024 0001
2025 0100
2026 0004
2027 4000
2028 8000
2029 0400
2030 0010
2031 0400
2032 0101
2033 0100
2034 0040
2035 1000
2036 0020
2037 1000
2038 1000
2040 0801
2041 8000
2043 0200
2044 0800
2045 0200
2046 8000
2047 0040
2048 0802
2049 0800
2051 0008
2052 1000
2053 0010
2054 1000
2055 0008
2056 1002
2058 0800
2059 0200
2060 0400
2061 0010
2062 0800
2063 0800
2064 0003
2065 8000
2066 0200
2067 0004
2068 1000
2069 0004
2070 4000
2071 0080
2072 0042
2073 0400
2074 1000
2077 0004
2078 0040
2079 0020
2080 0202
2081 1000
2082 0040
2083 0020
2084 0800
2085 4000
2086 0800
2087 0200
2088 0402
2089 0001
2090 1000
2091 0200
2093 0001
2094 2000
2095 8000
2096 0003
2097 8000
2098 0080
2099 0008
2100 1000
2101 8000
2102 4000
2103 0004
2104 000a
2107 0040
2108 0020
2110 0010
2111 0020
2112 0202
2113 8000
2114 0400
2115 1000
2116 0020
2117 0040
2119 0004
2120 0006
2121 4000
2122 0001
2123 0004
2124 0004
2125 0100
2127 0040
2128 0003
2129 0008
2130 0020
2131 1000
2132 0200
2133 4000
2135 0800
2136 4002
2137 0800
2138 1000
2139 0020
2140 0800
2141 0004
2143 0400
2144 0002
2146 0001
2147 0800
2148 0010
2149 2000
2150 0020
2151 0080
2152 0102
2153 0080
2154 0020
2155 0040
2156 4000
2157 0020
2158 0001
2159 0020
2160 0802
2162 0080
2163 0400
2164 1000
2165 0010
2166 0001
2167 0100
2168 0402
2169 0020
2170 0400
2171 2000
2172 0400
2173 0800
2174 0020
2175 0800
2176 0402
2177 0020
2178 0080
2179 0001
2180 0800
2181 0080
2182 0008
2183 0040
2184 000a
2185 0008
2186 0008
2187 0100
2188 0008
2189 0040
2190 0001
2191 0004
2192 4002
2193 0001
2194 0004
2195 2000
2196 2000
2197 0200
2198 2000
2200 4002
2201 0080
2202 0004
2203 0100
2204 0010
2205 0040
2206 0001
2207 0001
2208 0402
2210 0008
2211 8000
2212 0010
2213 0020
2214 0400
2215 0020
2216 0402
2217 1000
2218 0400
2219 0200
2220 0004
2221 0008
2222 1000
2224 0002
2225 0004
2226 0020
2227 1000
2228 0800
2229 8000
2231 4000
2232 0002
2233 1000
2234 0004
2235 0200
2236 0800
2237 4000
2238 0800
2239 0200
2240 0042
2241 0200
2242 2000
2243 0004
2244 0010
2245 0800
2246 0020
2247 0020
2248 0012
2250 8000
2251 0004
2252 0020
2253 0008
2254 0400
2255 0200
2256 0042
2257 0001
2258 0004
2259 0080
2260 0200
2261 1000
2262 0800
2263 0020
2264 0802
2265 2000
2266 0200
2267 0008
2268 0020
2269 0800
2271 4000
2272 0012
2273 0004
2274 8000
2275 0080
2276 0001
2277 0020
2278 0400
2279 0001
2280 8002
2281 0100
2282 0020
2283 0004
2284 0200
2286 0200
2288 8002
2289 0010
2290 0010
2291 0800
2292 0200
2294 4000
2295 0800
2296 0402
2297 4000
2298 0040
2299 0020
2300 0004
2301 2000
2303 0004
2304 0004
2305 0002
2306 2000
2307 0040
2308 2000
2309 0001
2310 0002
2311 0002
2312 4004
2313 0400
2314 2000
2315 0008
2316 0200
2317 0001
2318 0002
2319 2000
2320 0044
2322 8000
2323 0002
2324 0040
2325 0020
2326 0800
2327 0008
2328 0404
2329 0200
2330 0020
2331 8000
2332 0010
2333 0040
2334 0010
2335 0002
2336 0404
2337 0020
2338 0001
2339 2000
2340 0800
2341 0080
2344 0014
2345 0010
2346 0400
2347 8000
2348 0020
2349 0008
2350 8000
2351 0002
2352 0044
2353 0040
2354 4000
2355 0010
2356 2000
2357 0800
2358 8000
2360 4004
2362 0200
2364 0001
2365 4000
2366 0100
2367 0020
2368 1004
2369 0002
2370 0200
2371 2000
2372 0001
2373 0002
2374 0400
2375 0400
2376 0024
2377 1000
2378 0400
2380 0010
2381 0040
2382 0040
2383 0008
2384 2004
2385 0100
2387 0010
2389 0100
2390 0080
2391 2000
2392 0024
2393 8000
2394 0080
2395 0010
2396 0002
2397 0020
2398 8000
2400 0404
2401 0800
2402 0020
2405 0200
2406 0001
2407 0800
2408 0005
2409 0010
2410 0040
2411 2000
2412 0040
2413 0008
2414 0080
2415 0200
2416 0104
2417 0800
2419 0008
2420 0800
2421 8000
2423 0040
2424 0014
2425 0020
2426 0080
2427 4000
2428 0010
2429 0080
2430 0400
2431 0020
2432 0404
2433 1000
2434 0001
2435 0800
2436 8000
2437 0010
2438 0100
2440 0006
2441 0080
2442 0008
2443 0001
2444 0400
2446 0001
2447 0008
2448 0004
2449 0001
2450 0040
2451 0001
2452 0020
2453 0100
2454 0800
2455 0002
2456 0024
2457 0002
2458 0800
2459 0400
2460 0100
2461 8000
2463 0800
2464 0404
2465 2000
2466 0200
2467 0020
2468 0800
2469 0200
2470 8000
2471 0040
2472 8004
2473 0040
2475 8000
2476 1000
2477 0200
2478 8000
2479 0002
2480 0084
2481 0400
2482 0002
2483 0800
2484 0200
2485 0020
2486 2000
2487 0800
2488 0006
2489 0040
2490 0008
2491 4000
2492 0080
2494 0002
2495 0200
2496 000c
2497 0010
2498 0008
2499 0100
2500 0001
2501 0008
2502 0080
2503 0040
2504 0004
2506 4000
2507 0100
2509 0040
2510 0200
2511 0010
2512 0044
2513 1000
2514 0080
2516 1000
2517 8000
2518 0010
2519 0001
2520 0404
2521 1000
2522 0040
2523 0080
2524 0020
2525 0100
2526 1000
2527 0002
2528 0084
2529 0040
2530 0080
2531 0800
2532 0040
2533 0020
2534 1000
2535 0008
2536 0404
2537 1000
2538 8000
2539 0001
2541 0040
2544 0084
2545 0400
2546 0100
2547 0800
2548 0008
2549 4000
2550 2000
2552 0804
2553 0400
2554 0020
2555 0200
2556 0200
2557 0008
2558 0001
2560 000a
2561 0400
2562 0020
2563 0004
2564 0002
2565 0004
2566 8000
2567 8000
2568 8008
2569 0400
2570 0001
2571 1000
2572 0400
2573 0800
2574 0020
2575 0020
2576 0009
2577 0200
2578 0800
2579 0010
2580 4000
2581 0800
2582 8000
2583 0040
2584 000a
2585 0002
2586 0004
2587 2000
2588 0004
2589 0080
2590 0020
2591 8000
2592 1008
2593 8000
2594 1000
2596 0002
2597 0100
2598 0080
2600 1008
2601 0200
2602 0002
2603 0040
2604 0010
2605 0002
2606 0001
2607 0001
2608 4008
2609 0002
2610 0400
2611 0080
2612 0400
2613 0010
2614 0020
2615 0100
2616 0028
2617 1000
2618 0010
2619 0080
2620 0020
2621 0020
2622 0200
2623 0400
2624 0018
2625 0002
2626 0200
2627 2000
2628 0040
2629 8000
2630 0080
2631 0020
2632 0018
2633 1000
2634 0001
2635 0004
2636 2000
2637 0400
2638 2000
2639 0004
2640 0108
2641 0200
2642 0010
2643 0020
2644 0020
2645 0010
2646 0004
2647 0002
2648 0028
2649 8000
2650 1000
2651 0080
2653 8000
2654 0001
2655 0004
2656 8008
2657 0200
2658 0040
2659 0080
2661 0020
2662 1000
2663 0800
2664 8008
2665 0400
2666 0800
2667 0100
2668 0001
2670 0020
2671 4000
2672 2008
2673 0100
2674 2000
2676 0004
2677 0400
2679 2000
2680 1008
2681 0100
2683 1000
2684 0020
2685 0040
2686 1000
2687 1000
2688 2008
2689 1000
2690 0100
2691 2000
2692 0400
2694 0004
2695 0020
2696 0208
2697 0010
2699 0001
2700 0800
2703 1000
2704 0009
2705 8000
2706 0004
2707 0001
2708 0020
2709 0040
2710 0004
2711 0800
2712 8008
2713 0004
2714 0004
2715 4000
2716 0080
2717 0004
2718 0010
2719 0010
2720 0028
2721 0200
2722 0080
2724 1000
2725 0040
2726 0040
2727 0010
2728 2008
2730 0040
2731 0001
2732 0004
2733 0001
2734 2000
2736 0048
2737 0800
2738 0040
2739 0004
2740 0100
2741 0800
2742 0010
2743 0001
2744 2008
2745 4000
2746 0004
2747 4000
2748 4000
2749 0400
2750 0001
2751 0001
2752 0018
2755 0800
2756 0040
2757 0800
2758 1000
2759 0200
2760 0028
2761 0020
2762 2000
2763 0080
2764 8000
2765 0020
2766 0010
2767 4000
2768 0408
2769 0100
2770 0001
2771 0100
2772 0001
2774 0080
2775 0002
2776 8008
2777 1000
2778 0200
2779 0040
2781 2000
2782 0020
2783 0080
2784 4008
2785 0010
2786 2000
2787 0200
2788 0020
2789 8000
2790 0800
2791 0004
2792 2008
2793 0080
2794 0080
2796 0020
2797 0002
2798 0020
2799 0002
2800 0009
2801 0040
2802 8000
2803 0002
2804 0010
2806 4000
2807 0800
2808 000c
2809 0040
2810 2000
2811 0100
2812 0010
2814 2000
2815 0001
2816 0018
2817 0040
2818 0080
2819 0200
2820 8000
2821 2000
2822 4000
2823 0020
2824 0090
2825 2000
2826 0002
2827 0004
2828 0200
2829 0400
2831 0040
2832 4010
2833 1000
2834 0020
2835 0008
2836 0004
2837 0001
2838 0040
2839 0200
2840 0014
2841 4000
2843 8000
2844 8000
2845 0200
2846 8000
2847 0008
2848 0810
2849 0008
2850 1000
2851 0008
2852 0004
2853 0100
2854 0400
2855 0001
2856 0030
2857 8000
2858 8000
2859 1000
2860 8000
2861 0008
2862 1000
2864 0410
2865 0020
2866 2000
2867 2000
2869 0080
2870 8000
2871 0001
2872 0050
2873 0040
2874 1000
2876 0008
2877 4000
2878 0008
2879 0008
2880 0050
2881 0800
2882 0800
2883 0800
2884 0020
2885 0004
2886 0004
2887 0004
2888 2010
2889 0200
2891 0008
2892 2000
2893 0040
2894 0800
2895 0040
2896 2010
2897 8000
2898 4000
2899 2000
2900 0400
2901 2000
2902 0004
2904 0010
2905 2000
2906 0020
2908 0002
2909 0004
2910 0002
2911 0004
2912 0030
2913 0800
2914 0080
2915 0100
2916 0002
2918 0800
2919 0080
2920 0012
2921 0004
2922 4000
2923 0080
2924 4000
2926 0001
2927 0100
2928 0030
2929 0040
2930 1000
2931 1000
2932 0400
2933 0002
2934 2000
2935 0800
2936 0210
2937 0002
2938 0200
2939 1000
2941 0800
2942 0040
2943 0040
2944 0030
2945 0080
2946 4000
2947 0040
2949 0004
2950 0004
2951 0008
2952 1010
2953 4000
2954 4000
2955 0020
2956 0001
2957 0004
2958 0100
2959 0100
2960 0010
2961 0100
2962 0100
2963 0004
2964 0020
2965 0002
2966 8000
2967 0800
2968 0090
2969 0100
2970 0002
2971 2000
2972 2000
2974 0008
2975 8000
2976 0090
2977 0020
2978 4000
2979 0001
2980 8000
2981 0080
2982 0001
2983 2000
2984 1010
2985 0002
2986 4000
2987 0002
2988 0800
2989 0002
2990 4000
2992 0018
2993 4000
2994 0800
2995 8000
2996 0080
2998 0040
2999 0100
3000 4010
3001 0008
3002 0400
3003 0020
3004 0040
3005 0008
3007 0008
3008 0030
3009 0002
3010 0020
3011 4000
3012 4000
3013 0002
3014 0100
3015 1000
3016 0090
3017 1000
3018 0100
3019 0800
3020 0004
3021 0080
3022 0100
3023 0002
3024 0012
3025 0020
3026 0040
3027 8000
3028 0400
3029 0100
3030 4000
3031 0400
3032 0010
3033 0400
3034 0008
3035 0004
3036 0002
3037 0100
3038 0004
3039 1000
3040 0210
3041 0020
3042 0002
3043 8000
3046 0001
3047 0020
3048 8010
3049 0008
3050 0080
3051 0040
3052 0100
3053 1000
3054 0040
3055 0800
3056 0210
3057 1000
3058 0008
3059 0008
3060 0040
3061 0001
3062 0020
3063 0400
3064 1010
3065 4000
3066 0008
3067 8000
3068 0020
3069 0040
3070 0200
3071 0001
3072 0120
3073 0004
3074 0010
3075 0200
3076 0010
3077 0100
3078 0400
3079 4000
3080 0120
3081 0200
3082 0002
3083 2000
3084 0040
3085 4000
3086 1000
3088 0420
3089 0010
3090 1000
3091 0010
3092 4000
3093 0400
3094 0200
3095 1000
3096 0820
3097 0002
3098 0200
3099 8000
3100 0008
3101 0200
3102 0004
3103 0080
3104 0030
3106 0001
3107 0001
3108 0400
3109 0004
3110 0200
3111 0400
3112 0021
3113 0010
3115 0400
3116 0001
3117 1000
3118 0800
3119 0002
3120 0024
3121 4000
3122 4000
3123 0080
3124 4000
3125 0001
3126 0100
3128 2020
3129 4000
3130 0010
3131 0800
3132 0010
3133 0200
3134 0008
3135 0100
3136 0022
3137 2000
3138 0800
3139 1000
3140 0800
3141 0400
3142 0004
3143 8000
3144 0820
3145 0008
3146 8000
3147 2000
3148 0200
3149 0200
3150 1000
3151 0080
3152 0028
3153 0080
3154 0200
3155 0002
3156 0400
3158 2000
3159 2000
3160 0020
3161 0002
3162 8000
3163 0001
3164 0002
3165 0200
3166 0002
3167 0080
3168 4020
3169 0001
3170 0002
3171 0008
3172 0200
3173 8000
3174 0008
3175 0001
3176 0028
3177 0001
3178 0001
3179 0001
3180 0400
3181 0001
3182 2000
3183 0040
3184 00a0
3185 0080
3186 0100
3187 1000
3188 0004
3189 0004
3190 0080
3191 0040
3192 0030
3193 0002
3194 0008
3195 0004
3196 0008
3197 0200
3198 4000
3199 0100
3200 4020
3201 0001
3203 0010
3204 0010
3205 2000
3206 0800
3207 0800
3208 4020
3209 4000
3210 0080
3211 0400
3212 0800
3213 0002
3214 0080
3215 2000
3216 0060
3217 2000
3218 0008
3219 0100
3220 2000
3221 0001
3222 0200
3223 0002
3224 0220
3225 0100
3226 0002
3227 1000
3228 0200
3230 2000
3231 2000
3232 0021
3233 0800
3234 2000
3235 4000
3236 0200
3237 0010
3238 0080
3239 0004
3240 4020
3241 0004
3242 0008
3243 2000
3244 1000
3245 0004
3246 0004
3247 0400
3248 1020
3249 0010
3250 2000
3251 0008
3252 0040
3253 0002
3254 0002
3255 0004
3256 1020
3257 0080
3258 1000
3259 0008
3260 0002
3261 0001
3262 2000
3263 0008
3264 0021
3265 1000
3266 0040
3267 0004
3268 2000
3269 2000
3271 0040
3272 0022
3274 0800
3275 2000
3276 0040
3278 0100
3279 0080
3280 0020
3281 0800
3282 0800
3284 8000
3286 0400
3287 4000
3288 2020
3289 1000
3290 0008
3291 0010
3292 0040
3293 0200
3294 1000
3295 4000
3296 1020
3297 2000
3298 0200
3299 4000
3300 2000
3301 0400
3302 0004
3303 0800
3304 0024
3305 2000
3306 1000
3307 2000
3308 8000
3309 0400
3310 0100
3311 0080
3312 0024
3313 0004
3314 0100
3315 0040
3316 0100
3317 4000
3318 0008
3319 1000
3320 4020
3321 0010
3322 2000
3324 8000
3325 0008
3327 4000
3328 0040
3329 8000
3330 0002
3331 0020
3332 1000
3333 0001
3334 8000
3335 0200
3336 4040
3338 2000
3339 0010
3340 0080
3342 0080
3343 2000
3344 0050
3345 0100
3346 8000
3347 4000
3348 0200
3349 0800
3351 0080
3352 0440
3353 0008
3354 0001
3355 4000
3356 0100
3357 1000
3358 0008
3359 0001
3360 0240
3361 0200
3362 0100
3363 1000
3364 0004
3365 0020
3366 0200
3367 0200
3368 0044
3369 0008
3370 0080
3371 0002
3372 0080
3373 0200
3374 0100
3375 0020
3376 0040
3377 0010
3378 4000
3379 0002
3380 8000
3381 0200
3382 0100
3383 0080
3384 0440
3385 0020
3386 0200
3387 0002
3388 0002
3389 0200
3390 0400
3391 0080
3392 0140
3393 0800
3394 0100
3395 0400
3396 0002
3397 0002
3398 8000
3399 0004
3400 4040
3401 2000
3402 0020
3403 0400
3404 4000
3405 0800
3408 8040
3410 0080
3411 0002
3413 0080
3414 0001
3415 2000
3416 8040
3417 0400
3418 0010
3419 0008
3420 0010
3421 4000
3422 4000
3423 0800
3424 2040
3425 0008
3426 0400
3427 0002
3428 0002
3429 0002
3430 0010
3431 0800
3432 0040
3433 2000
3434 2000
3435 0400
3436 8000
3437 0400
3438 0002
3439 0010
3440 0050
3441 0080
3442 0800
3446 0001
3447 8000
3448 0040
3450 0010
3451 0008
3452 0400
3453 0020
3454 0004
3455 0008
3456 0048
3457 0002
3458 2000
3459 0001
3460 0004
3461 1000
3462 0004
3463 4000
3464 0060
3465 2000
3466 0100
3467 0001
3468 0200
3470 0200
3471 4000
3472 0050
3473 0002
3474 0400
3475 4000
3476 1000
3477 0010
3478 0020
3479 0400
3480 0440
3481 4000
3482 0400
3483 1000
3484 0002
3485 2000
3486 0400
3487 0004
3488 0044
3489 0800
3490 0001
3491 8000
3492 0010
3493 0010
3494 0010
3495 0100
3496 0040
3498 0800
3499 0020
3500 0800
3501 0002
3502 0200
3503 0001
3504 0060
3505 0001
3507 4000
3508 2000
3510 0400
3511 0100
3512 0041
3513 0001
3514 0008
3515 0200
3516 4000
3518 8000
3520 4040
3521 0400
3522 0800
3523 0100
3525 1000
3526 0002
3527 0002
3528 2040
3529 0100
3530 0004
3531 0004
3532 0020
3533 0200
3534 0080
3535 0020
3536 2040
3537 0020
3538 0002
3539 0080
3540 4000
3541 0010
3542 0002
3543 8000
3544 0041
3545 0001
3546 0080
3547 0800
3548 0008
3549 4000
3550 8000
3551 2000
3552 8040
3553 0020
3554 0800
3555 4000
3556 0400
3557 2000
3558 0020
3559 0080
3560 0044
3561 0400
3564 0001
3566 0008
3567 0008
3568 4040
3569 0008
3570 0400
3571 0200
3572 0080
3573 0010
3574 0080
3575 0004
3576 0060
3577 0200
3578 0002
3579 0400
3580 0100
3581 0010
3582 0002
3583 0200
3584 0080
3585 0020
3587 4000
3589 0004
3590 1000
3591 0100
3592 00a0
3593 0002
3594 0040
3596 0200
3597 0004
3598 0100
3599 2000
3600 0480
3601 0800
3602 0001
3604 0400
3605 0010
3606 0004
3607 0001
3608 0084
3609 0008
3610 0040
3611 0010
3612 0008
3613 0008
3614 0020
3615 0200
3616 2080
3617 0040
3618 0200
3619 0800
3620 0800
3621 0400
3622 0001
3623 0008
3624 0084
3625 0008
3626 2000
3627 0200
3628 0004
3629 2000
3631 0008
3632 0081
3633 0008
3634 0020
3635 8000
3636 0010
3637 0004
3639 0800
3640 0880
3643 0020
3644 0800
3645 0010
3646 0020
3647 0020
3648 0081
3649 4000
3650 0002
3651 0008
3652 0004
3653 8000
3654 1000
3655 0040
3656 0081
3657 0020
3658 0020
3660 8000
3661 0002
3662 0008
3663 0010
3664 0880
3665 0008
3666 8000
3667 0040
3668 2000
3669 0004
3671 0020
3672 0080
3673 4000
3674 0100
3675 1000
3676 0200
3677 0400
3678 0100
3679 0004
3680 00c0
3681 2000
3682 0010
3683 0001
3684 4000
3685 0004
3686 0800
3687 4000
3688 0088
3689 0004
3690 0400
3691 0020
3692 2000
3693 8000
3694 0004
3695 0100
3696 0880
3697 0020
3698 1000
3699 0001
3700 0020
3701 0020
3702 0200
3703 0800
3704 0280
3705 0010
3706 2000
3707 2000
3708 0008
3709 2000
3710 0002
3711 0002
3712 0480
3713 0800
3714 1000
3715 8000
3717 2000
3718 0008
3719 0020
3720 0080
3721 0008
3722 8000
3723 0020
3724 0800
3725 2000
3726 1000
3727 0400
3728 0084
3729 0020
3730 1000
3731 0020
3732 0008
3733 0200
3734 0008
3735 0002
3736 8080
3737 1000
3738 8000
3740 0200
3741 0010
3742 4000
3743 0001
3744 0080
3745 4000
3746 0020
3747 8000
3748 0040
3749 0001
3750 1000
3751 2000
3752 00a0
3753 1000
3754 0004
3755 0001
3756 0100
3757 2000
3758 0001
3760 0084
3761 0004
3762 8000
3763 0200
3764 0400
3765 0100
3766 0200
3767 0008
3768 8080
3769 0100
3770 0020
3771 8000
3772 1000
3773 2000
3774 0800
3775 0004
3776 8080
3777 0010
3778 2000
3779 0020
3780 2000
3781 0400
3782 1000
3783 0020
3784 0082
3785 0004
3786 8000
3787 0400
3788 0002
3789 0040
3790 0040
3791 0100
3792 0080
3793 0010
3794 0004
3795 0040
3798 4000
3799 0020
3800 0480
3801 0040
3802 0020
3803 0200
3804 0200
3805 1000
3806 1000
3807 0100
3808 0090
3810 0040
3812 0004
3813 0040
3814 0001
3815 4000
3816 0480
3817 2000
3818 0004
3819 8000
3820 0400
3821 0008
3823 0008
3824 00c0
3825 2000
3827 0020
3828 0001
3830 1000
3831 0040
3832 0090
3833 2000
3834 0008
3835 0010
3836 0020
3837 1000
3838 0040
3839 2000
3840 1100
3842 0001
3843 0080
3844 0800
3845 0004
3847 0008
3848 0140
3849 0004
3851 1000
3852 4000
3854 0002
3855 0040
3856 0108
3857 0040
3858 2000
3859 0008
3860 0008
3861 0200
3862 2000
3863 1000
3864 8100
3865 8000
3866 2000
3867 0020
3868 0200
3869 0200
3870 0004
3871 8000
3872 2100
3873 0004
3874 0010
3875 0008
3876 0200
3877 0020
3879 0001
3880 0300
3881 1000
3882 8000
3883 2000
3884 0010
3885 0800
3886 0008
3887 1000
3888 8100
3889 8000
3890 0002
3891 8000
3892 0002
3893 0004
3895 4000
3896 0100
3898 0002
3899 0800
3900 0200
3901 0002
3902 0010
3903 0080
3904 2100
3905 2000
3906 0001
3907 0008
3908 8000
3909 0002
3910 0400
3911 0400
3912 1100
3913 0002
3914 0020
3915 0002
3916 4000
3917 0004
3918 0002
3919 0008
3920 0500
3921 0800
3923 2000
3924 4000
3925 0800
3926 2000
3927 0020
3928 8100
3929 8000
3931 0008
3932 0010
3933 0020
3934 0800
3935 0200
3936 0110
3937 0080
3938 0008
3939 0002
3940 0200
3943 0001
3944 4100
3948 4000
3949 0001
3950 0080
3951 0800
3952 0102
3953 0002
3954 0200
3955 2000
3957 0080
3958 0004
3959 1000
3960 0100
3961 2000
3962 0001
3963 2000
3964 0008
3965 0400
3967 0080
3968 0120
3969 0010
3970 0001
3971 4000
3972 0010
3973 4000
3975 1000
3976 0104
3977 0008
3978 2000
3979 2000
3980 0020
3981 0001
3982 2000
3983 0200
3984 0900
3985 0200
3986 0020
3988 0800
3990 0020
3991 0080
3992 0900
3993 0010
3995 2000
3996 0080
3997 0020
3998 0001
3999 0400
4000 0100
4001 0400
4002 0400
4003 0800
4004 2000
4005 0008
4006 0800
4007 2000
4008 8100
4009 8000
4011 4000
4012 0800
4013 0008
4014 4000
4015 0200
4016 0100
4017 0001
4018 2000
4019 0008
4020 0200
4021 0080
4022 1000
4023 0080
4024 0100
4025 0400
4026 0001
4027 4000
4028 0004
4029 0020
4030 0200
4031 0040
4032 0108
4034 0004
4035 0800
4036 2000
4037 0001
4038 0001
4039 4000
4040 0120
4041 0001
4043 0080
4044 0010
4046 2000
4047 0080
4048 0101
4049 0200
4050 0800
4051 0800
4052 0010
4053 0400
4054 0800
4055 0200
4056 0101
4057 0008
4058 8000
4059 1000
4060 0040
4061 0004
4062 0040
4063 0008
4064 0180
4065 0020
4066 1000
4067 8000
4068 0004
4069 0010
4070 2000
4071 4000
4072 2100
4073 0080
4074 0200
4075 0080
4077 0010
4078 0040
4079 4000
4080 0100
4081 0020
4082 0001
4083 0400
4084 1000
4085 0200
4086 0080
4087 1000
4088 0900
4089 0004
4090 0800
4091 1000
4092 0080
4093 0004
4094 2000
4095 0800
