1 2000
3 1000
5 0800
7 0400
9 0200
11 0100
13 0080
15 0040
17 0020
19 0010
21 0008
23 0004
25 0002
27 0001
29 8000
31 4000
33 2000
35 1000
37 0800
39 0400
41 0200
43 0100
45 0080
47 0040
49 0020
51 0010
53 0008
55 0004
57 0002
59 0001
61 8000
63 4000
65 2000
67 1000
69 0800
71 0400
73 0200
75 0100
77 0080
79 0040
81 0020
83 0010
85 0008
87 0004
89 0002
91 0001
93 8000
95 4000
97 2000
99 1000
101 0800
103 0400
105 0200
107 0100
109 0080
111 0040
113 0020
115 0010
117 0008
119 0004
121 0002
123 0001
125 8000
127 4000
129 2000
131 1000
133 0800
135 0400
137 0200
139 0100
141 0080
143 0040
145 0020
147 0010
149 0008
151 0004
153 0002
155 0001
157 8000
159 4000
161 2000
163 1000
165 0800
167 0400
169 0200
171 0100
173 0080
175 0040
177 0020
179 0010
181 0008
183 0004
185 0002
187 0001
189 8000
191 4000
193 2000
195 1000
197 0800
199 0400
201 0200
203 0100
205 0080
207 0040
209 0020
211 0010
213 0008
215 0004
217 0002
219 0001
221 8000
223 4000
225 2000
227 1000
229 0800
231 0400
233 0200
235 0100
237 0080
239 0040
241 0020
243 0010
245 0008
247 0004
249 0002
251 0001
253 8000
255 4000
257 2000
259 1000
261 0800
263 0400
265 0200
267 0100
269 0080
271 0040
273 0020
275 0010
277 0008
279 0004
281 0002
283 0001
285 8000
287 4000
289 2000
291 1000
293 0800
295 0400
297 0200
299 0100
301 0080
303 0040
305 0020
307 0010
309 0008
311 0004
313 0002
315 0001
317 8000
319 4000
321 2000
323 1000
325 0800
327 0400
329 0200
331 0100
333 0080
335 0040
337 0020
339 0010
341 0008
343 0004
345 0002
347 0001
349 8000
351 4000
353 2000
355 1000
357 0800
359 0400
361 0200
363 0100
365 0080
367 0040
369 0020
371 0010
373 0008
375 0004
377 0002
379 0001
381 8000
383 4000
385 2000
387 1000
389 0800
391 0400
393 0200
395 0100
397 0080
399 0040
401 0020
403 0010
405 0008
407 0004
409 0002
411 0001
413 8000
415 4000
417 2000
419 1000
421 0800
423 0400
425 0200
427 0100
429 0080
431 0040
433 0020
435 0010
437 0008
439 0004
441 0002
443 0001
445 8000
447 4000
449 2000
451 1000
453 0800
455 0400
457 0200
459 0100
461 0080
463 0040
465 0020
467 0010
469 0008
471 0004
473 0002
475 0001
477 8000
479 4000
481 2000
483 1000
485 0800
487 0400
489 0200
491 0100
493 0080
495 0040
497 0020
499 0010
501 0008
503 0004
505 0002
507 0001
509 8000
511 4000
513 2000
515 1000
517 0800
519 0400
521 0200
523 0100
525 0080
527 0040
529 0020
531 0010
533 0008
535 0004
537 0002
539 0001
541 8000
543 4000
545 2000
547 1000
549 0800
551 0400
553 0200
555 0100
557 0080
559 0040
561 0020
563 0010
565 0008
567 0004
569 0002
571 0001
573 8000
575 4000
577 2000
579 1000
581 0800
583 0400
585 0200
587 0100
589 0080
591 0040
593 0020
595 0010
597 0008
599 0004
601 0002
603 0001
605 8000
607 4000
609 2000
611 1000
613 0800
615 0400
617 0200
619 0100
621 0080
623 0040
625 0020
627 0010
629 0008
631 0004
633 0002
635 0001
637 8000
639 4000
641 2000
643 1000
645 0800
647 0400
649 0200
651 0100
653 0080
655 0040
657 0020
659 0010
661 0008
663 0004
665 0002
667 0001
669 8000
671 4000
673 2000
675 1000
677 0800
679 0400
681 0200
683 0100
685 0080
687 0040
689 0020
691 0010
693 0008
695 0004
697 0002
699 0001
701 8000
703 4000
705 2000
707 1000
709 0800
711 0400
713 0200
715 0100
717 0080
719 0040
721 0020
723 0010
725 0008
727 0004
729 0002
731 0001
733 8000
735 4000
737 2000
739 1000
741 0800
743 0400
745 0200
747 0100
749 0080
751 0040
753 0020
755 0010
757 0008
759 0004
761 0002
763 0001
765 8000
767 4000
769 2000
771 1000
773 0800
775 0400
777 0200
779 0100
781 0080
783 0040
785 0020
787 0010
789 0008
791 0004
793 0002
795 0001
797 8000
799 4000
801 2000
803 1000
805 0800
807 0400
809 0200
811 0100
813 0080
815 0040
817 0020
819 0010
821 0008
823 0004
825 0002
827 0001
829 8000
831 4000
833 2000
835 1000
837 0800
839 0400
841 0200
843 0100
845 0080
847 0040
849 0020
851 0010
853 0008
855 0004
857 0002
859 0001
861 8000
863 4000
865 2000
867 1000
869 0800
871 0400
873 0200
875 0100
877 0080
879 0040
881 0020
883 0010
885 0008
887 0004
889 0002
891 0001
893 8000
895 4000
897 2000
899 1000
901 0800
903 0400
905 0200
907 0100
909 0080
911 0040
913 0020
915 0010
917 0008
919 0004
921 0002
923 0001
925 8000
927 4000
929 2000
931 1000
933 0800
935 0400
937 0200
939 0100
941 0080
943 0040
945 0020
947 0010
949 0008
951 0004
953 0002
955 0001
957 8000
959 4000
961 2000
963 1000
965 0800
967 0400
969 0200
971 0100
973 0080
975 0040
977 0020
979 0010
981 0008
983 0004
985 0002
987 0001
989 8000
991 4000
993 2000
995 1000
997 0800
999 0400
1001 0200
1003 0100
1005 0080
1007 0040
1009 0020
1011 0010
1013 0008
1015 0004
1017 0002
1019 0001
1021 8000
1023 4000
1025 2000
1027 1000
1029 0800
1031 0400
1033 0200
1035 0100
1037 0080
1039 0040
1041 0020
1043 0010
1045 0008
1047 0004
1049 0002
1051 0001
1053 8000
1055 4000
1057 2000
1059 1000
1061 0800
1063 0400
1065 0200
1067 0100
1069 0080
1071 0040
1073 0020
1075 0010
1077 0008
1079 0004
1081 0002
1083 0001
1085 8000
1087 4000
1089 2000
1091 1000
1093 0800
1095 0400
1097 0200
1099 0100
1101 0080
1103 0040
1105 0020
1107 0010
1109 0008
1111 0004
1113 0002
1115 0001
1117 8000
1119 4000
1121 2000
1123 1000
1125 0800
1127 0400
1129 0200
1131 0100
1133 0080
1135 0040
1137 0020
1139 0010
1141 0008
1143 0004
1145 0002
1147 0001
1149 8000
1151 4000
1153 2000
1155 1000
1157 0800
1159 0400
1161 0200
1163 0100
1165 0080
1167 0040
1169 0020
1171 0010
1173 0008
1175 0004
1177 0002
1179 0001
1181 8000
1183 4000
1185 2000
1187 1000
1189 0800
1191 0400
1193 0200
1195 0100
1197 0080
1199 0040
1201 0020
1203 0010
1205 0008
1207 0004
1209 0002
1211 0001
1213 8000
1215 4000
1217 2000
1219 1000
1221 0800
1223 0400
1225 0200
1227 0100
1229 0080
1231 0040
1233 0020
1235 0010
1237 0008
1239 0004
1241 0002
1243 0001
1245 8000
1247 4000
1249 2000
1251 1000
1253 0800
1255 0400
1257 0200
1259 0100
1261 0080
1263 0040
1265 0020
1267 0010
1269 0008
1271 0004
1273 0002
1275 0001
1277 8000
1279 4000
1281 2000
1283 1000
1285 0800
1287 0400
1289 0200
1291 0100
1293 0080
1295 0040
1297 0020
1299 0010
1301 0008
1303 0004
1305 0002
1307 0001
1309 8000
1311 4000
1313 2000
1315 1000
1317 0800
1319 0400
1321 0200
1323 0100
1325 0080
1327 0040
1329 0020
1331 0010
1333 0008
1335 0004
1337 0002
1339 0001
1341 8000
1343 4000
1345 2000
1347 1000
1349 0800
1351 0400
1353 0200
1355 0100
1357 0080
1359 0040
1361 0020
1363 0010
1365 0008
1367 0004
1369 0002
1371 0001
1373 8000
1375 4000
1377 2000
1379 1000
1381 0800
1383 0400
1385 0200
1387 0100
1389 0080
1391 0040
1393 0020
1395 0010
1397 0008
1399 0004
1401 0002
1403 0001
1405 8000
1407 4000
1409 2000
1411 1000
1413 0800
1415 0400
1417 0200
1419 0100
1421 0080
1423 0040
1425 0020
1427 0010
1429 0008
1431 0004
1433 0002
1435 0001
1437 8000
1439 4000
1441 2000
1443 1000
1445 0800
1447 0400
1449 0200
1451 0100
1453 0080
1455 0040
1457 0020
1459 0010
1461 0008
1463 0004
1465 0002
1467 0001
1469 8000
1471 4000
1473 2000
1475 1000
1477 0800
1479 0400
1481 0200
1483 0100
1485 0080
1487 0040
1489 0020
1491 0010
1493 0008
1495 0004
1497 0002
1499 0001
1501 8000
1503 4000
1505 2000
1507 1000
1509 0800
1511 0400
1513 0200
1515 0100
1517 0080
1519 0040
1521 0020
1523 0010
1525 0008
1527 0004
1529 0002
1531 0001
1533 8000
1535 4000
1537 2000
1539 1000
1541 0800
1543 0400
1545 0200
1547 0100
1549 0080
1551 0040
1553 0020
1555 0010
1557 0008
1559 0004
1561 0002
1563 0001
1565 8000
1567 4000
1569 2000
1571 1000
1573 0800
1575 0400
1577 0200
1579 0100
1581 0080
1583 0040
1585 0020
1587 0010
1589 0008
1591 0004
1593 0002
1595 0001
1597 8000
1599 4000
1601 2000
1603 1000
1605 0800
1607 0400
1609 0200
1611 0100
1613 0080
1615 0040
1617 0020
1619 0010
1621 0008
1623 0004
1625 0002
1627 0001
1629 8000
1631 4000
1633 2000
1635 1000
1637 0800
1639 0400
1641 0200
1643 0100
1645 0080
1647 0040
1649 0020
1651 0010
1653 0008
1655 0004
1657 0002
1659 0001
1661 8000
1663 4000
1665 2000
1667 1000
1669 0800
1671 0400
1673 0200
1675 0100
1677 0080
1679 0040
1681 0020
1683 0010
1685 0008
1687 0004
1689 0002
1691 0001
1693 8000
1695 4000
1697 2000
1699 1000
1701 0800
1703 0400
1705 0200
1707 0100
1709 0080
1711 0040
1713 0020
1715 0010
1717 0008
1719 0004
1721 0002
1723 0001
1725 8000
1727 4000
1729 2000
1731 1000
1733 0800
1735 0400
1737 0200
1739 0100
1741 0080
1743 0040
1745 0020
1747 0010
1749 0008
1751 0004
1753 0002
1755 0001
1757 8000
1759 4000
1761 2000
1763 1000
1765 0800
1767 0400
1769 0200
1771 0100
1773 0080
1775 0040
1777 0020
1779 0010
1781 0008
1783 0004
1785 0002
1787 0001
1789 8000
1791 4000
1793 2000
1795 1000
1797 0800
1799 0400
1801 0200
1803 0100
1805 0080
1807 0040
1809 0020
1811 0010
1813 0008
1815 0004
1817 0002
1819 0001
1821 8000
1823 4000
1825 2000
1827 1000
1829 0800
1831 0400
1833 0200
1835 0100
1837 0080
1839 0040
1841 0020
1843 0010
1845 0008
1847 0004
1849 0002
1851 0001
1853 8000
1855 4000
1857 2000
1859 1000
1861 0800
1863 0400
1865 0200
1867 0100
1869 0080
1871 0040
1873 0020
1875 0010
1877 0008
1879 0004
1881 0002
1883 0001
1885 8000
1887 4000
1889 2000
1891 1000
1893 0800
1895 0400
1897 0200
1899 0100
1901 0080
1903 0040
1905 0020
1907 0010
1909 0008
1911 0004
1913 0002
1915 0001
1917 8000
1919 4000
1921 2000
1923 1000
1925 0800
1927 0400
1929 0200
1931 0100
1933 0080
1935 0040
1937 0020
1939 0010
1941 0008
1943 0004
1945 0002
1947 0001
1949 8000
1951 4000
1953 2000
1955 1000
1957 0800
1959 0400
1961 0200
1963 0100
1965 0080
1967 0040
1969 0020
1971 0010
1973 0008
1975 0004
1977 0002
1979 0001
1981 8000
1983 4000
1985 2000
1987 1000
1989 0800
1991 0400
1993 0200
1995 0100
1997 0080
1999 0040
2001 0020
2003 0010
2005 0008
2007 0004
2009 0002
2011 0001
2013 8000
2015 4000
2017 2000
2019 1000
2021 0800
2023 0400
2025 0200
2027 0100
2029 0080
2031 0040
2033 0020
2035 0010
2037 0008
2039 0004
2041 0002
2043 0001
2045 8000
2047 4000
2048 2000
2050 1000
2052 0800
2054 0400
2056 0200
2058 0100
2060 0080
2062 0040
2064 0020
2066 0010
2068 0008
2070 0004
2072 0002
2074 0001
2076 8000
2078 4000
2080 2000
2082 1000
2084 0800
2086 0400
2088 0200
2090 0100
2092 0080
2094 0040
2096 0020
2098 0010
2100 0008
2102 0004
2104 0002
2106 0001
2108 8000
2110 4000
2112 2000
2114 1000
2116 0800
2118 0400
2120 0200
2122 0100
2124 0080
2126 0040
2128 0020
2130 0010
2132 0008
2134 0004
2136 0002
2138 0001
2140 8000
2142 4000
2144 2000
2146 1000
2148 0800
2150 0400
2152 0200
2154 0100
2156 0080
2158 0040
2160 0020
2162 0010
2164 0008
2166 0004
2168 0002
2170 0001
2172 8000
2174 4000
2176 2000
2178 1000
2180 0800
2182 0400
2184 0200
2186 0100
2188 0080
2190 0040
2192 0020
2194 0010
2196 0008
2198 0004
2200 0002
2202 0001
2204 8000
2206 4000
2208 2000
2210 1000
2212 0800
2214 0400
2216 0200
2218 0100
2220 0080
2222 0040
2224 0020
2226 0010
2228 0008
2230 0004
2232 0002
2234 0001
2236 8000
2238 4000
2240 2000
2242 1000
2244 0800
2246 0400
2248 0200
2250 0100
2252 0080
2254 0040
2256 0020
2258 0010
2260 0008
2262 0004
2264 0002
2266 0001
2268 8000
2270 4000
2272 2000
2274 1000
2276 0800
2278 0400
2280 0200
2282 0100
2284 0080
2286 0040
2288 0020
2290 0010
2292 0008
2294 0004
2296 0002
2298 0001
2300 8000
2302 4000
2304 2000
2306 1000
2308 0800
2310 0400
2312 0200
2314 0100
2316 0080
2318 0040
2320 0020
2322 0010
2324 0008
2326 0004
2328 0002
2330 0001
2332 8000
2334 4000
2336 2000
2338 1000
2340 0800
2342 0400
2344 0200
2346 0100
2348 0080
2350 0040
2352 0020
2354 0010
2356 0008
2358 0004
2360 0002
2362 0001
2364 8000
2366 4000
2368 2000
2370 1000
2372 0800
2374 0400
2376 0200
2378 0100
2380 0080
2382 0040
2384 0020
2386 0010
2388 0008
2390 0004
2392 0002
2394 0001
2396 8000
2398 4000
2400 2000
2402 1000
2404 0800
2406 0400
2408 0200
2410 0100
2412 0080
2414 0040
2416 0020
2418 0010
2420 0008
2422 0004
2424 0002
2426 0001
2428 8000
2430 4000
2432 2000
2434 1000
2436 0800
2438 0400
2440 0200
2442 0100
2444 0080
2446 0040
2448 0020
2450 0010
2452 0008
2454 0004
2456 0002
2458 0001
2460 8000
2462 4000
2464 2000
2466 1000
2468 0800
2470 0400
2472 0200
2474 0100
2476 0080
2478 0040
2480 0020
2482 0010
2484 0008
2486 0004
2488 0002
2490 0001
2492 8000
2494 4000
2496 2000
2498 1000
2500 0800
2502 0400
2504 0200
2506 0100
2508 0080
2510 0040
2512 0020
2514 0010
2516 0008
2518 0004
2520 0002
2522 0001
2524 8000
2526 4000
2528 2000
2530 1000
2532 0800
2534 0400
2536 0200
2538 0100
2540 0080
2542 0040
2544 0020
2546 0010
2548 0008
2550 0004
2552 0002
2554 0001
2556 8000
2558 4000
2560 2000
2562 1000
2564 0800
2566 0400
2568 0200
2570 0100
2572 0080
2574 0040
2576 0020
2578 0010
2580 0008
2582 0004
2584 0002
2586 0001
2588 8000
2590 4000
2592 2000
2594 1000
2596 0800
2598 0400
2600 0200
2602 0100
2604 0080
2606 0040
2608 0020
2610 0010
2612 0008
2614 0004
2616 0002
2618 0001
2620 8000
2622 4000
2624 2000
2626 1000
2628 0800
2630 0400
2632 0200
2634 0100
2636 0080
2638 0040
2640 0020
2642 0010
2644 0008
2646 0004
2648 0002
2650 0001
2652 8000
2654 4000
2656 2000
2658 1000
2660 0800
2662 0400
2664 0200
2666 0100
2668 0080
2670 0040
2672 0020
2674 0010
2676 0008
2678 0004
2680 0002
2682 0001
2684 8000
2686 4000
2688 2000
2690 1000
2692 0800
2694 0400
2696 0200
2698 0100
2700 0080
2702 0040
2704 0020
2706 0010
2708 0008
2710 0004
2712 0002
2714 0001
2716 8000
2718 4000
2720 2000
2722 1000
2724 0800
2726 0400
2728 0200
2730 0100
2732 0080
2734 0040
2736 0020
2738 0010
2740 0008
2742 0004
2744 0002
2746 0001
2748 8000
2750 4000
2752 2000
2754 1000
2756 0800
2758 0400
2760 0200
2762 0100
2764 0080
2766 0040
2768 0020
2770 0010
2772 0008
2774 0004
2776 0002
2778 0001
2780 8000
2782 4000
2784 2000
2786 1000
2788 0800
2790 0400
2792 0200
2794 0100
2796 0080
2798 0040
2800 0020
2802 0010
2804 0008
2806 0004
2808 0002
2810 0001
2812 8000
2814 4000
2816 2000
2818 1000
2820 0800
2822 0400
2824 0200
2826 0100
2828 0080
2830 0040
2832 0020
2834 0010
2836 0008
2838 0004
2840 0002
2842 0001
2844 8000
2846 4000
2848 2000
2850 1000
2852 0800
2854 0400
2856 0200
2858 0100
2860 0080
2862 0040
2864 0020
2866 0010
2868 0008
2870 0004
2872 0002
2874 0001
2876 8000
2878 4000
2880 2000
2882 1000
2884 0800
2886 0400
2888 0200
2890 0100
2892 0080
2894 0040
2896 0020
2898 0010
2900 0008
2902 0004
2904 0002
2906 0001
2908 8000
2910 4000
2912 2000
2914 1000
2916 0800
2918 0400
2920 0200
2922 0100
2924 0080
2926 0040
2928 0020
2930 0010
2932 0008
2934 0004
2936 0002
2938 0001
2940 8000
2942 4000
2944 2000
2946 1000
2948 0800
2950 0400
2952 0200
2954 0100
2956 0080
2958 0040
2960 0020
2962 0010
2964 0008
2966 0004
2968 0002
2970 0001
2972 8000
2974 4000
2976 2000
2978 1000
2980 0800
2982 0400
2984 0200
2986 0100
2988 0080
2990 0040
2992 0020
2994 0010
2996 0008
2998 0004
3000 0002
3002 0001
3004 8000
3006 4000
3008 2000
3010 1000
3012 0800
3014 0400
3016 0200
3018 0100
3020 0080
3022 0040
3024 0020
3026 0010
3028 0008
3030 0004
3032 0002
3034 0001
3036 8000
3038 4000
3040 2000
3042 1000
3044 0800
3046 0400
3048 0200
3050 0100
3052 0080
3054 0040
3056 0020
3058 0010
3060 0008
3062 0004
3064 0002
3066 0001
3068 8000
3070 4000
3072 2000
3074 1000
3076 0800
3078 0400
3080 0200
3082 0100
3084 0080
3086 0040
3088 0020
3090 0010
3092 0008
3094 0004
3096 0002
3098 0001
3100 8000
3102 4000
3104 2000
3106 1000
3108 0800
3110 0400
3112 0200
3114 0100
3116 0080
3118 0040
3120 0020
3122 0010
3124 0008
3126 0004
3128 0002
3130 0001
3132 8000
3134 4000
3136 2000
3138 1000
3140 0800
3142 0400
3144 0200
3146 0100
3148 0080
3150 0040
3152 0020
3154 0010
3156 0008
3158 0004
3160 0002
3162 0001
3164 8000
3166 4000
3168 2000
3170 1000
3172 0800
3174 0400
3176 0200
3178 0100
3180 0080
3182 0040
3184 0020
3186 0010
3188 0008
3190 0004
3192 0002
3194 0001
3196 8000
3198 4000
3200 2000
3202 1000
3204 0800
3206 0400
3208 0200
3210 0100
3212 0080
3214 0040
3216 0020
3218 0010
3220 0008
3222 0004
3224 0002
3226 0001
3228 8000
3230 4000
3232 2000
3234 1000
3236 0800
3238 0400
3240 0200
3242 0100
3244 0080
3246 0040
3248 0020
3250 0010
3252 0008
3254 0004
3256 0002
3258 0001
3260 8000
3262 4000
3264 2000
3266 1000
3268 0800
3270 0400
3272 0200
3274 0100
3276 0080
3278 0040
3280 0020
3282 0010
3284 0008
3286 0004
3288 0002
3290 0001
3292 8000
3294 4000
3296 2000
3298 1000
3300 0800
3302 0400
3304 0200
3306 0100
3308 0080
3310 0040
3312 0020
3314 0010
3316 0008
3318 0004
3320 0002
3322 0001
3324 8000
3326 4000
3328 2000
3330 1000
3332 0800
3334 0400
3336 0200
3338 0100
3340 0080
3342 0040
3344 0020
3346 0010
3348 0008
3350 0004
3352 0002
3354 0001
3356 8000
3358 4000
3360 2000
3362 1000
3364 0800
3366 0400
3368 0200
3370 0100
3372 0080
3374 0040
3376 0020
3378 0010
3380 0008
3382 0004
3384 0002
3386 0001
3388 8000
3390 4000
3392 2000
3394 1000
3396 0800
3398 0400
3400 0200
3402 0100
3404 0080
3406 0040
3408 0020
3410 0010
3412 0008
3414 0004
3416 0002
3418 0001
3420 8000
3422 4000
3424 2000
3426 1000
3428 0800
3430 0400
3432 0200
3434 0100
3436 0080
3438 0040
3440 0020
3442 0010
3444 0008
3446 0004
3448 0002
3450 0001
3452 8000
3454 4000
3456 2000
3458 1000
3460 0800
3462 0400
3464 0200
3466 0100
3468 0080
3470 0040
3472 0020
3474 0010
3476 0008
3478 0004
3480 0002
3482 0001
3484 8000
3486 4000
3488 2000
3490 1000
3492 0800
3494 0400
3496 0200
3498 0100
3500 0080
3502 0040
3504 0020
3506 0010
3508 0008
3510 0004
3512 0002
3514 0001
3516 8000
3518 4000
3520 2000
3522 1000
3524 0800
3526 0400
3528 0200
3530 0100
3532 0080
3534 0040
3536 0020
3538 0010
3540 0008
3542 0004
3544 0002
3546 0001
3548 8000
3550 4000
3552 2000
3554 1000
3556 0800
3558 0400
3560 0200
3562 0100
3564 0080
3566 0040
3568 0020
3570 0010
3572 0008
3574 0004
3576 0002
3578 0001
3580 8000
3582 4000
3584 2000
3586 1000
3588 0800
3590 0400
3592 0200
3594 0100
3596 0080
3598 0040
3600 0020
3602 0010
3604 0008
3606 0004
3608 0002
3610 0001
3612 8000
3614 4000
3616 2000
3618 1000
3620 0800
3622 0400
3624 0200
3626 0100
3628 0080
3630 0040
3632 0020
3634 0010
3636 0008
3638 0004
3640 0002
3642 0001
3644 8000
3646 4000
3648 2000
3650 1000
3652 0800
3654 0400
3656 0200
3658 0100
3660 0080
3662 0040
3664 0020
3666 0010
3668 0008
3670 0004
3672 0002
3674 0001
3676 8000
3678 4000
3680 2000
3682 1000
3684 0800
3686 0400
3688 0200
3690 0100
3692 0080
3694 0040
3696 0020
3698 0010
3700 0008
3702 0004
3704 0002
3706 0001
3708 8000
3710 4000
3712 2000
3714 1000
3716 0800
3718 0400
3720 0200
3722 0100
3724 0080
3726 0040
3728 0020
3730 0010
3732 0008
3734 0004
3736 0002
3738 0001
3740 8000
3742 4000
3744 2000
3746 1000
3748 0800
3750 0400
3752 0200
3754 0100
3756 0080
3758 0040
3760 0020
3762 0010
3764 0008
3766 0004
3768 0002
3770 0001
3772 8000
3774 4000
3776 2000
3778 1000
3780 0800
3782 0400
3784 0200
3786 0100
3788 0080
3790 0040
3792 0020
3794 0010
3796 0008
3798 0004
3800 0002
3802 0001
3804 8000
3806 4000
3808 2000
3810 1000
3812 0800
3814 0400
3816 0200
3818 0100
3820 0080
3822 0040
3824 0020
3826 0010
3828 0008
3830 0004
3832 0002
3834 0001
3836 8000
3838 4000
3840 2000
3842 1000
3844 0800
3846 0400
3848 0200
3850 0100
3852 0080
3854 0040
3856 0020
3858 0010
3860 0008
3862 0004
3864 0002
3866 0001
3868 8000
3870 4000
3872 2000
3874 1000
3876 0800
3878 0400
3880 0200
3882 0100
3884 0080
3886 0040
3888 0020
3890 0010
3892 0008
3894 0004
3896 0002
3898 0001
3900 8000
3902 4000
3904 2000
3906 1000
3908 0800
3910 0400
3912 0200
3914 0100
3916 0080
3918 0040
3920 0020
3922 0010
3924 0008
3926 0004
3928 0002
3930 0001
3932 8000
3934 4000
3936 2000
3938 1000
3940 0800
3942 0400
3944 0200
3946 0100
3948 0080
3950 0040
3952 0020
3954 0010
3956 0008
3958 0004
3960 0002
3962 0001
3964 8000
3966 4000
3968 2000
3970 1000
3972 0800
3974 0400
3976 0200
3978 0100
3980 0080
3982 0040
3984 0020
3986 0010
3988 0008
3990 0004
3992 0002
3994 0001
3996 8000
3998 4000
4000 2000
4002 1000
4004 0800
4006 0400
4008 0200
4010 0100
4012 0080
4014 0040
4016 0020
4018 0010
4020 0008
4022 0004
4024 0002
4026 0001
4028 8000
4030 4000
4032 2000
4034 1000
4036 0800
4038 0400
4040 0200
4042 0100
4044 0080
4046 0040
4048 0020
4050 0010
4052 0008
4054 0004
4056 0002
4058 0001
4060 8000
4062 4000
4064 2000
4066 1000
4068 0800
4070 0400
4072 0200
4074 0100
4076 0080
4078 0040
4080 0020
4082 0010
4084 0008
4086 0004
4088 0002
4090 0001
4092 8000
4094 4000
