5 0660
10 0660
15 0660
21 0660
26 0660
31 0660
37 0660
42 0660
47 0660
53 0660
58 0660
63 0660
69 0660
74 0660
79 0660
85 0660
90 0660
95 0660
101 0660
106 0660
111 0660
117 0660
122 0660
127 0660
132 0660
138 0660
143 0660
148 0660
154 0660
159 0660
164 0660
170 0660
175 0660
180 0660
186 0660
191 0660
196 0660
202 0660
207 0660
212 0660
218 0660
223 0660
228 0660
234 0660
239 0660
244 0660
250 0660
255 0660
260 0660
265 0660
271 0660
276 0660
281 0660
287 0660
292 0660
297 0660
303 0660
308 0660
313 0660
319 0660
324 0660
329 0660
335 0660
340 0660
345 0660
351 0660
356 0660
361 0660
367 0660
372 0660
377 0660
383 0660
388 0660
393 0660
398 0660
404 0660
409 0660
414 0660
420 0660
425 0660
430 0660
436 0660
441 0660
446 0660
452 0660
457 0660
462 0660
468 0660
473 0660
478 0660
484 0660
489 0660
494 0660
500 0660
505 0660
510 0660
515 0660
521 0660
526 0660
531 0660
537 0660
542 0660
547 0660
553 0660
558 0660
563 0660
569 0660
574 0660
579 0660
585 0660
590 0660
595 0660
601 0660
606 0660
611 0660
617 0660
622 0660
627 0660
633 0660
638 0660
643 0660
648 0660
654 0660
659 0660
664 0660
670 0660
675 0660
680 0660
686 0660
691 0660
696 0660
702 0660
707 0660
712 0660
718 0660
723 0660
728 0660
734 0660
739 0660
744 0660
750 0660
755 0660
760 0660
766 0660
771 0660
776 0660
781 0660
787 0660
792 0660
797 0660
803 0660
808 0660
813 0660
819 0660
824 0660
829 0660
835 0660
840 0660
845 0660
851 0660
856 0660
861 0660
867 0660
872 0660
877 0660
883 0660
888 0660
893 0660
898 0660
904 0660
909 0660
914 0660
920 0660
925 0660
930 0660
936 0660
941 0660
946 0660
952 0660
957 0660
962 0660
968 0660
973 0660
978 0660
984 0660
989 0660
994 0660
1000 0660
1005 0660
1010 0660
1016 0660
1021 0660
1026 0660
1031 0660
1037 0660
1042 0660
1047 0660
1053 0660
1058 0660
1063 0660
1069 0660
1074 0660
1079 0660
1085 0660
1090 0660
1095 0660
1101 0660
1106 0660
1111 0660
1117 0660
1122 0660
1127 0660
1133 0660
1138 0660
1143 0660
1149 0660
1154 0660
1159 0660
1164 0660
1170 0660
1175 0660
1180 0660
1186 0660
1191 0660
1196 0660
1202 0660
1207 0660
1212 0660
1218 0660
1223 0660
1228 0660
1234 0660
1239 0660
1244 0660
1250 0660
1255 0660
1260 0660
1266 0660
1271 0660
1276 0660
1281 0660
1287 0660
1292 0660
1297 0660
1303 0660
1308 0660
1313 0660
1319 0660
1324 0660
1329 0660
1335 0660
1340 0660
1345 0660
1351 0660
1356 0660
1361 0660
1367 0660
1372 0660
1377 0660
1383 0660
1388 0660
1393 0660
1399 0660
1404 0660
1409 0660
1414 0660
1420 0660
1425 0660
1430 0660
1436 0660
1441 0660
1446 0660
1452 0660
1457 0660
1462 0660
1468 0660
1473 0660
1478 0660
1484 0660
1489 0660
1494 0660
1500 0660
1505 0660
1510 0660
1516 0660
1521 0660
1526 0660
1532 0660
1537 0660
1542 0660
1547 0660
1553 0660
1558 0660
1563 0660
1569 0660
1574 0660
1579 0660
1585 0660
1590 0660
1595 0660
1601 0660
1606 0660
1611 0660
1617 0660
1622 0660
1627 0660
1633 0660
1638 0660
1643 0660
1649 0660
1654 0660
1659 0660
1664 0660
1670 0660
1675 0660
1680 0660
1686 0660
1691 0660
1696 0660
1702 0660
1707 0660
1712 0660
1718 0660
1723 0660
1728 0660
1734 0660
1739 0660
1744 0660
1750 0660
1755 0660
1760 0660
1766 0660
1771 0660
1776 0660
1782 0660
1787 0660
1792 0660
1797 0660
1803 0660
1808 0660
1813 0660
1819 0660
1824 0660
1829 0660
1835 0660
1840 0660
1845 0660
1851 0660
1856 0660
1861 0660
1867 0660
1872 0660
1877 0660
1883 0660
1888 0660
1893 0660
1899 0660
1904 0660
1909 0660
1915 0660
1920 0660
1925 0660
1930 0660
1936 0660
1941 0660
1946 0660
1952 0660
1957 0660
1962 0660
1968 0660
1973 0660
1978 0660
1984 0660
1989 0660
1994 0660
2000 0660
2005 0660
2010 0660
2016 0660
2021 0660
2026 0660
2032 0660
2037 0660
2042 0660
