5 8421
10 8421
15 8421
21 8421
26 8421
31 8421
37 8421
42 8421
47 8421
53 8421
58 8421
63 8421
69 8421
74 8421
79 8421
85 8421
90 8421
95 8421
101 8421
106 8421
111 8421
117 8421
122 8421
127 8421
132 8421
138 8421
143 8421
148 8421
154 8421
159 8421
164 8421
170 8421
175 8421
180 8421
186 8421
191 8421
196 8421
202 8421
207 8421
212 8421
218 8421
223 8421
228 8421
234 8421
239 8421
244 8421
250 8421
255 8421
260 8421
265 8421
271 8421
276 8421
281 8421
287 8421
292 8421
297 8421
303 8421
308 8421
313 8421
319 8421
324 8421
329 8421
335 8421
340 8421
345 8421
351 8421
356 8421
361 8421
367 8421
372 8421
377 8421
383 8421
388 8421
393 8421
398 8421
404 8421
409 8421
414 8421
420 8421
425 8421
430 8421
436 8421
441 8421
446 8421
452 8421
457 8421
462 8421
468 8421
473 8421
478 8421
484 8421
489 8421
494 8421
500 8421
505 8421
510 8421
515 8421
521 8421
526 8421
531 8421
537 8421
542 8421
547 8421
553 8421
558 8421
563 8421
569 8421
574 8421
579 8421
585 8421
590 8421
595 8421
601 8421
606 8421
611 8421
617 8421
622 8421
627 8421
633 8421
638 8421
643 8421
648 8421
654 8421
659 8421
664 8421
670 8421
675 8421
680 8421
686 8421
691 8421
696 8421
702 8421
707 8421
712 8421
718 8421
723 8421
728 8421
734 8421
739 8421
744 8421
750 8421
755 8421
760 8421
766 8421
771 8421
776 8421
781 8421
787 8421
792 8421
797 8421
803 8421
808 8421
813 8421
819 8421
824 8421
829 8421
835 8421
840 8421
845 8421
851 8421
856 8421
861 8421
867 8421
872 8421
877 8421
883 8421
888 8421
893 8421
898 8421
904 8421
909 8421
914 8421
920 8421
925 8421
930 8421
936 8421
941 8421
946 8421
952 8421
957 8421
962 8421
968 8421
973 8421
978 8421
984 8421
989 8421
994 8421
1000 8421
1005 8421
1010 8421
1016 8421
1021 8421
1026 8421
1031 8421
1037 8421
1042 8421
1047 8421
1053 8421
1058 8421
1063 8421
1069 8421
1074 8421
1079 8421
1085 8421
1090 8421
1095 8421
1101 8421
1106 8421
1111 8421
1117 8421
1122 8421
1127 8421
1133 8421
1138 8421
1143 8421
1149 8421
1154 8421
1159 8421
1164 8421
1170 8421
1175 8421
1180 8421
1186 8421
1191 8421
1196 8421
1202 8421
1207 8421
1212 8421
1218 8421
1223 8421
1228 8421
1234 8421
1239 8421
1244 8421
1250 8421
1255 8421
1260 8421
1266 8421
1271 8421
1276 8421
1281 8421
1287 8421
1292 8421
1297 8421
1303 8421
1308 8421
1313 8421
1319 8421
1324 8421
1329 8421
1335 8421
1340 8421
1345 8421
1351 8421
1356 8421
1361 8421
1367 8421
1372 8421
1377 8421
1383 8421
1388 8421
1393 8421
1399 8421
1404 8421
1409 8421
1414 8421
1420 8421
1425 8421
1430 8421
1436 8421
1441 8421
1446 8421
1452 8421
1457 8421
1462 8421
1468 8421
1473 8421
1478 8421
1484 8421
1489 8421
1494 8421
1500 8421
1505 8421
1510 8421
1516 8421
1521 8421
1526 8421
1532 8421
1537 8421
1542 8421
1547 8421
1553 8421
1558 8421
1563 8421
1569 8421
1574 8421
1579 8421
1585 8421
1590 8421
1595 8421
1601 8421
1606 8421
1611 8421
1617 8421
1622 8421
1627 8421
1633 8421
1638 8421
1643 8421
1649 8421
1654 8421
1659 8421
1664 8421
1670 8421
1675 8421
1680 8421
1686 8421
1691 8421
1696 8421
1702 8421
1707 8421
1712 8421
1718 8421
1723 8421
1728 8421
1734 8421
1739 8421
1744 8421
1750 8421
1755 8421
1760 8421
1766 8421
1771 8421
1776 8421
1782 8421
1787 8421
1792 8421
1797 8421
1803 8421
1808 8421
1813 8421
1819 8421
1824 8421
1829 8421
1835 8421
1840 8421
1845 8421
1851 8421
1856 8421
1861 8421
1867 8421
1872 8421
1877 8421
1883 8421
1888 8421
1893 8421
1899 8421
1904 8421
1909 8421
1915 8421
1920 8421
1925 8421
1930 8421
1936 8421
1941 8421
1946 8421
1952 8421
1957 8421
1962 8421
1968 8421
1973 8421
1978 8421
1984 8421
1989 8421
1994 8421
2000 8421
2005 8421
2010 8421
2016 8421
2021 8421
2026 8421
2032 8421
2037 8421
2042 8421
