5 0080
6 2000
10 0002
14 0800
15 0080
17 0004
18 0800
20 0800
21 0002
22 0020
26 0400
28 0040
29 0200
30 0820
32 4020
35 0040
36 0200
37 8000
42 0800
43 0020
44 0400
45 000a
47 4040
50 0002
51 0100
55 0004
56 1000
57 0080
60 8000
62 1001
63 4000
64 0010
65 0200
68 2000
71 0002
73 0200
75 0400
76 0040
77 0800
78 0010
80 8000
83 0080
86 0040
87 4000
88 2000
90 0008
92 0002
93 0200
94 0400
95 0001
96 0002
99 0400
101 0002
102 0800
105 0008
106 1000
107 9000
110 0002
111 0040
112 0200
113 0001
120 0001
121 0004
122 2800
124 0400
125 0002
126 0001
132 0020
134 1000
135 0808
136 0002
137 0010
140 4000
141 0800
144 0800
145 2000
147 0002
148 0001
150 8000
152 0404
153 0200
156 0200
157 0010
158 0002
160 0800
161 0800
162 1000
164 0020
165 1000
166 1000
167 1080
170 0080
172 0020
173 4000
174 0400
175 0008
178 0040
180 0180
181 0001
182 8000
183 4000
184 2000
185 0020
186 0080
187 0800
188 0100
191 0001
192 0200
195 2000
197 0404
200 0100
201 0008
204 0800
206 0040
207 0008
210 8800
212 2040
214 0004
215 0080
216 2000
217 0008
223 0002
224 0008
225 0008
227 0800
229 0200
230 0800
233 0008
235 0002
238 1000
239 0020
240 2001
242 0080
249 0100
252 0040
253 0008
254 2000
255 0040
256 0008
257 0100
258 8000
259 0800
260 0400
262 0800
263 0010
264 0800
265 0040
266 0001
267 8000
268 4000
269 0004
270 4004
272 0041
274 0800
277 0040
279 2000
280 0002
281 0400
282 0010
284 0400
285 0040
287 0008
288 0200
290 0002
292 0100
294 8000
295 0020
296 0040
297 0008
299 0200
300 0040
302 4000
308 0008
309 0002
312 0001
313 0080
314 0004
315 0100
317 0084
318 0008
319 0040
321 1000
322 0400
326 0002
328 1000
330 0100
332 0008
336 0020
339 0100
341 4000
343 4000
344 0040
345 0020
346 8000
347 1002
350 4000
353 2000
354 0080
356 0080
358 0001
360 1000
361 0008
362 1080
363 0008
364 0008
367 0001
368 0100
372 0800
375 4100
377 4400
378 0100
380 0010
381 2000
382 0040
383 0080
384 0080
385 0010
387 1000
388 0010
390 0020
392 0a00
394 0004
399 1000
402 0004
403 0400
405 8200
406 0080
407 0044
408 0400
409 8000
410 2000
412 0080
413 0002
416 2000
417 0080
418 4000
419 1000
420 0001
422 0040
423 0020
424 0010
425 8000
429 0400
430 0800
434 1000
435 4000
436 0080
437 4200
438 2000
442 0080
443 0040
444 8000
445 0002
446 0020
447 8000
449 0020
450 0002
452 2020
453 0800
456 0080
457 0400
459 4000
461 0100
465 0120
467 0400
469 0002
470 0004
471 0001
472 0010
473 0008
479 0020
480 0004
481 0400
482 2000
483 0020
486 1000
487 0001
488 0100
495 0002
496 1000
497 0010
498 0080
501 4000
504 1000
507 0080
508 0010
510 0280
511 0020
512 0800
513 2000
514 0010
515 0020
516 0010
518 0200
520 0040
523 0200
525 0800
526 8000
527 0010
530 0080
535 0002
536 2000
537 0008
538 0080
540 0050
541 0002
542 2000
544 4000
545 0100
546 1000
547 0010
548 8000
550 2000
551 0008
553 0800
555 0041
557 0200
558 0080
560 1000
566 0100
568 0080
569 0800
570 4000
572 0400
573 0080
574 4000
575 0010
576 0200
577 0008
578 0001
580 2000
584 0001
585 4000
586 0010
587 8080
589 0800
590 0001
593 0040
594 0080
596 0800
599 0004
600 0800
602 0108
604 0004
606 0080
607 0004
609 0001
610 8000
615 1000
616 0040
617 0101
620 2000
621 0008
626 0100
628 8000
630 0808
631 0008
632 0040
633 4000
635 0200
637 4000
639 8000
640 0080
641 0080
644 0080
645 00c0
647 0808
654 0800
656 0040
659 0001
660 0800
661 0001
662 0101
663 0002
665 0001
666 2000
669 0008
670 0040
671 0200
672 0002
674 0100
675 0004
677 0010
678 0800
680 0400
683 2000
685 0020
686 0800
689 0001
690 0800
691 0020
692 4000
698 0080
699 0008
700 0080
701 8000
703 0100
704 0080
705 0001
706 1000
707 0008
708 0004
709 0001
710 8000
711 0080
712 0200
713 1000
714 0200
717 1000
718 8000
719 0001
720 0080
721 0100
722 4020
723 0008
725 0400
729 0800
730 0400
731 0002
732 8000
733 0200
735 8000
737 0042
740 0010
742 0400
743 4000
746 0004
747 0002
748 0008
750 0102
751 0020
752 1200
753 0020
755 2000
757 0008
759 0010
761 1000
765 0084
767 4010
768 0004
769 0080
770 0020
772 0020
774 0008
775 2000
777 4000
778 0020
779 0080
780 1040
782 0404
783 0002
784 1000
785 0010
786 8000
788 0040
791 2000
792 0010
793 1000
795 0202
797 4000
798 0100
800 0200
805 0200
806 0400
807 1000
809 0800
810 0202
812 0202
813 0001
814 2000
816 0080
818 0010
824 0800
825 0018
826 0020
827 0020
829 0001
830 0200
832 0004
833 0001
836 2000
839 0020
840 0200
842 8100
843 0800
845 0400
847 0080
849 0008
854 0400
855 1000
856 2000
857 8002
859 0002
861 0200
865 0002
866 0100
867 0080
868 0020
869 0002
870 0202
872 0088
874 0400
877 0800
882 0020
883 0010
884 0800
885 0808
887 0008
889 0200
891 4000
894 0008
895 0004
896 0080
898 0200
899 0100
900 0402
902 8000
904 0020
905 4000
906 0800
907 0010
910 0004
911 0400
915 8020
916 0200
917 0100
918 0020
919 0800
920 0020
922 0010
924 4000
925 0400
926 0008
927 2000
929 0400
930 0040
931 0800
932 0200
933 0001
935 0001
936 0001
938 4000
939 0040
940 0200
941 0800
943 0200
944 0400
945 0080
946 0010
947 1000
948 0100
952 8000
957 0002
958 0002
959 1000
960 0082
961 0400
962 0008
964 0001
965 8000
966 2000
972 1000
973 0080
975 0800
976 0004
977 0100
978 0100
980 0001
982 0001
983 4000
984 0008
986 4000
988 0020
990 0002
992 0084
993 0200
994 4000
995 0020
996 0004
1000 0100
1005 5000
1007 1000
1009 1000
1013 2000
1014 0040
1015 0800
1017 0001
1019 2000
1020 8000
1021 4000
1022 1040
1025 0200
1027 8000
1028 8000
1030 0100
1031 2000
1032 0800
1035 0002
1036 0400
1037 2000
1038 8000
1039 0002
1042 0010
1047 0100
1048 4000
1050 4000
1052 0008
1053 0400
1054 0008
1055 0800
1056 0200
1058 0001
1060 0010
1062 0100
1063 8000
1064 8000
1065 8002
1067 0100
1068 0080
1069 0800
1071 0200
1072 0100
1073 0020
1074 2000
1078 0004
1079 0004
1080 0040
1081 0020
1082 0440
1084 0010
1087 0040
1091 0400
1095 0024
1097 0009
1100 0020
1101 0001
1102 0040
1104 0020
1106 0080
1107 0002
1110 4008
1112 4000
1113 0100
1114 0001
1116 0002
1117 0010
1118 0002
1120 0004
1121 0800
1122 0001
1125 0050
1127 0200
1128 0080
1130 0008
1131 2000
1132 0010
1133 0020
1136 0008
1137 0040
1138 0010
1139 0200
1140 0040
1141 0040
1142 0002
1145 0800
1149 0010
1151 0200
1152 8000
1154 4000
1155 0012
1157 0101
1158 4000
1159 0020
1163 0004
1170 8000
1171 0040
1172 0100
1173 2000
1176 0080
1177 2000
1179 1000
1180 0080
1182 0040
1185 0004
1187 4001
1188 0010
1189 0008
1191 0020
1192 0008
1195 0008
1200 0002
1202 0401
1204 0800
1207 0080
1208 0040
1211 0010
1212 0200
1213 0020
1215 0800
1217 4000
1219 0800
1221 0010
1223 4000
1225 1000
1229 0002
1230 1000
1232 0400
1233 0800
1234 0008
1237 0080
1240 0800
1242 0040
1244 0200
1245 1800
1247 0020
1248 2000
1249 8000
1250 2000
1252 4000
1253 0200
1254 0020
1255 0008
1257 0008
1260 2200
1261 0002
1262 2002
1264 0200
1265 0100
1266 0040
1270 0800
1271 0002
1272 0002
1273 0200
1274 0004
1275 0008
1276 4000
1277 8000
1279 0002
1283 0040
1285 0020
1290 4100
1291 0800
1292 0204
1294 1000
1295 4000
1296 0100
1297 0010
1298 0200
1299 8000
1303 0002
1305 0400
1306 0800
1307 0100
1309 2000
1310 0008
1312 0002
1315 2000
1316 2000
1317 8000
1318 2000
1320 0048
1322 4008
1325 0002
1327 0200
1328 0800
1329 0800
1331 0400
1333 0001
1334 0001
1335 0010
1337 0012
1338 0200
1340 0010
1350 0820
1351 0200
1352 4400
1353 0100
1355 0800
1356 1000
1357 0040
1358 0400
1359 0200
1361 0100
1364 0400
1365 0400
1366 0080
1367 0004
1368 0800
1370 4000
1371 0001
1374 0004
1375 0001
1378 0040
1380 1000
1381 8000
1382 0081
1384 0080
1385 0020
1386 0400
1387 0001
1391 0040
1392 0800
1393 1000
1394 0020
1395 2200
1396 0040
1397 0210
1398 2000
1399 0100
1400 0008
1404 1000
1405 0040
1408 0800
1410 0020
1411 0040
1412 0400
1413 8000
1415 0200
1419 0400
1421 2000
1422 0080
1424 8000
1425 1000
1426 0100
1427 0100
1431 4000
1433 0002
1434 0040
1435 0010
1436 0800
1440 0040
1441 0400
1442 0001
1447 0008
1448 0040
1449 8000
1451 0001
1452 2000
1454 0080
1455 0002
1456 0080
1457 0001
1461 8000
1462 0002
1464 1000
1465 0002
1466 0800
1470 0200
1472 0840
1473 0010
1476 0040
1480 0080
1482 1000
1483 2000
1485 0040
1486 1000
1487 8010
1488 1000
1490 0002
1491 0100
1496 0200
1497 8000
1500 0100
1502 2001
1503 0001
1504 0002
1509 0400
1511 0010
1512 0010
1514 0040
1515 8010
1516 1000
1517 0081
1519 0080
1520 1000
1523 0010
1527 0200
1529 0100
1530 0008
1532 a000
1534 4000
1535 0100
1536 0010
1538 0200
1539 0008
1541 0008
1544 0004
1545 0040
1547 0006
1549 0010
1552 0100
1556 1000
1558 0010
1559 4000
1560 4000
1562 0808
1563 0200
1570 0020
1571 0001
1572 0080
1575 0080
1576 0400
1577 1008
1578 0001
1580 0100
1584 0004
1585 0008
1586 0001
1590 0080
1592 0140
1593 0400
1596 0004
1600 0100
1601 0080
1602 8000
1603 0200
1605 0040
1606 1000
1607 6000
1613 0080
1614 0010
1617 0008
1618 4000
1619 0010
1620 0024
1622 0001
1623 8000
1626 0010
1630 0100
1632 0200
1633 0001
1634 0001
1635 0100
1637 0080
1638 0020
1640 0040
1643 4000
1644 0004
1646 4000
1647 0080
1648 0400
1649 2000
1650 0009
1652 4000
1653 4000
1654 2000
1658 0800
1659 0002
1661 0040
1662 1000
1665 2000
1667 2800
1673 0008
1680 1000
1681 2000
1682 0801
1684 0002
1689 0004
1691 0200
1693 0200
1695 8100
1697 0401
1698 8000
1699 0020
1701 0080
1703 0400
1704 1000
1705 0800
1707 0002
1709 1000
1710 0040
1712 0408
1713 0020
1715 1000
1718 0040
1724 8000
1725 1200
1726 0400
1727 00a0
1731 0010
1732 0008
1734 4000
1735 0400
1737 0004
1740 8000
1742 1004
1743 0800
1744 0004
1745 0400
1747 0020
1749 0100
1751 0010
1752 0001
1753 2000
1755 0110
1757 0200
1758 0200
1761 1000
1763 0080
1765 4000
1767 0002
1770 8001
1771 0200
1772 0080
1773 1000
1775 0008
1777 0010
1778 1000
1785 2800
1787 0404
1788 1000
1789 0004
1793 0020
1798 0040
1799 0200
1800 0010
1801 0001
1802 0080
1803 1000
1804 8000
1805 0004
1807 0008
1808 0002
1810 0040
1813 0080
1815 1000
1816 4000
1817 0001
1820 0020
1822 0080
1823 0020
1825 0001
1827 4000
1828 0004
1830 0102
1831 0800
1832 1000
1833 2000
1834 0008
1836 0010
1837 0080
1840 0008
1841 0200
1842 0400
1844 0100
1845 0002
1847 0011
1851 0001
1852 0001
1855 0040
1858 0008
1859 8000
1860 0804
1862 0040
1866 2000
1867 0800
1870 1000
1871 0100
1872 0008
1874 2000
1875 0008
1876 0040
1877 0080
1878 8000
1882 0010
1884 4000
1885 1000
1886 2000
1887 0800
1889 0010
1890 2000
1891 0100
1892 0020
1895 0200
1898 0004
1899 0080
1900 0200
1905 0800
1906 0010
1907 1200
1908 0040
1909 2000
1911 0008
1912 8000
1913 0002
1916 0100
1920 a000
1922 0200
1924 4000
1927 4000
1929 0800
1931 8000
1933 0080
1934 0080
1935 4000
1938 0200
1939 0010
1943 0400
1945 8000
1947 0400
1949 0200
1952 4000
1953 0800
1954 8000
1956 0004
1958 0010
1963 0400
1964 0080
1965 0002
1966 0008
1967 0008
1968 0010
1970 0040
1972 0001
1973 0040
1976 1000
1977 0400
1979 8000
1981 0100
1985 0004
1986 0004
1988 8000
1991 0200
1993 0004
1996 0200
1997 1000
1998 1000
2000 4000
2001 0100
2003 2000
2012 0002
2014 4000
2017 0400
2020 0040
2022 0002
2023 1000
2024 0400
2025 0040
2026 0020
2028 2000
2036 0080
2037 8000
2038 0020
2041 0001
2046 0200
