1 0020
6 0010
8 4000
10 0800
13 8000
14 0080
15 4080
16 0002
17 0804
19 0010
22 0200
23 1000
26 0040
27 0004
28 1000
29 0100
30 1000
32 0005
33 8000
34 0800
35 0080
37 0002
39 0020
40 0010
42 0080
43 1000
45 0004
46 0400
47 0060
48 0100
50 0001
53 0800
54 0004
55 2000
56 0080
60 0020
62 0004
64 0008
65 1000
66 0200
68 0001
70 0001
73 0800
74 0002
75 0008
76 8000
77 0401
79 4000
80 0004
81 8000
82 2000
84 0004
85 0800
90 0108
91 0080
92 0220
96 2000
99 0004
103 0010
104 8000
105 0020
106 2000
107 0005
111 0010
119 0002
120 0408
121 0100
122 8008
123 0080
124 8000
126 2000
127 0100
129 0002
134 0020
135 1080
137 0005
139 0020
142 0800
143 0200
147 8000
148 0800
149 8000
150 00c0
152 0204
156 1000
160 8000
161 0004
163 0004
164 0001
165 0003
167 8400
168 0004
169 0100
171 0040
173 0002
175 0100
176 0200
177 0200
178 0020
180 0010
182 0004
184 0004
186 0020
188 0800
191 0002
193 1000
194 0100
195 0100
196 0001
197 0040
200 2000
203 0040
204 4000
207 0040
210 0c00
211 0020
212 4008
214 0400
215 0080
219 0800
221 0400
222 0001
224 0040
225 8000
227 0110
229 0100
230 0100
231 2000
233 2000
234 0100
235 0001
236 0200
237 2000
238 0004
240 0002
242 0004
247 0080
249 4000
251 0010
255 0400
256 0020
257 1000
263 4000
265 1000
266 2000
270 0080
271 0200
272 2040
275 0080
278 0100
279 0004
280 0008
281 0001
282 0040
285 0040
286 8000
287 0100
288 0002
291 0080
292 0200
299 0080
300 2004
301 0080
302 0010
303 1000
305 0010
308 4000
309 2000
310 0800
312 0010
313 0800
314 1000
315 0400
316 2000
317 0090
320 0200
323 0400
326 0040
327 0002
328 0020
329 0100
330 0080
331 8000
332 8000
334 0002
336 0200
339 0200
340 0100
341 0008
344 0020
345 2400
346 0020
347 00a0
348 2000
349 0004
351 0004
352 0100
353 0040
354 0800
355 0001
356 0200
358 0800
359 0040
360 0002
361 0080
362 0208
366 8000
367 0800
369 0800
371 0008
375 2001
376 2000
377 0100
378 4000
379 0002
381 0004
382 1000
384 4000
385 0020
390 0080
391 0040
392 0200
393 0800
396 0800
397 1000
399 8000
400 2000
405 1800
406 0040
407 8000
408 1000
409 0010
411 0002
412 1000
413 2000
414 0800
417 0001
419 0002
420 0040
421 0020
422 1000
423 0020
424 0008
425 0800
426 0004
429 0400
435 8000
436 0008
437 0800
440 8000
441 2000
444 1000
445 4000
446 0020
448 4000
449 0010
450 0408
452 0804
453 0040
455 0002
456 1000
460 0004
463 0001
464 8000
465 0800
467 0100
470 0020
475 0001
478 0008
480 4000
481 0020
482 0200
483 8000
485 4000
487 0004
490 0008
491 0100
495 4000
497 1002
498 0400
501 0010
507 8000
508 1000
509 0010
510 0004
512 0400
516 0010
518 0040
520 8000
521 0040
523 4000
524 0200
525 4000
527 0200
530 1000
531 8000
532 0040
533 0080
537 0010
539 0400
540 0801
542 0110
544 8000
545 4000
547 0200
549 0001
550 0100
555 0008
557 0500
559 0100
560 1000
561 1000
563 0800
564 0080
566 0100
567 0010
570 0002
571 2000
572 0208
573 0100
578 0001
579 0002
582 8000
584 0800
585 0204
586 0001
587 2001
589 8000
591 4000
593 4000
594 0008
596 2000
598 1000
599 0004
600 2000
601 1000
602 1010
603 0002
604 0002
607 0020
608 2000
609 0040
610 0001
611 0008
613 8000
615 1000
617 8080
618 0010
622 0200
624 0001
625 0020
626 0400
627 0080
630 0080
632 0002
636 1000
637 0800
638 0100
639 0200
641 2000
642 2000
644 0100
645 0008
647 2100
649 4000
650 0002
652 0008
653 0100
657 0001
660 0002
661 0400
662 8000
665 0008
667 0010
668 0800
669 0008
673 0100
674 0100
675 0240
677 4010
678 1000
679 0400
680 0001
681 0040
682 0080
683 0200
685 0010
687 4000
688 0004
689 0002
690 0080
691 0040
692 0104
698 0080
700 0080
701 0100
703 0080
705 4000
706 0002
707 0140
710 0010
711 2000
713 0010
716 0400
718 0002
720 0080
721 0004
722 0004
723 0400
725 0800
729 0100
730 8000
732 1000
733 0020
735 1800
736 0400
737 2010
738 0080
742 0020
743 2000
744 8000
745 0040
747 0008
748 0004
750 000c
752 0410
754 0200
758 0040
764 0001
765 0010
766 0002
767 4000
770 0100
771 4000
772 4000
779 0020
780 0048
781 0080
782 0201
783 0020
785 0020
786 0010
787 0001
789 1000
791 4000
793 0010
794 2000
795 0440
797 0404
798 0400
799 4000
800 0002
803 8000
804 2000
805 0800
806 0080
808 0100
810 0080
812 2004
814 1000
815 1000
816 1000
820 0800
821 0200
823 0040
824 0001
825 0040
826 0004
827 4000
829 8000
831 2000
833 0040
835 0100
837 0080
838 0100
839 0200
840 0004
842 0020
844 0080
847 0001
849 0010
851 0020
852 0080
855 0010
856 2000
857 0404
859 0800
863 0010
864 4000
865 0010
866 0400
870 8000
872 0400
875 1000
878 1000
879 0800
880 0800
884 0020
885 0020
886 0800
887 0080
889 0010
890 0100
894 0004
896 0020
900 4008
902 0c00
903 0010
904 0080
905 0400
907 2000
908 0010
910 0002
911 0004
912 0008
915 4010
916 0004
917 0180
920 0010
921 0800
922 0400
923 0004
926 4000
930 0008
931 1000
932 0800
934 2000
935 0040
939 2000
940 4000
943 0100
945 1000
947 0204
948 0001
952 0020
954 0002
957 0008
960 1080
961 0008
962 1100
963 0200
965 2000
968 0040
970 1000
971 0100
972 0100
974 0400
975 0021
977 2000
978 0010
980 8000
981 4000
982 1000
983 0100
986 0004
987 0200
988 1000
989 0020
990 1000
991 0002
992 4004
993 0200
994 0040
995 0004
997 0100
998 0004
1000 2000
1001 0400
1002 0800
1003 0002
1004 0008
1005 0804
1006 0200
1007 0044
1009 0004
1010 0008
1015 0800
1019 0200
1020 0440
1021 0001
1022 0005
1023 0080
1024 0040
1025 4000
1027 0400
1029 0400
1032 0002
1033 0800
1034 0010
1035 2000
1036 0400
1037 0002
1039 0008
1040 0400
1042 2000
1043 0100
1044 0008
1045 0200
1047 0008
1048 0002
1050 1100
1052 0080
1053 0010
1054 0200
1055 0200
1057 0004
1058 0800
1059 0010
1060 4000
1061 8000
1062 0002
1065 4200
1067 0100
1068 0001
1069 4000
1073 0010
1076 0400
1078 0001
1079 1000
1080 1001
1082 0802
1084 0020
1085 8000
1086 0200
1089 0004
1091 0010
1092 0004
1095 0010
1096 0004
1097 0802
1101 2000
1103 0200
1106 0200
1109 0400
1110 8040
1111 0008
1112 0400
1113 0400
1115 0800
1117 0080
1122 0020
1125 2000
1127 0420
1131 0002
1137 0040
1138 2000
1139 0004
1140 0018
1141 0400
1142 1000
1143 8000
1144 0002
1145 0080
1146 0800
1148 0008
1149 8000
1155 2002
1156 0080
1157 4000
1158 0004
1161 4000
1163 0020
1164 0200
1165 1000
1167 0020
1168 2000
1170 0008
1171 0200
1172 0220
1173 0080
1175 0002
1177 0800
1179 0002
1181 0010
1183 0400
1185 0400
1187 0014
1188 2000
1189 0010
1191 0002
1192 0080
1193 2000
1195 0004
1196 0010
1200 2000
1202 0300
1203 0004
1204 0100
1207 0040
1209 0080
1213 1000
1214 0001
1215 0004
1217 4000
1218 0020
1219 0080
1220 0008
1221 0004
1223 0001
1224 0800
1226 0010
1230 0008
1231 0080
1232 2000
1234 4000
1236 0020
1238 8000
1243 0010
1245 0008
1247 1000
1249 0040
1251 0040
1252 0400
1253 0002
1254 0100
1257 0002
1259 0010
1260 0011
1261 2000
1262 0400
1264 0008
1268 0020
1269 0010
1272 8000
1273 0020
1275 0022
1277 0040
1282 0020
1287 0002
1288 0080
1289 0008
1290 1001
1292 0200
1294 8000
1298 0080
1299 0002
1300 0080
1303 2000
1305 0020
1307 0600
1310 8000
1311 2000
1314 0002
1315 0800
1316 8000
1317 0008
1318 0040
1320 2100
1322 0001
1323 0800
1325 0004
1329 0001
1331 0080
1333 8000
1335 0900
1337 1100
1338 0008
1341 2000
1342 8000
1343 8000
1346 4000
1347 0200
1348 0080
1350 0480
1351 8000
1352 8400
1355 0800
1356 0004
1358 0002
1359 0080
1362 0004
1364 4000
1365 2100
1366 0001
1367 0010
1368 0010
1369 1000
1372 0100
1375 0400
1377 0400
1380 0008
1381 0040
1382 0011
1389 0001
1390 0080
1392 0400
1395 0048
1396 1000
1397 0040
1398 0040
1399 1000
1401 0002
1404 4000
1405 0008
1406 4000
1408 2000
1409 0008
1410 0400
1412 0200
1414 8000
1417 0010
1418 0200
1419 0400
1420 0040
1422 0002
1423 1000
1424 0100
1425 0030
1427 1040
1429 0008
1436 0002
1437 0010
1438 8000
1440 8000
1441 8000
1442 0004
1447 0004
1448 0040
1451 2000
1454 0004
1455 0002
1456 0800
1457 4000
1458 1000
1459 0040
1460 2000
1461 4000
1462 0100
1463 0008
1464 0002
1470 0084
1471 0020
1472 2040
1474 0200
1476 0002
1478 0200
1480 0080
1481 0080
1482 8000
1483 0100
1485 0004
1487 1000
1488 0010
1490 0040
1491 2000
1492 0080
1494 0200
1496 0080
1500 0050
1502 0420
1503 0008
1504 1000
1507 0001
1509 0200
1510 2000
1511 0400
1514 1000
1515 2000
1517 1000
1521 0100
1524 1000
1526 0001
1528 0001
1529 1000
1530 8000
1531 1000
1532 0100
1534 0001
1535 0800
1539 0800
1540 0010
1545 1002
1547 9000
1549 0002
1551 0008
1553 0200
1556 0100
1559 0200
1560 0140
1561 0100
1562 4040
1563 0800
1565 2000
1566 0004
1568 0010
1569 1000
1571 8000
1572 0008
1574 2000
1575 0003
1576 0200
1577 4000
1578 0400
1579 0400
1581 0010
1583 0100
1584 0010
1588 0200
1590 0800
1591 0800
1592 4080
1593 1000
1594 1000
1595 0200
1598 4000
1601 4000
1605 0008
1607 0009
1608 0004
1609 0040
1610 1000
1612 0002
1614 0004
1615 2000
1617 0800
1619 0004
1620 0080
1622 8008
1624 2000
1625 0400
1626 0010
1627 0020
1628 2000
1631 0020
1632 0080
1633 0020
1634 4000
1635 0400
1636 0010
1637 8000
1644 0001
1645 0004
1647 0400
1648 0080
1650 4008
1651 0004
1652 8004
1654 0100
1656 0010
1658 0400
1660 0200
1663 8000
1664 2000
1665 0081
1666 0008
1667 0220
1668 8000
1670 0020
1671 1000
1672 4000
1675 0800
1676 0008
1677 0001
1678 0001
1680 0041
1681 0010
1682 4000
1683 0004
1684 4000
1685 0004
1686 0002
1688 4000
1689 0004
1690 0004
1691 0020
1695 0204
1697 8008
1698 4000
1699 2000
1700 8000
1702 0004
1705 0100
1706 0080
1707 0002
1710 0004
1711 0020
1712 0500
1713 0020
1718 0400
1719 2000
1721 0200
1723 0010
1725 1080
1726 0004
1727 0400
1728 0080
1732 1000
1733 0001
1734 0200
1736 0040
1737 1000
1739 0100
1740 0040
1742 0801
1744 0800
1746 0004
1747 1000
1751 0400
1752 0010
1753 0020
1754 0100
1755 2200
1756 0200
1757 3000
1758 0040
1759 1000
1761 0020
1762 0004
1767 0800
1768 0004
1770 0020
1772 0001
1774 0001
1775 0004
1776 0002
1778 0100
1780 0002
1781 0080
1782 0040
1783 1000
1785 8000
1786 4000
1787 4800
1788 0008
1789 0800
1792 0200
1795 4000
1797 0100
1800 0001
1801 0400
1802 0080
1804 8000
1808 0001
1811 1000
1812 0400
1813 8000
1815 0210
1817 0400
1818 0001
1820 0040
1821 0040
1823 2000
1825 0020
1826 0100
1830 0800
1832 0020
1837 2000
1838 2000
1840 1000
1841 0400
1842 0800
1845 0010
1846 2000
1847 c000
1848 0100
1850 0020
1851 4000
1852 0008
1855 0040
1857 0400
1858 0040
1860 0100
1862 0600
1866 0004
1867 4000
1870 0004
1874 0004
1875 0820
1876 0400
1877 0011
1880 4000
1882 0002
1883 1000
1888 0001
1890 8000
1892 0808
1893 0040
1894 0400
1897 0002
1898 0008
1900 0800
1901 0080
1902 0040
1904 8000
1905 0800
1907 0040
1908 0400
1911 0400
1912 0004
1913 0001
1914 2000
1916 0020
1919 1000
1920 0801
1922 1000
1923 0400
1924 0080
1930 1000
1933 2000
1934 0100
1935 0001
1936 0008
1939 8000
1942 0020
1945 0400
1946 2000
1947 0020
1949 0020
1952 0010
1957 0010
1958 0080
1959 0002
1962 0001
1963 0080
1964 1000
1965 0040
1966 0010
1967 0001
1970 0080
1974 0400
1979 8000
1980 0001
1983 4000
1984 0001
1985 0004
1986 4000
1989 0040
1991 2000
1992 1000
1996 2000
1997 0400
2001 4000
2002 0040
2006 0020
2008 2000
2009 0010
2011 0400
2012 0010
2013 0002
2014 0001
2015 0020
2016 8000
2017 4000
2026 0010
2027 0800
2029 0200
2031 0008
2037 0080
2039 0400
2040 0080
2041 0800
2042 0200
2043 1000
2044 0100
2047 0080
