0 1010
1 4002
2 0003
3 2000
4 0002
5 0800
6 4200
7 2020
8 8000
9 0008
10 0400
11 0044
12 0100
13 0004
14 1000
15 0008
16 2000
17 0800
18 0010
19 0001
20 0010
21 1000
22 0006
23 0001
24 0200
25 0081
26 4000
27 0200
28 4001
29 8000
30 4100
31 0002
32 4000
33 0800
34 0040
35 4040
36 8000
37 4080
38 0001
39 0800
40 1000
41 0008
42 0001
43 1000
44 0081
45 0020
46 2800
47 0002
48 0100
49 0001
50 0110
51 1000
52 0002
53 0240
54 0090
55 4000
56 0800
57 4000
58 0180
59 1000
60 1000
61 0080
62 0001
63 0800
64 0800
65 2000
66 0801
67 8000
68 0004
69 1001
70 0004
71 0200
72 0002
73 2800
74 0800
75 0101
76 0104
77 0200
78 0100
79 0001
80 0024
81 0008
82 0080
83 0200
84 8000
85 5000
86 8200
87 0080
88 0080
89 0020
90 4000
91 8002
92 0080
93 0008
94 000a
95 2000
96 0004
97 0080
98 0120
99 8000
100 000c
101 2080
102 0040
103 8000
104 0100
105 2001
106 0001
107 1000
108 4400
109 0008
110 0012
111 4000
112 8000
113 4000
114 0040
115 0400
116 0020
117 0004
118 0001
119 2000
120 0020
121 4000
122 4000
123 0004
124 0088
125 0011
126 0020
127 0080
128 4000
129 8000
130 0008
131 0004
132 0100
133 4000
134 0100
135 0060
136 4000
137 4000
138 0800
139 0020
140 0080
141 0040
142 1000
143 0001
144 8000
145 0020
146 0010
147 0400
148 4000
149 4020
150 0001
151 0001
152 4000
153 0800
154 8004
155 0001
156 0008
157 0002
158 2000
159 0002
160 a000
161 2000
162 8000
163 0200
164 0200
165 1000
166 0010
167 0040
168 0001
169 0020
170 0020
171 0001
172 1001
173 0410
174 0200
175 0420
176 0080
177 0010
178 0100
179 0040
180 0008
181 0800
182 2000
183 0028
184 0400
185 4000
186 0008
187 0100
188 2008
189 0810
190 0800
191 0100
192 8080
193 0200
194 0020
195 0020
196 0008
197 0800
198 0010
199 0200
200 0100
201 0080
202 0200
203 4040
204 0200
205 0800
206 8004
207 0028
208 2000
209 0008
210 0002
211 8800
212 0040
213 0c00
214 0240
215 2000
216 1000
217 0010
218 0200
219 0040
220 0840
221 4000
222 0080
223 0001
224 0020
225 0002
226 8004
227 0080
228 0200
229 0100
230 0200
231 0041
232 0100
233 0020
234 2000
235 0400
236 0008
237 2000
238 0002
239 0408
240 0800
241 0200
242 1040
243 0048
244 0008
245 0020
246 0100
247 0200
248 1000
249 1000
250 0001
251 0004
252 0042
253 8000
254 4000
255 0008
256 0200
257 0800
258 8000
259 1400
260 4000
261 1000
262 0010
263 0100
264 2004
265 0001
266 8000
267 0420
268 4000
269 0018
270 2000
271 0080
272 0020
273 1000
274 0040
275 4000
276 0400
277 0004
278 0400
279 4000
280 0008
281 0410
282 0020
283 4008
284 0004
285 0c00
286 0810
287 0082
288 0100
289 4008
290 0040
291 0800
292 0008
293 0840
294 0400
295 2000
296 0104
297 0801
298 0800
299 0402
300 0100
301 0004
302 4400
303 0004
304 0801
305 0010
306 0080
307 0400
308 0100
309 4000
310 0022
311 0004
312 0220
313 0080
314 0008
315 0008
316 1000
317 0010
318 0008
319 0400
320 1002
321 0020
322 0800
323 0100
324 0008
325 0080
326 1000
327 0040
328 1000
329 0003
330 1002
331 0010
332 0020
333 0001
334 0800
335 1000
336 0020
337 0200
338 0008
339 2000
340 0010
341 4010
342 2020
343 2400
344 0004
345 0240
346 8000
347 0100
348 0001
349 0402
350 1000
351 8000
352 0040
353 0080
354 0900
355 0100
356 0080
357 0500
358 0010
359 0400
360 0001
361 8000
362 0020
363 0100
364 0808
365 0010
366 2000
367 0080
368 0004
369 2000
370 0100
371 4004
372 1000
373 0040
374 0001
375 0004
376 2040
377 0008
378 0020
379 2040
380 0004
381 0804
382 0410
383 0021
384 0200
385 0004
386 4000
387 0001
388 0280
389 0100
390 0004
391 8100
392 4002
393 0001
394 0080
395 0100
396 2000
397 1000
398 0020
399 1000
400 1000
401 0004
402 0200
403 0200
404 0040
405 0020
406 1000
407 0008
408 4000
409 4000
410 2000
411 0500
412 0200
413 0009
414 0400
415 0030
416 0010
417 8000
418 8200
419 c000
420 0080
421 0010
422 0408
423 0100
424 8000
425 4000
426 4008
427 0002
428 0060
429 0024
430 0400
431 0100
432 0420
433 0010
434 8200
435 0040
436 0400
437 0001
438 0200
439 0800
440 4000
441 1800
442 1000
443 0800
444 0004
445 0009
446 2010
447 0408
448 0200
449 000a
450 8000
451 4000
452 0180
453 0018
454 0002
455 0004
456 4000
457 0100
458 0100
459 0440
460 0048
461 0008
462 1000
463 0010
464 0008
465 0001
466 0040
467 0a00
468 2000
469 0010
470 8000
471 0400
472 0001
473 2000
474 0010
475 1000
476 2000
477 0800
478 0800
479 0080
480 0200
481 0200
482 0010
483 0040
484 0400
485 0408
486 0100
487 0208
488 0080
489 0200
490 0002
491 0080
492 1000
493 0880
494 4400
495 4000
496 0104
497 0800
498 2000
499 0400
500 0100
501 0100
502 4080
503 0800
504 2000
505 0020
506 0100
507 a000
508 0010
509 2000
510 0200
511 0400
512 0100
513 0004
514 0008
515 0801
516 0003
517 2020
518 000c
519 0040
520 0008
521 0080
522 4800
523 0020
524 2004
525 0080
526 4000
527 0040
528 0004
529 0008
530 0200
531 0080
532 4000
533 2000
534 0400
535 0008
536 4000
537 0002
538 0200
539 0001
540 1000
541 8040
542 4000
543 4020
544 0200
545 c000
546 0100
547 0001
548 8400
549 0200
550 0020
551 0800
552 0002
553 1000
554 8000
555 8000
556 0004
557 0040
558 0080
559 0003
560 0080
561 0004
562 0004
563 0400
564 0020
565 4800
566 4000
567 0200
568 0100
569 0020
570 0008
571 0004
572 0020
573 0002
574 0108
575 8000
576 0402
577 0010
578 0040
579 0400
580 0002
581 1000
582 3000
583 8000
584 3000
585 0080
586 0010
587 1000
588 0001
589 8001
590 0020
591 0002
592 0400
593 0010
594 0004
595 0040
596 0001
597 0020
598 0002
599 0002
600 4000
601 0208
602 0008
603 0480
604 0004
605 0200
606 0001
607 0820
608 0480
609 0020
610 0200
611 0200
612 0008
613 0010
614 0080
615 0200
616 0020
617 0080
618 2000
619 1000
620 0010
621 0002
622 1000
623 0010
624 0080
625 0084
626 0180
627 0400
628 0801
629 2002
630 0400
631 4000
632 1000
633 0040
634 0010
635 4008
636 1000
637 0002
638 4000
639 0008
640 2000
641 0010
642 1000
643 2000
644 0010
645 0004
646 0008
647 0300
648 0100
649 8080
650 0020
651 1200
652 4000
653 0010
654 8000
655 0004
656 0011
657 0001
658 0400
659 0001
660 0004
661 0040
662 0808
663 0020
664 0800
665 4000
666 2008
667 0008
668 8000
669 0002
670 0280
671 8000
672 0010
673 0040
674 0200
675 4000
676 0002
677 0040
678 0200
679 1200
680 0004
681 0041
682 0800
683 4000
684 0200
685 4400
686 4040
687 0004
688 0050
689 0002
690 0012
691 0004
692 0802
693 0420
694 0001
695 0400
696 0100
697 0100
698 0800
699 0400
700 4010
701 1000
702 0010
703 8000
704 0101
705 0800
706 0001
707 0800
708 0200
709 0080
710 1004
711 0a00
712 0100
713 0020
714 0200
715 0100
716 0010
717 0800
718 1000
719 2000
720 0001
721 0001
722 0048
723 0200
724 0400
725 2002
726 0040
727 0001
728 0400
729 0200
730 8000
731 0800
732 0200
733 0080
734 8000
735 0800
736 0110
737 0400
738 0040
739 0040
740 2000
741 0401
742 1008
743 2002
744 000c
745 0002
746 4000
747 4010
748 0050
749 0808
750 0080
751 0002
752 1000
753 2000
754 4080
755 0020
756 0004
757 0042
758 0004
759 0040
760 0008
761 2000
762 1004
763 0400
764 0020
765 0002
766 0100
767 0400
768 0020
769 0080
770 8000
771 0200
772 0420
773 8000
774 1000
775 8000
776 0004
777 2002
778 0040
779 1000
780 0200
781 0040
782 0400
783 0008
784 0240
785 0008
786 8000
787 8000
788 2000
789 2004
790 0020
791 0002
792 0080
793 8800
794 0410
795 0004
796 0100
797 0003
798 0200
799 0080
800 0008
801 8000
802 0200
803 0028
804 0080
805 0800
806 0200
807 0100
808 0100
809 0021
810 8000
811 0002
812 0014
813 0010
814 0108
815 0002
816 0080
817 0120
818 0040
819 0080
820 2000
821 0004
822 0020
823 0040
824 0004
825 0040
826 0004
827 8000
828 5000
829 0a00
830 0008
831 4000
832 1000
833 1000
834 0008
835 2400
836 4000
837 0400
838 0008
839 0010
840 0200
841 0400
842 2000
843 0080
844 0004
845 0002
846 8000
847 0800
848 0001
849 3000
850 0200
851 0100
852 0800
853 0001
854 0008
855 0100
856 2000
857 0800
858 0840
859 0100
860 1000
861 1040
862 0040
863 0001
864 0800
865 1000
866 1000
867 0001
868 0003
869 0008
870 8000
871 1000
872 0040
873 0400
874 0002
875 0600
876 0020
877 0002
878 8000
879 0900
880 0400
881 4000
882 0400
883 0001
884 4000
885 0400
886 1000
887 4002
888 4000
889 0010
890 0040
891 1000
892 0420
893 4200
894 0040
895 0400
896 0040
897 0010
898 0008
899 0020
900 0080
901 0004
902 4000
903 1000
904 0002
905 0010
906 8020
907 8400
908 0004
909 0004
910 0001
911 8004
912 0008
913 0002
914 8000
915 0024
916 0004
917 0002
918 0080
919 0200
920 0008
921 0400
922 0001
923 0008
924 0280
925 0001
926 4000
927 0020
928 0010
929 0080
930 8800
931 0800
932 0002
933 4000
934 0080
935 0001
936 1000
937 0010
938 0090
939 0004
940 0200
941 0004
942 0800
943 2004
944 0010
945 0100
946 0820
947 0008
948 000a
949 0100
950 0005
951 0028
952 0002
953 0008
954 1000
955 0002
956 1000
957 0008
958 0001
959 8000
960 0002
961 0001
962 1000
963 1000
964 0400
965 1000
966 0040
967 1000
968 4200
969 8000
970 0404
971 0100
972 0400
973 8000
974 0400
975 0404
976 2000
977 8020
978 0080
979 0100
980 4004
981 8000
982 1000
983 4000
984 4000
985 0004
986 1000
987 0010
988 0200
989 4000
990 0082
991 0010
992 0040
993 0010
994 8020
995 4000
996 8000
997 0018
998 1004
999 0021
1000 0100
1001 0018
1002 0a00
1003 0010
1004 4000
1005 2000
1006 0004
1007 4000
1008 0080
1009 0880
1010 8000
1011 0010
1012 8000
1013 2400
1014 0200
1015 0010
1016 0080
1017 0200
1018 0010
1019 0003
1020 0400
1021 0040
1022 2000
1023 0100
1024 0100
1025 0800
1026 0002
1027 0004
1028 0042
1029 0010
1030 0080
1031 0040
1032 0100
1033 0400
1034 0400
1035 0001
1036 0020
1037 2100
1038 0040
1039 0004
1040 0001
1041 0020
1042 0008
1043 0080
1044 0200
1045 8008
1046 0008
1047 0001
1048 0240
1049 0100
1050 1002
1051 0104
1052 4040
1053 0800
1054 0020
1055 8000
1056 0400
1057 0021
1058 0020
1059 0200
1060 0100
1061 4000
1062 9000
1063 0400
1064 0004
1065 2000
1066 8100
1067 1000
1068 1010
1069 1008
1070 0008
1071 0100
1072 0420
1073 0002
1074 0008
1075 0040
1076 0080
1077 0200
1078 0002
1079 0004
1080 0082
1081 0480
1082 0018
1083 0400
1084 0040
1085 0840
1086 0008
1087 0400
1088 0080
1089 0008
1090 0802
1091 0008
1092 0200
1093 0400
1094 1000
1095 4000
1096 0010
1097 4000
1098 0010
1099 2000
1100 2000
1101 8000
1102 0808
1103 0001
1104 0400
1105 0100
1106 0080
1107 1000
1108 0001
1109 0400
1110 0001
1111 0200
1112 0800
1113 9000
1114 8000
1115 0008
1116 1000
1117 0001
1118 0022
1119 0002
1120 0040
1121 0003
1122 0010
1123 0800
1124 0080
1125 0010
1126 0802
1127 0002
1128 1000
1129 0040
1130 0800
1131 8000
1132 2020
1133 0020
1134 2000
1135 1100
1136 0002
1137 4200
1138 0004
1139 0001
1140 0002
1141 4000
1142 8000
1143 8000
1144 0800
1145 2000
1146 2000
1147 0008
1148 0004
1149 3000
1150 0010
1151 0004
1152 8000
1153 0040
1154 4001
1155 4000
1156 2000
1157 0060
1158 0080
1159 0008
1160 0004
1161 1400
1162 0008
1163 2000
1164 0002
1165 0040
1166 8000
1167 0041
1168 0041
1169 1000
1170 0004
1171 1000
1172 2000
1173 0080
1174 8008
1175 0100
1176 8008
1177 0100
1178 0001
1179 4400
1180 0022
1181 8000
1182 2010
1183 0080
1184 2000
1185 0400
1186 0800
1187 8000
1188 0020
1189 0010
1190 2020
1191 0080
1192 0080
1193 0082
1194 2000
1195 0100
1196 0404
1197 8000
1198 0400
1199 0044
1200 0800
1201 0210
1202 1000
1203 0040
1204 8000
1205 0010
1206 0200
1207 0100
1208 8000
1209 4000
1210 0400
1211 0005
1212 0008
1213 0800
1214 0010
1215 00c0
1216 1100
1217 8000
1218 0800
1219 0100
1220 4010
1221 0001
1222 0020
1223 2000
1224 0001
1225 0104
1226 2000
1227 0080
1228 4000
1229 0800
1230 0018
1231 0020
1232 8002
1233 9000
1234 0800
1235 0080
1236 0080
1237 0110
1238 8000
1239 0008
1240 0c00
1241 2800
1242 0800
1243 2000
1244 0400
1245 0004
1246 2008
1247 0100
1248 0400
1249 0080
1250 2008
1251 0104
1252 0001
1253 0020
1254 1000
1255 1000
1256 2000
1257 0041
1258 4200
1259 0020
1260 0001
1261 0002
1262 0200
1263 0080
1264 4100
1265 0800
1266 0800
1267 0080
1268 0010
1269 0080
1270 0010
1271 0002
1272 4001
1273 1800
1274 0100
1275 0080
1276 1000
1277 0020
1278 000a
1279 4000
1280 0008
1281 0800
1282 2000
1283 0002
1284 0400
1285 0008
1286 0004
1287 0080
1288 1000
1289 000c
1290 0090
1291 0208
1292 0004
1293 0010
1294 0480
1295 0400
1296 0022
1297 1000
1298 0480
1299 1400
1300 0810
1301 0020
1302 0008
1303 0080
1304 8000
1305 0c00
1306 0800
1307 0001
1308 8000
1309 0008
1310 0400
1311 0100
1312 0080
1313 2080
1314 0050
1315 0801
1316 0020
1317 0280
1318 0200
1319 0060
1320 2000
1321 0400
1322 0400
1323 8008
1324 0002
1325 0004
1326 8100
1327 4000
1328 0008
1329 4000
1330 0040
1331 0400
1332 0800
1333 0040
1334 8000
1335 0800
1336 4000
1337 2001
1338 1000
1339 0410
1340 0004
1341 0020
1342 0008
1343 0020
1344 4000
1345 0100
1346 0400
1347 1800
1348 0200
1349 0400
1350 0004
1351 0020
1352 4200
1353 8000
1354 0100
1355 1200
1356 1004
1357 0500
1358 c000
1359 0090
1360 1004
1361 0040
1362 0001
1363 0200
1364 0200
1365 8000
1366 0400
1367 0004
1368 a000
1369 0004
1370 4000
1371 0200
1372 0030
1373 0200
1374 0400
1375 0010
1376 0004
1377 0001
1378 0008
1379 0040
1380 4000
1381 0200
1382 0400
1383 0020
1384 0400
1385 0005
1386 0010
1387 8200
1388 0402
1389 0004
1390 0200
1391 2000
1392 0040
1393 0880
1394 0024
1395 0200
1396 0200
1397 0004
1398 4400
1399 0010
1400 0020
1401 0100
1402 0080
1403 0010
1404 0200
1405 0102
1406 0010
1407 0020
1408 1040
1409 0008
1410 0002
1411 0010
1412 1010
1413 1000
1414 0080
1415 0108
1416 0002
1417 0200
1418 4002
1419 4000
1420 0c00
1421 0084
1422 0100
1423 0404
1424 0404
1425 0002
1426 0040
1427 0080
1428 0100
1429 0008
1430 0028
1431 8000
1432 0010
1433 0800
1434 1004
1435 0100
1436 0004
1437 1000
1438 1020
1439 1000
1440 0060
1441 8004
1442 0010
1443 0402
1444 0020
1445 0080
1446 2020
1447 1000
1448 0021
1449 0088
1450 1400
1451 0200
1452 0002
1453 4200
1454 2000
1455 0040
1456 0100
1457 0808
1458 0402
1459 0004
1460 0210
1461 4004
1462 1000
1463 2001
1464 0204
1465 0040
1466 0008
1467 0080
1468 8200
1469 0020
1470 0020
1471 1000
1472 0040
1473 2000
1474 4004
1475 0080
1476 0040
1477 0800
1478 0008
1479 0018
1480 2000
1481 0840
1482 0040
1483 0080
1484 0400
1485 0800
1486 1020
1487 0120
1488 0001
1489 0880
1490 0010
1491 0001
1492 0040
1493 8000
1494 0100
1495 0010
1496 0100
1497 4000
1498 0200
1499 2000
1500 0400
1501 4000
1502 0080
1503 0020
1504 0004
1505 0042
1506 0080
1507 0400
1508 0200
1509 8000
1510 0008
1511 4002
1512 0010
1513 0100
1514 0080
1515 00c0
1516 2008
1517 8080
1518 0010
1519 0002
1520 0040
1521 0080
1522 2004
1523 0008
1524 4000
1525 0140
1526 0002
1527 0010
1528 0012
1529 0080
1530 8000
1531 0001
1532 0080
1533 0400
1534 2000
1535 0801
1536 0080
1537 0010
1538 0001
1539 0044
1540 2000
1541 0c00
1542 2000
1543 0081
1544 2000
1545 0120
1546 0400
1547 0001
1548 0004
1549 0001
1550 0012
1551 0081
1552 1040
1553 0100
1554 0002
1555 0020
1556 0104
1557 2800
1558 0008
1559 2000
1560 1000
1561 2002
1562 0001
1563 0080
1564 0800
1565 0020
1566 0008
1567 0080
1568 0004
1569 8080
1570 0001
1571 8004
1572 0080
1573 0002
1574 0004
1575 0008
1576 000c
1577 0002
1578 2000
1579 0040
1580 0100
1581 2400
1582 0800
1583 0010
1584 1100
1585 8000
1586 3000
1587 0004
1588 0400
1589 0004
1590 0004
1591 0800
1592 0800
1593 8000
1594 0500
1595 0400
1596 0108
1597 0004
1598 0204
1599 0800
1600 0400
1601 0020
1602 1040
1603 0100
1604 1100
1605 0030
1606 0800
1607 0040
1608 4800
1609 4000
1610 1080
1611 1000
1612 8000
1613 0420
1614 0020
1615 0100
1616 8000
1617 0004
1618 2004
1619 0002
1620 0880
1621 0004
1622 8000
1623 0040
1624 2800
1625 0201
1626 0004
1627 0100
1628 0008
1629 1000
1630 0004
1631 0048
1632 4000
1633 4000
1634 0004
1635 8080
1636 1000
1637 2000
1638 1000
1639 0820
1640 0808
1641 4002
1642 0100
1643 0400
1644 0080
1645 0400
1646 0010
1647 0004
1648 1000
1649 0020
1650 0404
1651 0002
1652 0404
1653 8000
1654 8000
1655 0010
1656 4000
1657 0040
1658 1000
1659 0040
1660 0008
1661 0800
1662 1000
1663 0010
1664 4000
1665 9000
1666 0200
1667 0020
1668 0040
1669 0001
1670 0060
1671 0022
1672 4000
1673 0040
1674 0020
1675 0004
1676 000a
1677 0009
1678 0008
1679 9000
1680 0012
1681 0081
1682 1000
1683 0020
1684 4000
1685 0100
1686 0080
1687 0002
1688 0004
1689 0080
1690 4008
1691 0110
1692 0040
1693 8040
1694 2000
1695 0200
1696 0080
1697 0040
1698 0040
1699 1000
1700 0200
1701 0040
1702 8000
1703 2040
1704 0024
1705 0020
1706 0400
1707 0040
1708 0800
1709 0008
1710 0080
1711 0004
1712 0400
1713 0030
1714 0001
1715 1000
1716 4010
1717 0800
1718 0020
1719 0004
1720 0200
1721 0200
1722 0800
1723 2000
1724 2000
1725 1200
1726 0001
1727 0002
1728 0001
1729 2000
1730 0010
1731 0200
1732 0400
1733 0020
1734 0002
1735 0800
1736 0040
1737 0080
1738 0001
1739 0101
1740 0200
1741 0400
1742 0002
1743 0200
1744 0020
1745 0800
1746 0004
1747 1010
1748 0001
1749 0100
1750 0001
1751 1000
1752 0080
1753 2000
1754 0004
1755 0001
1756 0104
1757 0020
1758 4000
1759 0082
1760 0040
1761 0500
1762 0200
1763 0004
1764 0201
1765 4004
1766 0800
1767 0001
1768 0400
1769 0008
1770 0020
1771 0100
1772 0040
1773 0004
1774 0002
1775 0040
1776 0020
1777 0001
1778 8000
1779 0020
1780 0008
1781 0010
1782 0004
1783 0408
1784 8000
1785 0080
1786 0010
1787 0200
1788 8040
1789 0050
1790 0200
1791 0020
1792 0020
1793 0004
1794 0004
1795 0080
1796 0200
1797 0044
1798 2000
1799 0010
1800 8000
1801 0004
1802 0004
1803 3000
1804 0200
1805 0020
1806 0204
1807 0002
1808 0180
1809 0400
1810 0410
1811 0800
1812 0100
1813 0400
1814 0008
1815 0002
1816 0020
1817 0200
1818 0400
1819 0002
1820 0400
1821 0004
1822 0400
1823 0001
1824 0080
1825 0080
1826 0002
1827 0080
1828 0002
1829 0004
1830 0800
1831 0040
1832 0001
1833 2000
1834 0001
1835 0008
1836 4000
1837 0008
1838 0002
1839 0002
1840 0400
1841 0200
1842 0050
1843 0010
1844 0002
1845 0800
1846 0010
1847 0020
1848 0800
1849 0100
1850 0010
1851 0002
1852 0200
1853 2800
1854 0002
1855 0040
1856 0010
1857 8000
1858 0080
1859 0080
1860 2000
1861 4000
1862 0088
1863 0002
1864 0009
1865 0900
1866 4000
1867 0080
1868 0008
1869 2400
1870 0200
1871 0802
1872 0800
1873 0002
1874 0800
1875 0010
1876 2200
1877 2000
1878 8008
1879 0440
1880 3000
1881 0008
1882 00a0
1883 1000
1884 0004
1885 0400
1886 0004
1887 4000
1888 8002
1889 0040
1890 0020
1891 2000
1892 1000
1893 0080
1894 0800
1895 2001
1896 0040
1897 0004
1898 2000
1899 8000
1900 0040
1901 0080
1902 0008
1903 8000
1904 0100
1905 0880
1906 1000
1907 0400
1908 1000
1909 0080
1910 4000
1911 0040
1912 1000
1913 2040
1914 1000
1915 0008
1916 0010
1917 0060
1918 0004
1919 0008
1920 1020
1921 0200
1922 0200
1923 1000
1924 0009
1925 0002
1926 0004
1927 0002
1928 0010
1929 0010
1930 4000
1931 0400
1932 0010
1933 0004
1934 2004
1935 0240
1936 0400
1937 8000
1938 0008
1939 0006
1940 0080
1941 0002
1942 0004
1943 2001
1944 0020
1945 0200
1946 8000
1947 4080
1948 0100
1949 1000
1950 0020
1951 0010
1952 0204
1953 0020
1954 1000
1955 0204
1956 0300
1957 0008
1958 0080
1959 0200
1960 0010
1961 0001
1962 00a0
1963 1000
1964 0024
1965 1000
1966 4008
1967 0100
1968 0400
1969 0008
1970 0800
1971 4000
1972 0002
1973 0810
1974 8000
1975 0012
1976 0080
1977 4000
1978 1200
1979 0008
1980 0400
1981 0001
1982 0480
1983 0010
1984 0402
1985 0a00
1986 0008
1987 0080
1988 0100
1989 0002
1990 0500
1991 4000
1992 0800
1993 0001
1994 0002
1995 4000
1996 0002
1997 0200
1998 1000
1999 4000
2000 1000
2001 2000
2002 8000
2003 8000
2004 2100
2005 2008
2006 2000
2007 4000
2008 0200
2009 2000
2010 0024
2011 0010
2012 2004
2013 0001
2014 0003
2015 0200
2016 0400
2017 0400
2018 0041
2019 0001
2020 0080
2021 4020
2022 8000
2023 0040
2024 0020
2025 0080
2026 0400
2027 1040
2028 8001
2029 0010
2030 0010
2031 8000
2032 0800
2033 0010
2034 0800
2035 8000
2036 0004
2037 0008
2038 0002
2039 0200
2040 0020
2041 0001
2042 0300
2043 0004
2044 0400
2045 4000
2046 0008
2047 0202
