0 0012
1 1200
2 0140
3 2002
4 0810
5 2010
6 2800
7 0048
8 0018
9 0048
10 4004
11 0900
12 0201
13 00a0
14 0028
15 0a00
16 0804
17 0042
18 0802
19 8080
20 0104
21 2020
22 0840
23 00c0
24 1800
25 0018
26 1002
27 a000
28 0240
29 0810
30 0408
31 0820
32 2001
33 0220
34 0810
35 9000
36 0090
37 0210
38 8020
39 0801
40 0240
41 1001
42 0009
43 0082
44 0011
45 0208
46 9000
47 0880
48 8040
49 0108
50 4400
51 0044
52 4008
53 0201
54 8400
55 9000
56 4010
57 0401
58 8200
59 2020
60 0420
61 0120
62 0110
63 2010
64 8800
65 0088
66 0021
67 2020
68 0009
69 0024
70 2200
71 8008
72 0018
73 2100
74 2020
75 00a0
76 4080
77 0044
78 0201
79 6000
80 0280
81 0090
82 0090
83 0201
84 8008
85 c000
86 1040
87 0801
88 0201
89 0021
90 8008
91 0404
92 8080
93 0420
94 0084
95 0804
96 1001
97 0402
98 0804
99 2080
100 1001
101 8800
102 4020
103 3000
104 000a
105 0030
106 8004
107 0014
108 5000
109 1040
110 0021
111 1020
112 0600
113 8020
114 0084
115 6000
116 0090
117 2020
118 8800
119 000c
120 1800
121 2010
122 4020
123 0810
124 8800
125 0006
126 3000
127 2010
128 1004
129 8040
130 00c0
131 1010
132 4010
133 8002
134 2400
135 0009
136 0401
137 9000
138 0600
139 0060
140 8020
141 1001
142 0801
143 0022
144 0014
145 8010
146 3000
147 0401
148 2004
149 8400
150 8400
151 0220
152 2004
153 6000
154 0280
155 0280
156 00c0
157 4200
158 1200
159 0005
160 2100
161 1200
162 4040
163 0006
164 0410
165 1002
166 0110
167 1020
168 0401
169 8800
170 2008
171 0202
172 0804
173 0a00
174 0c00
175 a000
176 0210
177 0050
178 1080
179 0240
180 4400
181 0090
182 8200
183 2008
184 0210
185 2800
186 0480
187 2008
188 8008
189 0500
190 0120
191 0030
192 0120
193 8800
194 2400
195 0240
196 0012
197 2002
198 0240
199 00c0
200 0300
201 0402
202 2004
203 9000
204 0900
205 0300
206 2010
207 0044
208 1080
209 8100
210 3000
211 0810
212 0880
213 4200
214 0012
215 0208
216 0802
217 0202
218 1001
219 0088
220 8200
221 0041
222 4001
223 0808
224 8400
225 0201
226 0005
227 4800
228 8010
229 0140
230 0108
231 0220
232 2040
233 1001
234 1100
235 0011
236 1080
237 0808
238 1080
239 0204
240 0810
241 8008
242 4004
243 2800
244 0005
245 1004
246 0402
247 8200
248 4010
249 0005
250 0808
251 4008
252 0081
253 2100
254 3000
255 0018
256 0011
257 0101
258 0600
259 1200
260 0300
261 00a0
262 8400
263 0021
264 0022
265 0041
266 0012
267 8800
268 0220
269 0201
270 2004
271 0410
272 1001
273 0042
274 0088
275 0204
276 1100
277 2010
278 1008
279 0060
280 1800
281 8200
282 8040
283 0021
284 c000
285 0018
286 1002
287 8004
288 4010
289 2100
290 4100
291 2080
292 1020
293 0208
294 0081
295 4080
296 5000
297 0140
298 0014
299 8800
300 0018
301 2040
302 1002
303 4200
304 0220
305 2008
306 0009
307 1008
308 0090
309 0060
310 0102
311 1040
312 000a
313 0240
314 0a00
315 1080
316 2002
317 0820
318 0801
319 2004
320 0401
321 1020
322 0009
323 0208
324 0041
325 0804
326 2010
327 4002
328 0014
329 2010
330 000c
331 9000
332 1800
333 5000
334 2800
335 0014
336 0180
337 0c00
338 0088
339 8200
340 1200
341 8001
342 2010
343 00a0
344 8100
345 2020
346 0082
347 0880
348 4040
349 00c0
350 1004
351 4020
352 5000
353 0440
354 0c00
355 0088
356 4010
357 0048
358 0044
359 8100
360 0012
361 0048
362 0009
363 1008
364 0840
365 0204
366 0201
367 0003
368 0120
369 0180
370 4800
371 0401
372 0022
373 8080
374 0090
375 8002
376 8004
377 0090
378 8020
379 1200
380 0082
381 0810
382 0104
383 2008
384 2002
385 5000
386 0810
387 8010
388 4100
389 000c
390 4020
391 0011
392 0101
393 0042
394 8001
395 0440
396 0005
397 0801
398 0802
399 0401
400 0404
401 0120
402 1080
403 2004
404 8200
405 4020
406 0108
407 0208
408 0208
409 2020
410 8010
411 c000
412 4040
413 0280
414 0044
415 0048
416 6000
417 8080
418 0202
419 000a
420 1004
421 0120
422 0804
423 4040
424 6000
425 0840
426 1002
427 8001
428 8001
429 0022
430 0808
431 4008
432 0088
433 2020
434 0210
435 3000
436 0c00
437 8010
438 0022
439 1008
440 0104
441 0006
442 4100
443 0140
444 0840
445 1002
446 000c
447 000a
448 8100
449 000c
450 0600
451 0204
452 0018
453 00c0
454 1800
455 1080
456 4100
457 8040
458 2020
459 4004
460 8100
461 4020
462 0102
463 4200
464 8100
465 2001
466 0101
467 0012
468 4002
469 0801
470 0810
471 8002
472 0840
473 0208
474 4080
475 4002
476 4200
477 0204
478 0202
479 0202
480 0011
481 8004
482 8100
483 1200
484 0408
485 0018
486 0014
487 0808
488 0600
489 c000
490 0024
491 8800
492 0024
493 2800
494 2400
495 0104
496 0005
497 8020
498 8004
499 0014
500 0180
501 4020
502 0090
503 0011
504 0088
505 2400
506 0808
507 0c00
508 0041
509 0c00
510 0104
511 0880
512 0012
513 1040
514 0440
515 0012
516 8001
517 0204
518 2400
519 0021
520 2040
521 4100
522 8001
523 8100
524 0024
525 0012
526 0050
527 3000
528 0840
529 0120
530 0300
531 2200
532 0204
533 0009
534 0003
535 0480
536 4008
537 0012
538 00c0
539 4080
540 2800
541 0600
542 0009
543 0108
544 0003
545 0030
546 000a
547 1040
548 0a00
549 0180
550 8080
551 0014
552 0108
553 6000
554 2002
555 00c0
556 4040
557 0110
558 0005
559 8020
560 000c
561 0024
562 0401
563 0024
564 0048
565 0024
566 2010
567 c000
568 8100
569 8010
570 4040
571 2010
572 1010
573 0101
574 0410
575 0840
576 0082
577 0208
578 0140
579 2008
580 2001
581 2004
582 0104
583 0180
584 8080
585 2010
586 1001
587 1100
588 0404
589 8080
590 0011
591 1100
592 0804
593 4020
594 0900
595 c000
596 0802
597 2200
598 0011
599 0808
600 2800
601 4040
602 0880
603 0140
604 0804
605 0408
606 8040
607 0088
608 0401
609 1002
610 0840
611 0410
612 6000
613 1040
614 0090
615 0804
616 0011
617 4200
618 1004
619 2008
620 8010
621 0420
622 0006
623 8800
624 0014
625 0005
626 000c
627 0420
628 9000
629 0009
630 9000
631 2010
632 2010
633 3000
634 4080
635 0500
636 0202
637 0021
638 1100
639 0042
640 1004
641 4100
642 00a0
643 0202
644 4001
645 1001
646 4040
647 a000
648 0011
649 8400
650 0024
651 0009
652 0a00
653 0060
654 0408
655 2100
656 0402
657 0044
658 0c00
659 4008
660 1040
661 0408
662 0005
663 0012
664 0005
665 1080
666 0220
667 1200
668 8800
669 2080
670 9000
671 2020
672 8008
673 0104
674 2010
675 8800
676 1020
677 8200
678 0110
679 0081
680 0208
681 0140
682 5000
683 00c0
684 0208
685 2020
686 5000
687 4008
688 2002
689 1010
690 0009
691 0044
692 0082
693 1004
694 0201
695 8010
696 0420
697 1008
698 0840
699 0300
700 0404
701 2010
702 8100
703 000c
704 0042
705 0802
706 2080
707 4100
708 1400
709 8100
710 0802
711 0300
712 0140
713 0280
714 3000
715 2800
716 0018
717 0500
718 4004
719 8004
720 0041
721 2400
722 2004
723 0804
724 2002
725 8020
726 8020
727 4002
728 0003
729 0042
730 1020
731 0208
732 2020
733 0480
734 8800
735 8002
736 2800
737 0801
738 0280
739 0401
740 0120
741 1080
742 0600
743 a000
744 1010
745 0480
746 4020
747 0006
748 0840
749 4010
750 0808
751 2200
752 0009
753 4010
754 0408
755 0810
756 0110
757 0041
758 0028
759 0030
760 0408
761 0082
762 4200
763 0840
764 5000
765 0110
766 5000
767 1020
768 0440
769 1200
770 3000
771 0018
772 0014
773 4800
774 4040
775 8010
776 0801
777 4010
778 0088
779 1100
780 0108
781 1010
782 0060
783 0180
784 0810
785 0082
786 0500
787 4004
788 0042
789 0048
790 0180
791 2200
792 4002
793 2008
794 4004
795 2800
796 4800
797 0900
798 a000
799 4001
800 8200
801 5000
802 0204
803 0280
804 000a
805 0201
806 0104
807 0280
808 0042
809 8200
810 0500
811 1400
812 1100
813 c000
814 0084
815 1008
816 3000
817 0240
818 0048
819 5000
820 0220
821 8800
822 2080
823 2080
824 00a0
825 2020
826 8200
827 0808
828 2010
829 8004
830 0220
831 a000
832 0300
833 0005
834 0110
835 0810
836 0009
837 0090
838 0044
839 2200
840 0404
841 0c00
842 0104
843 8010
844 0500
845 8020
846 0220
847 1020
848 1020
849 0140
850 1200
851 1001
852 4020
853 0820
854 1010
855 0420
856 8800
857 0050
858 8001
859 0003
860 0104
861 2800
862 8001
863 1004
864 8040
865 0084
866 0401
867 0005
868 1080
869 0401
870 0408
871 2800
872 4400
873 0a00
874 0c00
875 6000
876 1400
877 2200
878 0840
879 2002
880 0c00
881 000a
882 1004
883 0012
884 0500
885 0808
886 1100
887 a000
888 4020
889 2040
890 0600
891 a000
892 0084
893 0c00
894 0820
895 0006
896 0840
897 a000
898 2002
899 4800
900 0104
901 0208
902 0900
903 1002
904 0208
905 1100
906 1400
907 0202
908 0104
909 000c
910 0c00
911 1040
912 0060
913 0050
914 0081
915 0082
916 0208
917 0140
918 4001
919 1200
920 1001
921 0022
922 0202
923 1400
924 0900
925 1004
926 0801
927 0404
928 2020
929 0180
930 0480
931 0030
932 4010
933 0021
934 6000
935 0840
936 0280
937 0840
938 4200
939 0028
940 a000
941 4100
942 0088
943 8008
944 0018
945 8040
946 1002
947 8008
948 0050
949 4080
950 0804
951 2800
952 0110
953 4400
954 0804
955 0050
956 2100
957 0202
958 0006
959 0081
960 0120
961 0041
962 0120
963 0440
964 0110
965 6000
966 8040
967 1008
968 0480
969 8008
970 6000
971 0104
972 1400
973 0024
974 4800
975 1020
976 2004
977 0802
978 00a0
979 8001
980 4001
981 0081
982 0420
983 1010
984 0081
985 1400
986 0018
987 0108
988 6000
989 4020
990 1001
991 8040
992 2010
993 2004
994 2200
995 0300
996 6000
997 0240
998 0600
999 1020
1000 0202
1001 4002
1002 4040
1003 0022
1004 0014
1005 2010
1006 0050
1007 0005
1008 0204
1009 0500
1010 2002
1011 0006
1012 0201
1013 4200
1014 8010
1015 4008
1016 0120
1017 0005
1018 3000
1019 2400
1020 4040
1021 4020
1022 0081
1023 8400
1024 1800
1025 0a00
1026 0401
1027 0102
1028 4040
1029 8800
1030 8001
1031 0208
1032 1100
1033 0044
1034 0802
1035 0090
1036 0090
1037 0028
1038 5000
1039 0840
1040 0030
1041 1002
1042 2080
1043 0030
1044 0480
1045 0220
1046 4200
1047 0022
1048 8010
1049 0104
1050 2010
1051 4010
1052 c000
1053 4100
1054 0104
1055 0840
1056 0201
1057 0a00
1058 8040
1059 4001
1060 8080
1061 0201
1062 4080
1063 8008
1064 4080
1065 0810
1066 0014
1067 4400
1068 0101
1069 0600
1070 0820
1071 2040
1072 5000
1073 8008
1074 0810
1075 4800
1076 0208
1077 0088
1078 4001
1079 2080
1080 2400
1081 8001
1082 0420
1083 4800
1084 2800
1085 1400
1086 0801
1087 1040
1088 9000
1089 0022
1090 0030
1091 0280
1092 0300
1093 0300
1094 1010
1095 0006
1096 2004
1097 2020
1098 0180
1099 0408
1100 0240
1101 0005
1102 8008
1103 0280
1104 1100
1105 3000
1106 2001
1107 0808
1108 2800
1109 0030
1110 8200
1111 0804
1112 0030
1113 4800
1114 0410
1115 0048
1116 2001
1117 8040
1118 0420
1119 0410
1120 2080
1121 0880
1122 0208
1123 0021
1124 0102
1125 0050
1126 8004
1127 0820
1128 4020
1129 2100
1130 4040
1131 0810
1132 8800
1133 1800
1134 0420
1135 0280
1136 0202
1137 4010
1138 1008
1139 0208
1140 0880
1141 1001
1142 0140
1143 8002
1144 0210
1145 0404
1146 a000
1147 0480
1148 000a
1149 4100
1150 0820
1151 0208
1152 4010
1153 0081
1154 c000
1155 0101
1156 0044
1157 0003
1158 0024
1159 8004
1160 4040
1161 0009
1162 8008
1163 1100
1164 0044
1165 0102
1166 2004
1167 0101
1168 0048
1169 4010
1170 8020
1171 0210
1172 1080
1173 0240
1174 0018
1175 1010
1176 4001
1177 1080
1178 1008
1179 0202
1180 0280
1181 0480
1182 8800
1183 2010
1184 000a
1185 2080
1186 0110
1187 4010
1188 0820
1189 0022
1190 6000
1191 0210
1192 2400
1193 4020
1194 4010
1195 0140
1196 0050
1197 4004
1198 8008
1199 8100
1200 1002
1201 0104
1202 3000
1203 c000
1204 0022
1205 0480
1206 0022
1207 0060
1208 0408
1209 0012
1210 0030
1211 1004
1212 1100
1213 1040
1214 4010
1215 3000
1216 1001
1217 4004
1218 0084
1219 0808
1220 0012
1221 8001
1222 0006
1223 8008
1224 8020
1225 0880
1226 0820
1227 8040
1228 0030
1229 0210
1230 8004
1231 2100
1232 2200
1233 0201
1234 0500
1235 0300
1236 0088
1237 1100
1238 2010
1239 0021
1240 1100
1241 0220
1242 0021
1243 0880
1244 2040
1245 0041
1246 6000
1247 0820
1248 4002
1249 1020
1250 1020
1251 8400
1252 00a0
1253 8008
1254 0208
1255 0240
1256 0180
1257 1800
1258 0801
1259 0480
1260 0600
1261 0006
1262 2400
1263 1080
1264 1800
1265 8001
1266 0082
1267 4020
1268 8002
1269 5000
1270 0022
1271 0820
1272 0202
1273 0090
1274 1008
1275 8800
1276 0042
1277 0011
1278 0802
1279 1400
1280 1020
1281 0042
1282 0801
1283 0110
1284 0042
1285 2800
1286 0440
1287 0440
1288 a000
1289 0810
1290 2200
1291 1400
1292 0801
1293 0220
1294 4200
1295 0401
1296 2002
1297 0204
1298 0440
1299 0011
1300 0108
1301 0801
1302 0420
1303 8080
1304 0021
1305 0220
1306 8400
1307 0030
1308 4800
1309 8080
1310 8002
1311 0300
1312 0014
1313 0600
1314 2040
1315 8100
1316 0500
1317 2100
1318 0420
1319 1080
1320 0c00
1321 8040
1322 0081
1323 0202
1324 0108
1325 0300
1326 0808
1327 8800
1328 8100
1329 0009
1330 0009
1331 0082
1332 0110
1333 00c0
1334 0880
1335 8400
1336 0820
1337 0028
1338 0024
1339 0101
1340 0021
1341 000a
1342 a000
1343 0102
1344 0180
1345 8001
1346 0440
1347 0003
1348 0300
1349 8200
1350 8002
1351 a000
1352 0201
1353 0880
1354 0140
1355 2080
1356 2200
1357 0202
1358 0900
1359 1080
1360 0801
1361 8020
1362 0810
1363 2002
1364 000a
1365 1200
1366 0c00
1367 0042
1368 0084
1369 0240
1370 0041
1371 4004
1372 8100
1373 8020
1374 0420
1375 0081
1376 4001
1377 0003
1378 0006
1379 0210
1380 4040
1381 0024
1382 4008
1383 4004
1384 0018
1385 0014
1386 0820
1387 a000
1388 0240
1389 8002
1390 0401
1391 0a00
1392 4010
1393 0420
1394 0060
1395 4010
1396 0042
1397 c000
1398 0009
1399 2004
1400 8200
1401 2800
1402 2010
1403 0021
1404 8002
1405 4200
1406 0408
1407 0201
1408 0201
1409 0500
1410 4001
1411 00a0
1412 0180
1413 0808
1414 1020
1415 00a0
1416 0208
1417 0804
1418 4001
1419 0180
1420 0104
1421 0480
1422 4002
1423 1010
1424 0088
1425 0202
1426 1200
1427 4010
1428 0180
1429 2010
1430 1200
1431 000a
1432 0208
1433 0101
1434 0090
1435 2020
1436 0102
1437 0104
1438 4002
1439 0408
1440 0028
1441 0120
1442 0006
1443 4010
1444 1200
1445 1800
1446 0048
1447 0840
1448 0030
1449 0018
1450 000c
1451 0006
1452 0041
1453 2200
1454 0810
1455 8008
1456 0810
1457 0420
1458 8010
1459 8040
1460 0090
1461 8800
1462 0804
1463 0028
1464 1400
1465 0108
1466 0084
1467 0402
1468 6000
1469 1001
1470 0140
1471 0022
1472 2001
1473 0201
1474 4100
1475 8002
1476 0c00
1477 2004
1478 8800
1479 0810
1480 2020
1481 0084
1482 2004
1483 0420
1484 0012
1485 4001
1486 9000
1487 0005
1488 0280
1489 4002
1490 8800
1491 0880
1492 0084
1493 0120
1494 2400
1495 0081
1496 2200
1497 8001
1498 4080
1499 1001
1500 0028
1501 8400
1502 8020
1503 4100
1504 c000
1505 0810
1506 0104
1507 0804
1508 0009
1509 1001
1510 0044
1511 8800
1512 0140
1513 4100
1514 0104
1515 0042
1516 4002
1517 0120
1518 1080
1519 0204
1520 0140
1521 0005
1522 8400
1523 00c0
1524 a000
1525 1100
1526 0030
1527 4008
1528 0012
1529 0c00
1530 1400
1531 0006
1532 4200
1533 0084
1534 0011
1535 0204
1536 8100
1537 0021
1538 0202
1539 4020
1540 0003
1541 0084
1542 0804
1543 1004
1544 000a
1545 0804
1546 4008
1547 0012
1548 1100
1549 0440
1550 0104
1551 0011
1552 0003
1553 8200
1554 8010
1555 0060
1556 0024
1557 4200
1558 2001
1559 0060
1560 0060
1561 c000
1562 0a00
1563 0082
1564 0021
1565 0480
1566 2004
1567 0900
1568 0402
1569 0084
1570 1080
1571 0402
1572 2001
1573 0240
1574 1010
1575 1020
1576 8008
1577 0280
1578 3000
1579 0220
1580 00a0
1581 0024
1582 0410
1583 0210
1584 1020
1585 0801
1586 4010
1587 8008
1588 0600
1589 8080
1590 0480
1591 2001
1592 6000
1593 2010
1594 2800
1595 0030
1596 0404
1597 1020
1598 2020
1599 000c
1600 0240
1601 000a
1602 0210
1603 0009
1604 4001
1605 0048
1606 0104
1607 0006
1608 1001
1609 0108
1610 2800
1611 4040
1612 1008
1613 0408
1614 8080
1615 0084
1616 0028
1617 0011
1618 0003
1619 2008
1620 2400
1621 8800
1622 8004
1623 0003
1624 0280
1625 1400
1626 1002
1627 6000
1628 2040
1629 0018
1630 2040
1631 1080
1632 0081
1633 8800
1634 0280
1635 1400
1636 0801
1637 0c00
1638 0500
1639 4008
1640 0101
1641 0021
1642 000c
1643 00c0
1644 0420
1645 0208
1646 0210
1647 0028
1648 4200
1649 8200
1650 0018
1651 1100
1652 8002
1653 0009
1654 2020
1655 0021
1656 0204
1657 00c0
1658 0084
1659 0802
1660 9000
1661 8800
1662 0880
1663 2002
1664 8002
1665 4004
1666 4200
1667 2020
1668 4800
1669 1001
1670 0009
1671 2010
1672 0808
1673 8020
1674 0021
1675 0030
1676 1004
1677 2100
1678 0210
1679 000a
1680 0900
1681 00a0
1682 0081
1683 2008
1684 0240
1685 00a0
1686 4200
1687 4800
1688 8200
1689 4010
1690 4002
1691 4020
1692 0500
1693 00c0
1694 8020
1695 0101
1696 0042
1697 6000
1698 2002
1699 4020
1700 2010
1701 0208
1702 0802
1703 4010
1704 4100
1705 2100
1706 0801
1707 0208
1708 8008
1709 2020
1710 4400
1711 c000
1712 9000
1713 1008
1714 0802
1715 0801
1716 0012
1717 0120
1718 2800
1719 0500
1720 1020
1721 0204
1722 8200
1723 0082
1724 0801
1725 0140
1726 3000
1727 000a
1728 0420
1729 8080
1730 6000
1731 0900
1732 4020
1733 0110
1734 0084
1735 c000
1736 1008
1737 0440
1738 0110
1739 0900
1740 0022
1741 5000
1742 8400
1743 8200
1744 0210
1745 2800
1746 4040
1747 1001
1748 8020
1749 8010
1750 8002
1751 a000
1752 1100
1753 0900
1754 0048
1755 0408
1756 0201
1757 0808
1758 0050
1759 a000
1760 0110
1761 0802
1762 0240
1763 8200
1764 8800
1765 8080
1766 4004
1767 0801
1768 2200
1769 8020
1770 8002
1771 0120
1772 000c
1773 0440
1774 4001
1775 000a
1776 0060
1777 0044
1778 4001
1779 8002
1780 0280
1781 0014
1782 2100
1783 5000
1784 0003
1785 0120
1786 2004
1787 0030
1788 0410
1789 4001
1790 0280
1791 4002
1792 4010
1793 4008
1794 8002
1795 0140
1796 8004
1797 2200
1798 4002
1799 4040
1800 2200
1801 1400
1802 1008
1803 0a00
1804 0120
1805 0240
1806 8200
1807 2400
1808 4100
1809 0012
1810 00c0
1811 0c00
1812 1400
1813 00c0
1814 0202
1815 4040
1816 0044
1817 0005
1818 4080
1819 0018
1820 0120
1821 0005
1822 4040
1823 a000
1824 0802
1825 8200
1826 0c00
1827 0402
1828 8100
1829 8008
1830 9000
1831 8080
1832 0041
1833 2001
1834 0028
1835 1040
1836 4020
1837 000a
1838 8001
1839 6000
1840 0042
1841 0802
1842 5000
1843 1001
1844 2400
1845 4800
1846 8200
1847 0208
1848 4002
1849 4080
1850 0201
1851 0410
1852 4040
1853 2200
1854 8800
1855 0044
1856 1400
1857 0201
1858 0101
1859 0c00
1860 1010
1861 0120
1862 2001
1863 8020
1864 1100
1865 8400
1866 2100
1867 0480
1868 0102
1869 0081
1870 0810
1871 0410
1872 0060
1873 0041
1874 c000
1875 0280
1876 4008
1877 0410
1878 6000
1879 2040
1880 4200
1881 8010
1882 0808
1883 0840
1884 0201
1885 1040
1886 8800
1887 4001
1888 0014
1889 1008
1890 2010
1891 0048
1892 4400
1893 0201
1894 4010
1895 1004
1896 0081
1897 0009
1898 0028
1899 0011
1900 8200
1901 2100
1902 0048
1903 4200
1904 0140
1905 0110
1906 8200
1907 0802
1908 0022
1909 1080
1910 0802
1911 0220
1912 2020
1913 0108
1914 0802
1915 0404
1916 0014
1917 0480
1918 8400
1919 0140
1920 2010
1921 0006
1922 0801
1923 0081
1924 0810
1925 0120
1926 0006
1927 8800
1928 4004
1929 0180
1930 00c0
1931 4040
1932 0108
1933 2200
1934 0a00
1935 0808
1936 2400
1937 2040
1938 0900
1939 0101
1940 0208
1941 8008
1942 0808
1943 0810
1944 8200
1945 0006
1946 000a
1947 8010
1948 0012
1949 00c0
1950 4010
1951 8008
1952 8200
1953 a000
1954 0408
1955 0102
1956 0420
1957 8400
1958 8010
1959 5000
1960 0900
1961 0101
1962 2800
1963 4004
1964 2002
1965 0028
1966 0802
1967 0600
1968 2004
1969 3000
1970 0006
1971 0410
1972 8020
1973 0810
1974 0028
1975 0402
1976 1004
1977 1002
1978 1080
1979 5000
1980 0280
1981 0012
1982 0011
1983 0041
1984 2008
1985 0060
1986 8008
1987 0600
1988 8002
1989 2080
1990 2100
1991 000a
1992 0280
1993 0900
1994 8002
1995 3000
1996 0202
1997 0808
1998 2040
1999 0808
2000 8008
2001 0600
2002 0030
2003 0410
2004 2001
2005 0201
2006 0012
2007 0042
2008 0012
2009 0028
2010 4200
2011 3000
2012 2200
2013 0024
2014 4080
2015 0804
2016 0440
2017 0a00
2018 8040
2019 0011
2020 000a
2021 a000
2022 8020
2023 8001
2024 0202
2025 0024
2026 2080
2027 0280
2028 0820
2029 0440
2030 0081
2031 0280
2032 0021
2033 0082
2034 0042
2035 0028
2036 1400
2037 0500
2038 4040
2039 2010
2040 4400
2041 2004
2042 0840
2043 0401
2044 0060
2045 0082
2046 0041
2047 0044
