1 0200
3 2000
4 0400
6 0010
8 4000
9 0002
10 8000
13 0010
15 0200
16 0020
18 0020
22 0002
26 0100
30 0040
34 0008
35 0004
37 2000
39 1000
40 0040
41 0200
44 0001
45 0004
46 2000
50 0010
51 8000
60 0002
62 0001
63 2000
64 0080
65 0040
66 0100
71 8000
75 8000
76 1000
77 4000
80 0200
86 0400
87 0001
92 0010
94 2000
96 0010
98 0200
100 0002
103 0004
104 0400
105 0002
106 1000
107 0800
109 4000
112 0080
113 0010
116 8000
120 0020
122 0001
123 0020
125 0008
126 0004
128 0400
129 0004
133 8000
137 2000
138 0001
139 0800
142 2000
148 0001
150 1000
152 0080
153 8000
154 1000
156 8000
158 2000
159 0001
160 0400
161 4000
162 0800
163 0100
168 2000
169 0002
170 0020
174 0010
177 8000
178 0080
179 1000
180 0010
181 8000
185 0020
188 0004
190 0020
192 1000
194 0001
195 0020
197 0008
199 1000
200 0001
202 4000
203 1000
206 0020
208 4000
209 0080
210 0200
211 0040
212 4000
216 0100
221 0080
222 0001
226 0100
227 0020
228 0001
231 2000
233 4000
235 0800
236 0800
238 0200
239 0040
243 0040
244 0400
246 0020
247 0020
250 0008
252 0400
254 0100
255 0800
258 0200
260 0020
261 0800
263 0010
264 1000
265 0001
267 0040
270 0100
275 8000
277 0800
278 0010
279 0080
281 1000
283 0800
284 0001
286 0080
290 0002
291 0040
294 0400
296 0008
297 8000
298 0001
300 2000
304 0200
308 0800
310 0100
314 0010
315 0001
316 0400
317 4000
322 4000
323 8000
324 0010
325 0100
326 1000
328 2000
332 0004
333 0040
335 4000
336 0004
338 0200
341 0040
347 0001
350 0400
351 1000
354 0080
356 0800
357 0080
358 4000
359 0010
360 0100
363 0080
366 4000
367 0002
368 1000
371 0010
372 0100
376 1000
378 0800
380 8000
382 0400
383 0080
387 1000
388 8000
390 0002
391 0800
392 4000
393 0040
394 1000
397 0800
399 4000
401 0100
402 0040
404 0010
406 0800
407 0010
408 1000
411 0080
412 0008
416 0020
418 0040
419 4000
420 0080
421 0004
424 0020
425 0008
426 0008
429 0020
433 0001
434 0008
437 0800
441 0010
445 0004
447 0100
448 0040
449 0008
452 0001
454 0800
456 0200
457 0040
458 0001
459 0004
461 0080
465 0400
467 0800
468 0040
469 0080
471 0002
472 0800
475 8000
480 0008
482 0004
483 0100
485 4000
488 4000
489 1000
492 0004
498 0100
499 0800
500 0400
502 0200
503 0800
506 0004
508 0010
509 0020
510 0200
511 0002
512 0800
514 0010
515 0020
516 0400
517 8000
519 0010
520 4000
522 0040
525 0001
527 0002
529 4000
530 0020
533 0010
534 1000
536 0400
537 0020
541 0400
542 4000
549 0100
550 0010
555 0010
557 0040
559 0400
560 0800
561 0004
563 0008
564 1000
565 0020
566 0004
569 2000
572 0002
575 8000
576 0020
579 4000
585 1000
587 0400
588 8000
595 0002
597 2000
601 0002
602 0008
604 0080
605 2000
607 0200
608 0200
609 0010
611 2000
616 0800
619 8000
620 0800
623 0100
625 0200
627 0080
633 0002
634 0001
635 0800
636 0002
638 0400
639 0200
642 8000
644 0200
648 0080
650 0004
652 0010
657 0010
665 0004
666 8000
667 0020
670 2000
671 0004
674 0020
676 0200
678 0080
679 0020
680 0010
682 1000
683 0200
685 0800
687 4000
688 8000
690 0100
694 0800
698 0010
699 8000
700 0200
701 2000
702 0020
704 0020
706 0001
707 8000
708 0020
709 0010
712 2000
714 0040
715 0002
717 0200
718 0200
721 0002
723 0002
724 0400
725 0002
728 0020
729 0200
731 0001
732 0100
734 1000
735 0100
740 0200
741 0004
744 0002
747 0800
748 8000
750 0040
752 0200
753 0002
754 0020
758 0001
759 0020
761 0001
762 0010
764 4000
766 8000
768 0040
769 0010
771 0200
773 0400
775 0002
778 0040
779 0010
780 4000
781 1000
783 0004
785 0400
786 4000
787 4000
788 0080
789 0400
792 0008
797 4000
798 4000
799 0004
801 0800
805 0400
808 2000
809 0080
811 0040
813 0004
814 0020
815 0040
816 2000
817 2000
818 0100
819 0400
821 4000
824 0010
825 0004
827 0800
831 0008
832 0010
834 0008
836 0800
838 0400
839 0020
841 0400
844 0008
846 0080
849 2000
851 4000
853 1000
854 0008
855 8000
857 0002
860 0100
861 0020
862 0002
865 0001
867 0002
868 4000
872 0020
873 0001
874 0200
876 2000
877 4000
879 0400
880 0040
882 2000
884 0040
885 0400
886 0001
887 0002
888 0004
890 0100
891 0020
892 0080
895 0002
896 0080
897 0800
899 0004
900 0010
902 0080
903 2000
907 0001
909 2000
910 1000
911 0040
912 0100
914 0020
915 1000
916 4000
920 0400
921 0002
923 0080
924 1000
925 0001
926 0010
927 0020
930 0800
931 0200
932 0400
935 0100
936 0004
937 0040
938 0800
939 2000
940 4000
948 0002
949 0100
950 4000
952 0800
953 0008
954 0400
955 4000
956 0004
958 0200
959 2000
962 0040
963 2000
970 0001
971 2000
972 0080
974 2000
975 0400
976 0800
977 8000
978 0800
980 8000
981 4000
982 0080
986 0200
989 1000
996 0040
998 0080
1001 0004
1002 0001
1003 0010
1005 0010
1006 0100
1010 0004
1014 0002
1015 0200
1017 0080
1020 0200
1021 0020
1022 0008
1026 1000
1030 0004
1033 0002
1036 0040
1037 0010
1039 1000
1042 1000
1043 0020
1044 0080
1045 0800
1046 0002
1048 0100
1049 1000
1054 0002
1055 8000
1056 0400
1057 0010
1058 0080
1059 8000
1063 2000
1064 4000
1066 0080
1067 4000
1068 1000
1070 0002
1071 0200
1072 0004
1073 0080
1074 0040
1075 8000
1078 0400
1079 0100
1081 0001
1084 0020
1087 0800
1088 1000
1090 0200
1092 0002
1094 0080
1095 0020
1097 0004
1099 0008
1103 0080
1105 8000
1108 0001
1110 0001
1111 0004
1112 8000
1114 0004
1116 0040
1117 0200
1118 2000
1119 0020
1121 0100
1123 4000
1124 0080
1125 0002
1126 0001
1128 0200
1129 0001
1130 4000
1131 0800
1133 0010
1134 0040
1136 0040
1138 1000
1139 0010
1140 0020
1141 0100
1143 0004
1145 4000
1147 0400
1149 0040
1153 0400
1155 0001
1156 0010
1158 0400
1159 2000
1161 0001
1162 0400
1163 0008
1165 0400
1166 0008
1167 1000
1168 0010
1169 0100
1170 0008
1172 0040
1173 0200
1175 0040
1176 0400
1177 8000
1178 0080
1180 0008
1183 0800
1184 0010
1189 0001
1190 0100
1194 1000
1198 1000
1199 0001
1200 0010
1201 0020
1205 1000
1206 0020
1207 0040
1209 0008
1211 0008
1213 4000
1214 8000
1215 0040
1216 0020
1217 0100
1219 0400
1220 0100
1221 0004
1223 0400
1224 0020
1227 0020
1228 0004
1230 0010
1232 0800
1235 0008
1236 0800
1237 0002
1238 0040
1240 2000
1241 0100
1242 0080
1245 0010
1247 8000
1248 0040
1249 0010
1251 0080
1252 0800
1255 0100
1256 4000
1258 0010
1259 0040
1260 0400
1261 0040
1263 0080
1268 0100
1270 4000
1274 8000
1277 0080
1280 2000
1283 1000
1284 0020
1285 0800
1287 0800
1289 0800
1290 0020
1291 0001
1294 0001
1295 0400
1296 1000
1297 0001
1298 1000
1299 0010
1301 0040
1305 1000
1306 8000
1307 2000
1308 0004
1310 4000
1311 0080
1312 1000
1314 0400
1315 1000
1318 0002
1321 0002
1322 0004
1323 0010
1324 0010
1325 0001
1331 0100
1332 0004
1335 0800
1339 0100
1340 0004
1342 8000
1343 0004
1344 0002
1345 0010
1348 0080
1350 0200
1351 0001
1352 0002
1353 0040
1354 8000
1355 8000
1357 0040
1360 1000
1361 0800
1363 0010
1364 0008
1366 0040
1367 0008
1368 0010
1369 0001
1370 0010
1371 1000
1372 0002
1378 8000
1383 0010
1384 4000
1385 0100
1386 0004
1392 1000
1393 0800
1394 4000
1395 0010
1396 8000
1398 8000
1399 0080
1400 0010
1402 0800
1403 0800
1406 0004
1410 4000
1411 0008
1413 0010
1416 0001
1419 0008
1420 0080
1421 0002
1422 0004
1424 0800
1425 0800
1427 0800
1428 2000
1429 0080
1430 0020
1434 0080
1435 0100
1437 0800
1439 0002
1441 0100
1442 0080
1444 0400
1446 0001
1448 8000
1452 0800
1453 0001
1457 2000
1458 0010
1459 8000
1460 0800
1461 0020
1464 0400
1465 0008
1468 0040
1475 0080
1478 0020
1480 0004
1482 0004
1483 0020
1484 4000
1485 2000
1486 4000
1490 0040
1493 0100
1494 0010
1495 0010
1498 0400
1502 0001
1503 0100
1506 0010
1511 0400
1512 0002
1514 0002
1522 4000
1526 4000
1527 0004
1528 0200
1531 2000
1535 0100
1538 0002
1541 0001
1544 4000
1545 8000
1548 0080
1551 0008
1554 0001
1558 0002
1562 0400
1568 0100
1570 0010
1572 0080
1574 0020
1575 4000
1578 0400
1579 0020
1582 0100
1583 0010
1587 0001
1589 1000
1592 1000
1593 4000
1595 0010
1596 0004
1597 8000
1598 0002
1599 0008
1600 0010
1601 0040
1602 1000
1605 0002
1608 0400
1610 4000
1611 0004
1612 0008
1613 0002
1614 0001
1618 4000
1619 0080
1622 0800
1625 0200
1626 0200
1631 0010
1634 0020
1640 2000
1645 0020
1646 0020
1651 0001
1653 4000
1654 8000
1656 1000
1657 1000
1662 8000
1664 1000
1665 0004
1666 0100
1667 1000
1668 0080
1670 0400
1673 2000
1675 0008
1677 8000
1679 0020
1681 0002
1682 4000
1683 0002
1684 0020
1686 0040
1687 0080
1689 0800
1691 4000
1692 1000
1694 0400
1696 0002
1697 2000
1698 0004
1701 0400
1704 0100
1706 8000
1710 0002
1712 0001
1713 0200
1714 0200
1715 0001
1716 2000
1717 0200
1718 0040
1723 0800
1725 8000
1726 0100
1727 0008
1728 0800
1730 0010
1731 0800
1733 0002
1738 0008
1740 0040
1743 0100
1744 0100
1745 0020
1750 8000
1751 0080
1752 0002
1753 0100
1754 0200
1757 0800
1760 0001
1763 0080
1764 0010
1766 8000
1767 0800
1771 0008
1775 0080
1776 0800
1777 0800
1778 1000
1779 0800
1782 0010
1783 0800
1784 0010
1785 0002
1787 8000
1789 0010
1790 0008
1792 0040
1793 0080
1796 0200
1798 0004
1808 0008
1810 0004
1811 0008
1813 0004
1814 0040
1815 0040
1820 0020
1824 0080
1826 0001
1834 0200
1835 0008
1837 0010
1838 0010
1839 0800
1842 0200
1843 8000
1844 0400
1845 0200
1847 0004
1850 0800
1851 0200
1852 8000
1853 0002
1854 0020
1856 0200
1861 0001
1862 0002
1863 0200
1864 0008
1865 0001
1866 0200
1867 0400
1870 0020
1876 0002
1878 0008
1879 0800
1880 4000
1881 0100
1885 0004
1886 0010
1887 0001
1888 0100
1889 4000
1890 0010
1891 0002
1893 0010
1894 1000
1896 0100
1897 0001
1898 0080
1903 0010
1904 0080
1907 2000
1908 0400
1909 0004
1910 0800
1911 1000
1913 1000
1919 0002
1923 0002
1926 2000
1928 0002
1931 2000
1934 0008
1935 0200
1937 0800
1938 0800
1943 0100
1944 0004
1945 0400
1946 4000
1952 0004
1954 0001
1955 4000
1956 0002
1957 0400
1958 2000
1959 8000
1960 0800
1961 0020
1963 0800
1966 8000
1970 8000
1972 0400
1973 2000
1975 8000
1979 0200
1980 0002
1990 0001
1994 0001
1995 0800
1997 8000
2003 0001
2004 0800
2005 0080
2007 0800
2008 0100
2010 0010
2012 0040
2016 0008
2017 0400
2018 0001
2020 0001
2023 0080
2024 2000
2025 1000
2027 0020
2029 0002
2031 0200
2034 8000
2036 0080
2037 0010
2038 0200
2040 0001
2041 1000
2043 4000
2044 0002
2045 0004
2046 0004
