0 0040
1 4000
2 2002
3 0810
4 0080
5 6000
6 0018
7 0080
8 0011
9 0201
10 0005
11 0a00
12 0001
13 0004
14 1000
15 8100
16 0020
17 0840
18 0001
19 0028
20 1000
21 a000
22 1002
23 0408
24 0400
25 8001
26 0010
27 1000
28 0080
29 0210
30 0080
31 0010
32 0020
33 0100
34 8000
35 0018
36 0208
37 0088
38 8040
39 4000
40 0200
41 8400
42 0200
43 8400
44 1004
45 0001
46 8200
47 0008
48 1000
49 0600
50 2010
51 1000
52 4010
53 2020
54 0030
55 2200
56 0003
57 2000
58 2020
59 000a
60 0004
61 0201
62 0500
63 0090
64 0002
65 1000
66 0040
67 0400
68 0030
69 0201
70 0010
71 0808
72 0080
73 0420
74 0020
75 0001
76 8200
77 0004
78 2080
79 0100
80 1000
81 0020
82 0201
83 0020
84 8000
85 0004
86 5000
87 0280
88 1020
89 0200
90 0042
91 4000
92 0010
93 2020
94 0840
95 0800
96 2000
97 4000
98 0010
99 8800
100 8000
101 2000
102 0022
103 8040
104 00a0
105 4010
106 2000
107 0020
108 0030
109 1000
110 0400
111 0060
112 1040
113 0801
114 0200
115 4008
116 3000
117 0008
118 4040
119 8400
120 00a0
121 6000
122 0410
123 00c0
124 2040
125 0001
126 2000
127 1000
128 4000
129 0006
130 0800
131 0008
132 4000
133 0100
134 2040
135 2008
136 4200
137 0a00
138 0020
139 8200
140 0040
141 0080
142 0240
143 4002
144 0200
145 0008
146 0010
147 2800
148 8000
149 1100
150 0500
151 0204
152 0120
153 0040
154 0210
155 0002
156 0002
157 0240
158 0100
159 4000
160 1000
161 0008
162 0080
163 0900
164 2010
165 0004
166 0440
167 3000
168 0100
169 0020
170 0080
171 1002
172 0002
173 0002
174 1001
175 0008
176 0210
177 4000
178 0800
179 8000
180 0201
181 0008
182 0880
183 0140
184 0010
185 0012
186 1001
187 4001
188 1000
189 0008
190 1000
191 0200
192 0800
193 8000
194 4000
195 2800
196 0002
197 0404
198 0200
199 4010
200 4000
201 1200
202 0001
203 2000
204 2000
205 0008
206 0011
207 0040
208 0801
209 0200
210 00a0
211 0802
212 0022
213 0210
214 8800
215 0480
216 0004
217 0410
218 1008
219 0080
220 0004
221 1000
222 0010
223 1008
224 1800
225 8200
226 0402
227 c000
228 0080
229 0800
230 4000
231 0102
232 4000
233 2080
234 1002
235 0080
236 4080
237 8000
238 0104
239 0800
240 0018
241 1800
242 0200
243 0200
244 0008
245 0009
246 0004
247 0010
248 0102
249 0040
250 000a
251 0404
252 1000
253 2002
254 0009
255 0004
256 0401
257 0200
258 1000
259 0202
260 0804
261 0040
262 0030
263 0010
264 000c
265 0140
266 5000
267 0001
268 2001
269 0c00
270 0204
271 0200
272 8001
273 0020
274 0800
275 2000
276 0401
277 0880
278 0040
279 1400
280 0020
281 1000
282 0400
283 0400
284 0008
285 4000
286 0040
287 0044
288 8000
289 4004
290 0008
291 1000
292 0840
293 0204
294 0002
295 0020
296 0180
297 4400
298 0002
299 8080
300 0002
301 0006
302 0090
303 5000
304 0082
305 1020
306 2008
307 0480
308 0810
309 0021
310 0008
311 0020
312 0001
313 0101
314 0100
315 4020
316 0004
317 0800
318 0802
319 8000
320 1002
321 1000
322 2000
323 8000
324 0020
325 0100
326 0008
327 0200
328 2020
329 0400
330 0002
331 0410
332 0044
333 0500
334 8080
335 0400
336 0201
337 0120
338 0001
339 4000
340 0082
341 1002
342 0001
343 4020
344 0800
345 4008
346 0002
347 0400
348 1100
349 0c00
350 9000
351 0008
352 0100
353 0006
354 2800
355 0040
356 1002
357 1100
358 8100
359 8000
360 0040
361 0088
362 0040
363 0800
364 1000
365 4000
366 8040
367 a000
368 8000
369 0020
370 0102
371 4000
372 0480
373 0100
374 0002
375 4002
376 2080
377 8002
378 0500
379 0080
380 4000
381 4000
382 0204
383 4000
384 0180
385 8004
386 8010
387 0008
388 0008
389 0014
390 0200
391 8000
392 0002
393 0402
394 0024
395 0800
396 0006
397 0001
398 8020
399 0202
400 0180
401 4000
402 0004
403 1008
404 2000
405 0808
406 4008
407 0800
408 0104
409 0020
410 0808
411 0040
412 0012
413 0200
414 0028
415 0021
416 00a0
417 8001
418 0100
419 0100
420 4000
421 0080
422 0001
423 0042
424 0200
425 2200
426 0022
427 0003
428 0006
429 0012
430 0200
431 0022
432 0600
433 0202
434 0002
435 0030
436 0020
437 1000
438 0202
439 8080
440 4002
441 2000
442 0002
443 0080
444 4040
445 0201
446 8020
447 0004
448 0008
449 0800
450 0204
451 0024
452 0800
453 0088
454 0010
455 4040
456 0204
457 0101
458 1000
459 0082
460 0008
461 0100
462 2008
463 1001
464 0104
465 0404
466 2010
467 0082
468 0400
469 8000
470 0011
471 0800
472 4002
473 0900
474 0100
475 0001
476 0020
477 0500
478 0800
479 4040
480 0001
481 0220
482 0008
483 8040
484 2020
485 1002
486 0600
487 6000
488 0002
489 0020
490 0080
491 2800
492 0004
493 2008
494 00a0
495 0002
496 8800
497 0401
498 000c
499 8040
500 0009
501 0480
502 2000
503 3000
504 0240
505 0202
506 8002
507 0042
508 0001
509 2000
510 2001
511 4000
512 1001
513 0012
514 0001
515 0400
516 0024
517 0110
518 0040
519 0008
520 2000
521 0402
522 0140
523 4008
524 8400
525 0005
526 0041
527 1000
528 0220
529 0081
530 2000
531 1000
532 2020
533 0200
534 0120
535 8000
536 0020
537 0200
538 0100
539 0081
540 2002
541 5000
542 4100
543 2020
544 8040
545 0002
546 1000
547 0008
548 0044
549 0004
550 8200
551 8010
552 0040
553 0010
554 2001
555 0404
556 0001
557 00a0
558 0042
559 0082
560 4100
561 0020
562 0001
563 0004
564 0202
565 0200
566 3000
567 0104
568 0500
569 0004
570 1000
571 1200
572 2004
573 0042
574 8020
575 2000
576 8000
577 2001
578 0020
579 0200
580 2020
581 0080
582 4020
583 2800
584 8200
585 0400
586 0020
587 1000
588 0600
589 4000
590 0004
591 0040
592 0004
593 8000
594 0004
595 0480
596 2000
597 0009
598 1010
599 0810
600 0002
601 8000
602 0404
603 0008
604 0082
605 0120
606 5000
607 0600
608 1000
609 0440
610 0100
611 0020
612 0800
613 0024
614 0040
615 8010
616 0240
617 0088
618 8000
619 0001
620 1004
621 0180
622 4001
623 0100
624 4000
625 0042
626 0001
627 0006
628 4002
629 2010
630 2800
631 0002
632 0002
633 4000
634 0004
635 8080
636 0200
637 0200
638 000a
639 8800
640 0280
641 2400
642 0100
643 1400
644 0001
645 0101
646 0008
647 3000
648 0c00
649 5000
650 1080
651 2080
652 4000
653 0008
654 0005
655 0808
656 0010
657 8080
658 a000
659 0080
660 3000
661 0810
662 8004
663 0044
664 0042
665 0c00
666 0030
667 0500
668 4008
669 1020
670 0101
671 1200
672 0008
673 0040
674 0004
675 8010
676 8000
677 0050
678 5000
679 0004
680 2800
681 0002
682 0200
683 4010
684 0401
685 2040
686 0001
687 0408
688 4001
689 0a00
690 0002
691 0002
692 0801
693 0840
694 8000
695 0080
696 8000
697 8800
698 0500
699 9000
700 a000
701 0400
702 0001
703 1020
704 0084
705 1008
706 0002
707 0840
708 0200
709 0008
710 0801
711 0208
712 0200
713 0201
714 0100
715 1400
716 4010
717 000c
718 4000
719 0020
720 0030
721 0080
722 0082
723 4004
724 4001
725 0440
726 0022
727 4000
728 0001
729 0300
730 0001
731 0400
732 2020
733 0120
734 0030
735 0001
736 0808
737 0800
738 0280
739 000a
740 0028
741 0800
742 0042
743 8000
744 0018
745 8010
746 0008
747 0050
748 0001
749 0800
750 0100
751 0028
752 0004
753 0010
754 2100
755 0042
756 0081
757 0200
758 4000
759 1000
760 4100
761 4000
762 8040
763 8000
764 0024
765 6000
766 0020
767 4080
768 4800
769 4800
770 0802
771 0080
772 1000
773 0020
774 8010
775 1010
776 8000
777 2000
778 0040
779 00c0
780 0020
781 1001
782 0100
783 0900
784 0200
785 0300
786 1010
787 0600
788 2800
789 4002
790 8000
791 0002
792 2000
793 0100
794 0300
795 0200
796 0100
797 2000
798 0004
799 0201
800 0880
801 0008
802 0120
803 4100
804 2400
805 2002
806 0001
807 8000
808 1800
809 4000
810 8100
811 4040
812 0008
813 0101
814 1000
815 0040
816 0802
817 0020
818 1002
819 4000
820 0840
821 0011
822 2080
823 1010
824 0200
825 4000
826 0002
827 8010
828 0004
829 0400
830 0200
831 0002
832 4002
833 0040
834 0200
835 0200
836 0040
837 0001
838 8080
839 8002
840 8008
841 8000
842 2000
843 0810
844 0101
845 000c
846 2000
847 5000
848 0002
849 1010
850 0200
851 0088
852 0108
853 2400
854 0404
855 4800
856 0010
857 0840
858 1040
859 0060
860 0020
861 0280
862 8000
863 0840
864 0006
865 0110
866 0080
867 0408
868 0801
869 8008
870 0020
871 0808
872 2000
873 0008
874 2800
875 0008
876 0400
877 00a0
878 4000
879 0410
880 1000
881 4000
882 0800
883 0040
884 2000
885 2000
886 1080
887 0021
888 0104
889 8004
890 4040
891 2100
892 0880
893 0800
894 1000
895 0020
896 0200
897 0200
898 0010
899 0008
900 0208
901 4000
902 0840
903 8000
904 0210
905 4000
906 2000
907 1010
908 4000
909 0820
910 4000
911 0001
912 0400
913 0810
914 0040
915 0002
916 0004
917 8000
918 0040
919 0008
920 8000
921 1100
922 0010
923 2002
924 0101
925 0040
926 8100
927 0200
928 1080
929 2000
930 0100
931 0008
932 0006
933 0008
934 0200
935 0200
936 0480
937 2000
938 8000
939 0180
940 0110
941 0084
942 0022
943 0008
944 0001
945 0008
946 0820
947 0140
948 0800
949 0010
950 0081
951 1002
952 0010
953 0010
954 2002
955 0480
956 8010
957 0408
958 2010
959 0004
960 1100
961 0082
962 2000
963 1001
964 0400
965 8040
966 0012
967 0082
968 0008
969 8000
970 0080
971 0020
972 8040
973 0220
974 0004
975 2000
976 2000
977 0001
978 0100
979 0300
980 0004
981 0200
982 0001
983 0400
984 0004
985 0014
986 0800
987 2000
988 0041
989 4100
990 4002
991 0009
992 8000
993 0020
994 8008
995 1020
996 0180
997 5000
998 0080
999 0600
1000 1000
1001 1004
1002 1800
1003 0002
1004 0820
1005 8002
1006 2020
1007 0820
1008 1040
1009 0008
1010 8800
1011 4040
1012 0002
1013 1400
1014 1002
1015 0801
1016 0800
1017 0401
1018 0040
1019 0040
1020 a000
1021 0400
1022 0102
1023 0801
1024 2008
1025 0401
1026 2020
1027 0440
1028 1000
1029 8000
1030 0001
1031 a000
1032 0001
1033 0020
1034 8400
1035 0002
1036 1002
1037 8000
1038 0200
1039 0004
1040 0200
1041 2040
1042 0020
1043 4000
1044 0240
1045 0080
1046 0800
1047 8040
1048 4000
1049 0208
1050 0300
1051 0004
1052 0001
1053 0100
1054 0808
1055 0082
1056 4001
1057 0080
1058 8400
1059 8000
1060 0040
1061 0200
1062 0280
1063 0008
1064 a000
1065 0900
1066 0001
1067 0040
1068 0003
1069 0003
1070 8002
1071 4010
1072 0880
1073 0040
1074 8000
1075 0040
1076 0804
1077 0080
1078 0800
1079 0020
1080 0800
1081 2000
1082 000a
1083 2004
1084 0002
1085 0084
1086 6000
1087 4000
1088 8000
1089 8020
1090 0004
1091 0480
1092 0003
1093 2000
1094 0010
1095 4000
1096 0208
1097 4004
1098 4020
1099 0820
1100 0002
1101 0010
1102 0800
1103 2002
1104 4000
1105 0420
1106 0840
1107 0042
1108 0012
1109 2000
1110 8200
1111 0010
1112 1000
1113 2008
1114 4200
1115 0004
1116 0002
1117 8000
1118 2000
1119 8000
1120 1001
1121 0800
1122 0020
1123 0080
1124 0208
1125 0080
1126 0002
1127 4001
1128 0400
1129 4002
1130 0021
1131 0200
1132 0200
1133 4000
1134 0100
1135 2010
1136 0200
1137 8100
1138 0101
1139 8000
1140 0004
1141 4010
1142 0002
1143 0400
1144 0008
1145 0020
1146 0004
1147 4000
1148 1000
1149 1800
1150 0004
1151 0004
1152 0042
1153 0008
1154 0006
1155 0400
1156 0180
1157 8008
1158 6000
1159 0010
1160 8040
1161 0040
1162 0010
1163 2004
1164 0400
1165 0108
1166 0001
1167 0090
1168 1000
1169 0040
1170 0002
1171 2001
1172 1200
1173 8002
1174 1000
1175 0022
1176 0810
1177 0040
1178 8800
1179 0400
1180 0010
1181 0001
1182 9000
1183 0600
1184 4002
1185 0040
1186 0008
1187 0a00
1188 2400
1189 0800
1190 0200
1191 1000
1192 0100
1193 0018
1194 0400
1195 8020
1196 0080
1197 0410
1198 0100
1199 0004
1200 0001
1201 1001
1202 0080
1203 0040
1204 0008
1205 0050
1206 0042
1207 0800
1208 0028
1209 0004
1210 0100
1211 0005
1212 0200
1213 0200
1214 1010
1215 0020
1216 4000
1217 0012
1218 0208
1219 0004
1220 4200
1221 0100
1222 0005
1223 8000
1224 0021
1225 0400
1226 8000
1227 0008
1228 0010
1229 4004
1230 000a
1231 0102
1232 0012
1233 4000
1234 0400
1235 2200
1236 0003
1237 6000
1238 0060
1239 0040
1240 8000
1241 8000
1242 2000
1243 0200
1244 8000
1245 0080
1246 0200
1247 0100
1248 2800
1249 0100
1250 0402
1251 4000
1252 0100
1253 0002
1254 0900
1255 1010
1256 0408
1257 0200
1258 1000
1259 0020
1260 0020
1261 0020
1262 0410
1263 8800
1264 0800
1265 4010
1266 4000
1267 0002
1268 1008
1269 2001
1270 1000
1271 0180
1272 0030
1273 1100
1274 2020
1275 0012
1276 000a
1277 2200
1278 0001
1279 0008
1280 0104
1281 0040
1282 0104
1283 0800
1284 4040
1285 0400
1286 0010
1287 0010
1288 0001
1289 9000
1290 0001
1291 2008
1292 0804
1293 8000
1294 0001
1295 0200
1296 1400
1297 2004
1298 0040
1299 0010
1300 2000
1301 1080
1302 0003
1303 0280
1304 0100
1305 0080
1306 0008
1307 4004
1308 0101
1309 8000
1310 c000
1311 0420
1312 0004
1313 0001
1314 0010
1315 0012
1316 0018
1317 0020
1318 0020
1319 0800
1320 0001
1321 2000
1322 0020
1323 2008
1324 0800
1325 9000
1326 0408
1327 2002
1328 0800
1329 4080
1330 2020
1331 0020
1332 8100
1333 0010
1334 0800
1335 8020
1336 9000
1337 1004
1338 0200
1339 0408
1340 0800
1341 00a0
1342 0800
1343 0110
1344 0020
1345 4200
1346 1001
1347 4010
1348 0100
1349 0002
1350 8080
1351 8000
1352 0100
1353 0042
1354 0004
1355 0140
1356 0010
1357 0008
1358 0802
1359 8002
1360 2100
1361 1040
1362 8008
1363 0800
1364 0800
1365 0002
1366 0808
1367 0802
1368 0400
1369 0208
1370 2800
1371 2000
1372 0804
1373 0200
1374 0002
1375 0800
1376 0140
1377 0120
1378 0420
1379 0080
1380 2400
1381 4000
1382 0110
1383 8000
1384 0800
1385 0020
1386 2000
1387 0800
1388 3000
1389 5000
1390 1040
1391 0210
1392 0300
1393 1000
1394 0020
1395 0010
1396 0002
1397 a000
1398 0400
1399 0022
1400 0008
1401 0001
1402 0808
1403 8004
1404 0110
1405 0040
1406 0020
1407 0004
1408 0004
1409 0040
1410 0400
1411 0002
1412 1040
1413 8002
1414 0400
1415 0040
1416 0008
1417 0800
1418 2008
1419 0044
1420 0001
1421 0008
1422 0020
1423 0040
1424 0028
1425 0002
1426 0100
1427 2004
1428 1000
1429 00c0
1430 0200
1431 4002
1432 8080
1433 8002
1434 0400
1435 8200
1436 4000
1437 4040
1438 1008
1439 0008
1440 0200
1441 0100
1442 0040
1443 8200
1444 0004
1445 0820
1446 00c0
1447 4040
1448 00c0
1449 1008
1450 0044
1451 0120
1452 0008
1453 0100
1454 0005
1455 0010
1456 0101
1457 0200
1458 0c00
1459 0001
1460 0900
1461 8000
1462 0080
1463 0041
1464 0001
1465 0804
1466 4000
1467 000a
1468 0600
1469 0042
1470 1000
1471 4000
1472 2400
1473 0800
1474 8200
1475 4000
1476 4001
1477 0201
1478 0900
1479 2200
1480 8010
1481 1400
1482 0200
1483 0140
1484 1000
1485 0120
1486 4800
1487 1100
1488 0900
1489 0400
1490 0102
1491 1000
1492 0048
1493 0040
1494 0041
1495 0048
1496 4008
1497 0012
1498 2000
1499 4200
1500 0008
1501 0200
1502 0400
1503 0020
1504 0022
1505 0001
1506 0014
1507 0004
1508 0010
1509 0480
1510 0201
1511 0040
1512 8000
1513 9000
1514 0028
1515 8040
1516 2100
1517 2000
1518 0100
1519 0800
1520 0020
1521 0400
1522 8200
1523 1000
1524 0802
1525 2000
1526 0010
1527 0401
1528 0004
1529 0010
1530 0080
1531 0400
1532 0100
1533 2010
1534 8000
1535 2010
1536 0010
1537 0120
1538 8002
1539 0004
1540 0180
1541 0050
1542 0108
1543 0006
1544 0808
1545 0408
1546 0900
1547 2800
1548 0008
1549 0808
1550 0080
1551 4000
1552 4001
1553 8000
1554 0002
1555 0080
1556 4010
1557 0012
1558 a000
1559 0020
1560 4002
1561 8400
1562 4001
1563 0900
1564 0011
1565 4004
1566 8000
1567 0108
1568 0600
1569 1002
1570 0006
1571 0110
1572 0800
1573 0008
1574 0400
1575 1004
1576 1000
1577 0010
1578 5000
1579 0010
1580 0011
1581 0002
1582 0001
1583 0060
1584 0400
1585 8002
1586 000c
1587 000a
1588 0044
1589 0002
1590 3000
1591 0008
1592 1000
1593 0100
1594 0080
1595 0801
1596 0030
1597 2000
1598 0080
1599 0002
1600 9000
1601 0012
1602 2000
1603 0200
1604 8008
1605 0024
1606 0201
1607 0440
1608 1000
1609 0480
1610 0002
1611 8000
1612 8020
1613 0440
1614 0004
1615 2080
1616 8100
1617 0400
1618 0081
1619 8008
1620 0080
1621 0040
1622 0028
1623 0002
1624 0003
1625 2010
1626 0200
1627 0004
1628 0050
1629 0060
1630 1010
1631 0044
1632 0804
1633 0200
1634 8001
1635 0001
1636 2002
1637 0808
1638 c000
1639 0c00
1640 1020
1641 8001
1642 a000
1643 0110
1644 0100
1645 0040
1646 0204
1647 0084
1648 0003
1649 2002
1650 2000
1651 0900
1652 8000
1653 0880
1654 0001
1655 0004
1656 0100
1657 8100
1658 a000
1659 8010
1660 0200
1661 2008
1662 1000
1663 1000
1664 0200
1665 0002
1666 0100
1667 1004
1668 1000
1669 4000
1670 0020
1671 0050
1672 8001
1673 2010
1674 0040
1675 0010
1676 8000
1677 2000
1678 0100
1679 2000
1680 0002
1681 0024
1682 8000
1683 0420
1684 4004
1685 0100
1686 1001
1687 0081
1688 4040
1689 4008
1690 1010
1691 0820
1692 0100
1693 0800
1694 0480
1695 0002
1696 0012
1697 2000
1698 0080
1699 0010
1700 0020
1701 2000
1702 0010
1703 0102
1704 2020
1705 0012
1706 0040
1707 0800
1708 0180
1709 2000
1710 0010
1711 0900
1712 0200
1713 0420
1714 0014
1715 4200
1716 0100
1717 8800
1718 0080
1719 0c00
1720 4400
1721 0040
1722 0040
1723 4000
1724 a000
1725 4000
1726 8008
1727 0804
1728 00a0
1729 0010
1730 0110
1731 4001
1732 4001
1733 0001
1734 0004
1735 0004
1736 0090
1737 0200
1738 0010
1739 0c00
1740 0040
1741 2800
1742 1000
1743 4000
1744 1000
1745 0002
1746 4080
1747 000c
1748 1800
1749 0004
1750 0040
1751 0800
1752 8000
1753 0900
1754 1002
1755 0002
1756 0042
1757 0220
1758 0001
1759 0009
1760 0808
1761 0042
1762 4000
1763 0008
1764 0220
1765 8010
1766 2040
1767 0003
1768 0804
1769 0400
1770 0400
1771 0040
1772 0080
1773 0001
1774 0001
1775 4000
1776 0080
1777 1000
1778 0020
1779 0008
1780 1000
1781 1000
1782 8400
1783 0200
1784 0003
1785 3000
1786 0010
1787 0010
1788 8002
1789 0040
1790 0006
1791 0801
1792 2002
1793 0002
1794 0003
1795 0400
1796 0100
1797 9000
1798 0200
1799 0200
1800 0200
1801 2000
1802 8000
1803 0c00
1804 0801
1805 0402
1806 4000
1807 0100
1808 4200
1809 0c00
1810 0080
1811 1008
1812 4010
1813 0102
1814 4000
1815 0004
1816 2010
1817 0204
1818 000a
1819 0801
1820 1020
1821 1200
1822 0404
1823 0010
1824 000a
1825 0020
1826 0202
1827 0410
1828 1020
1829 4040
1830 0008
1831 0400
1832 0082
1833 2001
1834 0020
1835 4020
1836 0200
1837 0200
1838 8004
1839 0900
1840 0002
1841 0840
1842 2040
1843 4008
1844 4000
1845 8800
1846 0010
1847 8000
1848 4400
1849 4000
1850 2800
1851 8400
1852 0008
1853 8000
1854 0804
1855 0080
1856 0048
1857 0180
1858 4400
1859 2100
1860 0101
1861 8000
1862 1800
1863 0108
1864 4002
1865 1000
1866 2020
1867 0003
1868 9000
1869 0080
1870 0101
1871 8000
1872 0200
1873 0001
1874 0020
1875 a000
1876 00a0
1877 0012
1878 0102
1879 0804
1880 2000
1881 1040
1882 0110
1883 0800
1884 0080
1885 0c00
1886 0401
1887 4000
1888 2000
1889 0101
1890 0080
1891 0500
1892 0011
1893 2001
1894 4040
1895 8800
1896 0001
1897 4010
1898 4020
1899 0040
1900 0004
1901 0008
1902 0040
1903 4004
1904 4004
1905 0021
1906 0002
1907 000a
1908 2001
1909 0060
1910 0300
1911 0080
1912 0018
1913 0001
1914 8004
1915 0100
1916 0002
1917 0082
1918 8000
1919 8080
1920 1010
1921 4010
1922 0100
1923 2200
1924 0102
1925 0080
1926 0008
1927 4004
1928 0040
1929 0005
1930 0100
1931 0004
1932 0002
1933 0400
1934 0480
1935 0008
1936 0080
1937 0020
1938 8000
1939 0100
1940 0088
1941 0200
1942 0010
1943 4000
1944 8000
1945 2000
1946 1080
1947 1800
1948 0006
1949 0004
1950 0100
1951 0009
1952 2000
1953 0040
1954 0800
1955 0010
1956 0800
1957 0804
1958 0208
1959 0802
1960 6000
1961 0003
1962 0880
1963 0104
1964 0040
1965 1800
1966 0440
1967 0040
1968 0020
1969 2000
1970 0200
1971 0001
1972 0010
1973 0420
1974 0808
1975 1020
1976 2000
1977 8040
1978 0002
1979 0010
1980 0010
1981 2100
1982 0080
1983 0100
1984 8080
1985 0a00
1986 2001
1987 00c0
1988 0004
1989 a000
1990 0003
1991 0900
1992 1040
1993 0804
1994 0080
1995 0120
1996 8000
1997 2008
1998 8000
1999 0040
2000 0060
2001 0050
2002 8000
2003 0202
2004 8200
2005 0004
2006 0400
2007 0020
2008 9000
2009 0001
2010 0080
2011 0088
2012 0208
2013 2800
2014 0008
2015 2000
2016 8000
2017 0081
2018 0600
2019 2001
2020 4020
2021 0001
2022 0004
2023 2002
2024 0080
2025 1004
2026 0005
2027 0201
2028 8000
2029 0100
2030 0040
2031 0010
2032 8004
2033 0040
2034 0820
2035 0080
2036 0810
2037 4020
2038 0200
2039 0040
2040 0204
2041 1000
2042 0400
2043 0880
2044 0004
2045 0090
2046 1000
2047 0408
