0 0040
1 4000
2 2000
3 0400
4 0400
5 0080
6 4000
7 0002
8 8000
9 0080
10 0010
11 0040
12 0002
13 0001
14 0020
16 0004
17 0002
18 0002
20 0100
21 0001
23 0040
25 0001
26 0008
27 0004
28 0400
29 0001
30 1000
31 0040
32 0200
33 0400
34 0001
35 0004
36 2000
38 0080
39 0010
40 8000
41 0800
42 0200
43 0001
45 8000
46 0008
47 0001
48 2000
49 0080
50 0040
51 0100
52 4000
53 0200
54 8000
55 0002
56 2000
58 1000
59 4000
60 0001
61 0200
62 0020
63 0020
64 0020
65 0010
66 0010
67 8000
68 0080
69 0001
70 2000
71 0008
72 0004
73 0200
74 8000
75 0008
77 0004
78 0400
79 0002
80 1000
81 0800
82 0004
83 0400
84 0200
86 0010
87 0001
88 8000
89 4000
90 0040
91 0001
92 0001
93 0020
94 8000
95 0400
96 0080
97 0400
98 0004
99 0800
100 0001
101 0002
102 0004
103 2000
104 0001
105 0800
106 0020
107 2000
108 0008
109 0020
110 8000
111 0004
112 1000
113 0040
114 0001
115 0020
117 0200
118 0040
119 2000
120 0001
121 0400
122 4000
123 0800
124 0100
125 0400
126 0040
127 2000
128 0002
129 0020
130 8000
131 2000
132 0002
133 8000
134 0800
135 0080
136 4000
137 0020
138 2000
140 0008
141 0001
142 1000
143 0400
144 0020
145 0020
146 1000
147 0001
148 0020
149 0010
151 2000
152 0040
153 0008
154 4000
155 1000
156 0001
157 0020
158 0200
160 0080
161 0200
162 0040
163 4000
164 1000
165 0001
166 2000
167 1000
168 4000
169 0002
170 0400
172 0008
173 4000
174 0100
175 2000
176 8000
177 0008
178 4000
179 0800
180 1000
181 0020
182 0200
183 0040
184 0004
185 0010
186 2000
187 0002
188 0020
189 0020
190 0800
191 0008
192 0040
193 8000
194 0100
195 0800
197 0100
198 0020
199 0020
200 0800
201 0400
202 0200
203 0002
204 0002
205 0040
206 0040
207 0100
208 0400
209 0004
210 8000
211 0800
212 0200
213 2000
215 0004
216 0040
217 0800
218 0001
219 0100
220 0020
221 0080
222 0002
223 0040
224 0004
225 0400
227 0008
228 8000
229 0001
230 4000
231 0800
233 0100
234 0020
235 0008
236 0800
238 0100
239 0100
240 0200
241 0040
242 1000
243 1000
244 0010
245 1000
246 0008
247 1000
248 0200
249 0800
250 8000
251 4000
252 2000
253 0001
254 0004
255 0002
256 0200
257 4000
258 0004
260 0200
261 0040
262 0040
264 2000
265 0008
266 0001
268 0040
269 0800
270 8000
271 8000
272 4000
273 0800
274 0080
275 4000
276 0010
277 0100
278 1000
279 0080
282 4000
283 0002
284 1000
286 0080
288 0100
290 0010
291 1000
292 0040
293 0800
294 8000
296 0400
297 0080
298 0004
299 0080
300 0800
301 4000
302 0002
303 0800
304 4000
305 0040
306 1000
307 0004
308 0800
309 0010
312 0100
313 0040
314 0004
315 1000
316 0800
317 0010
318 1000
319 0020
320 0080
321 0008
323 0080
324 0020
325 0100
326 0040
327 0008
328 0040
329 0200
331 0020
332 0008
333 0008
335 0004
336 0400
338 0200
340 0008
341 0040
342 0800
344 0040
345 0010
346 0002
347 0020
349 8000
350 1000
351 4000
352 2000
353 0004
354 0080
355 0800
357 0200
358 0040
359 0001
360 0004
362 0080
364 2000
365 0400
366 0040
367 1000
368 0040
369 1000
370 0002
371 0800
372 0200
373 8000
375 0008
376 4000
378 8000
380 0100
381 0010
383 0400
384 4000
385 1000
386 0100
387 0004
388 0001
390 0020
391 0100
392 0800
393 0400
395 0200
396 0800
397 0002
398 0004
399 0200
400 2000
401 4000
403 0002
404 0800
406 0010
407 0020
408 0400
409 8000
410 2000
411 0020
412 0400
413 0040
415 0001
416 0100
417 0002
419 4000
420 0020
422 0800
423 0002
424 0400
425 0400
426 0020
427 1000
428 2000
429 8000
430 0020
431 0100
432 0008
433 0200
434 2000
435 8000
436 4000
437 4000
438 0200
439 0040
440 0008
441 2000
442 8000
443 0002
444 0008
445 1000
446 0020
447 0004
448 0040
449 2000
451 0020
452 0004
453 0001
454 0020
455 0200
456 0040
457 0010
459 0020
460 0200
461 2000
462 0400
463 8000
464 0002
465 0008
466 0100
467 0002
468 4000
469 0040
471 0004
472 4000
473 1000
474 0080
475 2000
476 8000
478 0200
479 0010
480 0040
482 0200
483 0400
484 0800
485 0001
486 8000
487 0800
488 0800
489 0100
490 0080
491 4000
492 0080
493 8000
495 0002
496 0002
497 0001
498 0800
499 0002
500 0040
501 0008
502 0080
503 4000
504 4000
505 0200
507 4000
508 0080
509 1000
510 0008
511 0010
512 8000
513 0020
514 0010
515 0008
516 0200
517 8000
519 0004
520 8000
521 0020
522 0800
523 2000
524 0004
525 0001
526 0020
527 0004
528 0010
529 0080
530 0020
531 0010
532 0010
533 0008
534 2000
535 0800
537 4000
538 8000
539 0002
540 8000
541 0020
542 0800
543 0008
544 0004
545 0040
546 0200
547 0008
548 0080
549 0004
550 0020
551 0040
552 0004
553 0100
554 0100
555 4000
556 0080
558 0040
560 0002
561 0200
562 0100
563 0002
565 0002
567 0002
568 0400
569 0002
570 0200
571 0020
572 0200
573 0400
574 0200
575 0010
576 1000
577 0100
578 0020
579 1000
580 0200
581 0004
582 0800
583 0002
584 0800
585 0800
586 8000
587 0001
588 0400
589 0200
590 0002
591 0020
592 0004
593 0008
594 0800
595 0200
596 0001
597 0010
598 0800
599 0080
600 8000
602 0040
603 0010
604 0010
605 0100
606 0400
607 0800
608 0080
609 0008
610 0100
611 0008
612 0001
613 2000
614 0004
616 0400
617 4000
618 4000
619 0080
620 0400
621 4000
622 0008
623 0004
624 0800
625 4000
626 4000
627 0004
628 0100
629 0001
630 0020
631 0400
632 1000
633 2000
634 0080
635 0001
636 0200
637 0004
638 0020
639 0040
640 2000
641 2000
642 0100
643 0400
644 0002
645 2000
646 0002
647 0020
648 0080
649 0800
653 0008
654 0010
655 0400
657 8000
659 0010
660 0004
661 0008
662 0400
664 0008
665 0020
666 0080
667 4000
668 2000
669 1000
670 0040
671 1000
672 0008
673 8000
675 0002
676 0004
677 0100
678 0020
679 0002
680 4000
681 0001
682 0040
683 8000
684 0001
685 0400
686 0020
687 0001
688 0200
689 0040
690 0008
691 2000
692 0400
693 0040
694 0800
695 0008
696 0040
697 0400
698 0001
699 0002
700 0004
701 1000
702 0200
703 0200
704 0800
705 2000
706 1000
707 2000
708 8000
709 0004
710 0010
712 0080
713 2000
714 0200
716 0001
718 2000
719 1000
720 0040
721 0100
722 4000
723 0040
724 8000
725 0020
726 2000
727 0400
728 0002
729 0004
730 0004
731 8000
732 0010
733 0008
734 0040
735 0010
736 0001
737 2000
738 0020
739 0001
740 0020
741 0010
742 0080
743 0080
744 0800
745 0080
747 0100
748 0002
749 0100
750 0100
751 0200
752 1000
753 0800
754 0008
755 0400
756 4000
757 0004
758 0001
759 0400
760 0004
761 0800
762 0002
763 8000
764 8000
765 4000
767 0001
768 2000
769 0080
770 0800
771 0020
772 0080
773 4000
774 0080
775 8000
776 8000
777 4000
778 0080
779 8000
780 0004
781 0010
782 4000
783 0004
784 0040
786 0004
787 0040
788 0010
789 0800
791 0004
792 0001
793 0010
794 0800
796 0100
797 0001
798 0020
799 0020
800 0008
801 0002
802 0200
804 0080
805 0010
806 0200
807 0020
808 0008
809 4000
810 0100
811 0020
812 0800
813 0004
815 0040
816 0010
817 0001
818 0010
819 0080
820 1000
821 0100
822 1000
823 0020
824 0080
825 0800
826 0002
827 0100
828 4000
829 0040
830 0008
831 0080
832 2000
833 4000
834 0008
835 4000
836 0800
837 4000
838 0800
839 2000
840 4000
841 8000
842 4000
844 1000
845 1000
846 2000
847 8000
848 0080
849 0008
850 0400
851 0010
853 0400
854 0100
855 4000
856 0004
857 0008
858 2000
860 0800
861 1000
862 0001
863 0080
864 0002
865 0010
866 4000
867 0008
868 0004
869 0080
870 0100
871 0010
872 0080
873 0400
874 8000
876 0001
877 0100
878 0800
879 0008
880 0010
881 0004
882 0200
883 0400
884 0800
885 0100
887 1000
888 0100
889 4000
890 0080
891 0002
892 0001
893 0002
894 0400
895 0008
896 0040
897 0004
898 0010
899 0040
900 0010
901 0002
902 1000
903 0010
904 0020
905 0100
906 0002
907 0200
908 4000
909 0004
910 0100
911 0040
912 0010
913 1000
914 2000
915 0001
916 0010
917 0002
918 0002
919 0002
920 0001
921 0400
922 0008
923 8000
924 0080
925 8000
926 0800
927 0004
928 0100
929 8000
930 0040
931 0200
932 0400
933 0001
934 1000
935 0080
936 0800
937 0008
938 4000
939 0800
940 0010
941 0200
942 0008
943 0001
944 0100
945 0008
946 0200
947 0200
948 0002
949 1000
950 0001
951 0010
952 0020
953 0800
954 4000
955 0020
956 0020
957 0200
958 0008
959 8000
960 0004
961 4000
962 8000
963 0040
964 0020
965 0100
966 4000
967 0001
968 0100
969 1000
970 0400
971 0020
972 0800
973 0020
974 0004
976 0010
978 0800
979 0004
980 0008
981 0800
982 0002
983 0040
984 0040
985 0800
986 0040
987 0100
988 1000
989 0001
990 8000
991 0040
992 0010
993 0200
994 0001
996 0800
997 0100
998 4000
999 0004
1000 0010
1001 0100
1002 0200
1003 0002
1004 0080
1005 0100
1006 0001
1007 0100
1008 0400
1009 0100
1010 4000
1011 8000
1012 0008
1013 0080
1015 4000
1016 0001
1018 1000
1019 0020
1020 0800
1021 1000
1023 0010
1024 0080
1026 0001
1028 0020
1029 8000
1030 0010
1031 4000
1032 8000
1033 2000
1035 0008
1036 2000
1039 1000
1040 8000
1041 2000
1042 0004
1043 0200
1044 0100
1045 2000
1046 0040
1047 0400
1048 1000
1049 0200
1050 0002
1051 0040
1052 0002
1053 0004
1054 0010
1055 0010
1056 0001
1057 0200
1058 0100
1059 2000
1060 0004
1061 0001
1062 4000
1063 8000
1064 0008
1065 0100
1066 0004
1067 2000
1068 0400
1069 4000
1070 4000
1071 0001
1072 8000
1073 1000
1074 0200
1075 0001
1076 0002
1077 0040
1078 8000
1079 8000
1080 0200
1081 1000
1082 0040
1083 0002
1084 0010
1085 0010
1086 0008
1087 4000
1088 0040
1089 0020
1090 0002
1091 2000
1092 0010
1093 0400
1094 0200
1095 4000
1096 0002
1097 8000
1098 0004
1099 0010
1100 0010
1101 4000
1102 0100
1103 0004
1104 0040
1105 0200
1106 0200
1107 0040
1108 0001
1109 8000
1110 0001
1111 0080
1112 8000
1113 0080
1114 0010
1115 0004
1116 4000
1117 0100
1118 0200
1119 0800
1120 2000
1121 4000
1122 0008
1123 0800
1124 0800
1125 0200
1126 0080
1127 0001
1128 2000
1129 2000
1130 0001
1131 0400
1132 0800
1133 0800
1134 0400
1135 0001
1136 1000
1137 1000
1138 0020
1141 0080
1142 0100
1144 0800
1145 0002
1147 0004
1148 2000
1149 0080
1150 0400
1152 0001
1153 2000
1155 0080
1157 0800
1158 0001
1159 0010
1160 0004
1161 0200
1163 8000
1164 0800
1165 0020
1166 4000
1167 0400
1168 0008
1169 0001
1170 0040
1171 0020
1172 0010
1173 2000
1174 0080
1175 0200
1176 0020
1177 0002
1178 0040
1179 0004
1180 0020
1181 4000
1182 2000
1183 4000
1184 0800
1185 0800
1187 1000
1188 0100
1189 0010
1190 0010
1191 0020
1192 0400
1193 0020
1194 4000
1195 0040
1196 8000
1198 0010
1199 0400
1201 2000
1202 0010
1203 0010
1204 0002
1205 0010
1206 4000
1207 0001
1208 0400
1209 0800
1210 0002
1211 4000
1212 0004
1213 0200
1214 0800
1215 2000
1216 0040
1217 0010
1218 0080
1219 0010
1220 2000
1222 0001
1223 0008
1224 4000
1225 8000
1227 0040
1228 8000
1229 2000
1231 0010
1232 0001
1233 1000
1235 0002
1236 0008
1237 0004
1239 8000
1240 2000
1241 0008
1242 0080
1243 0010
1244 0010
1245 0800
1246 0020
1247 4000
1248 0010
1249 0400
1250 0020
1251 4000
1252 0100
1253 0010
1254 4000
1255 0008
1256 0100
1257 1000
1258 0004
1259 1000
1260 4000
1261 0020
1262 0080
1263 0020
1264 0020
1265 0008
1266 0002
1267 0010
1269 1000
1270 0010
1271 0002
1273 2000
1274 0001
1275 4000
1276 0004
1277 0008
1278 0002
1279 0001
1280 0002
1281 0008
1282 8000
1285 0020
1286 0040
1287 0010
1288 0010
1289 0004
1291 0001
1292 0010
1293 0080
1294 0020
1295 0400
1296 0004
1298 2000
1299 0001
1300 0100
1301 0020
1302 0020
1303 0800
1304 2000
1305 0001
1306 4000
1307 0020
1308 4000
1309 1000
1310 1000
1312 0100
1314 8000
1315 0008
1316 0200
1317 0080
1318 1000
1319 0001
1320 0080
1321 0400
1323 1000
1324 1000
1325 0008
1326 0400
1327 0002
1328 0020
1329 0800
1330 0100
1331 2000
1332 0008
1334 0002
1335 0080
1336 0008
1337 0800
1339 4000
1340 1000
1341 0008
1342 0001
1343 0002
1344 2000
1345 0004
1346 0800
1347 0400
1349 0040
1351 0200
1352 0010
1353 0400
1354 0002
1355 0008
1356 8000
1357 0008
1358 0400
1359 0004
1360 0020
1361 0020
1362 2000
1364 0008
1365 0800
1366 0020
1367 0080
1369 0008
1370 0800
1371 4000
1373 0800
1375 0002
1376 1000
1377 0040
1378 0008
1379 0200
1380 4000
1381 0020
1382 4000
1383 0200
1384 0200
1385 0400
1387 8000
1388 0080
1389 0002
1390 0100
1391 0200
1392 0008
1393 0800
1394 8000
1395 0001
1396 0001
1397 0080
1398 0010
1400 8000
1401 0800
1402 0800
1403 8000
1404 0040
1406 0001
1407 0020
1408 0008
1409 8000
1410 0002
1411 0080
1412 0001
1413 0040
1414 0002
1415 0100
1416 0200
1417 8000
1418 2000
1419 0200
1420 0800
1421 0040
1422 0080
1423 2000
1424 0200
1425 0800
1426 0080
1427 0800
1429 0080
1430 0001
1431 4000
1434 0004
1435 0008
1436 0008
1437 0200
1438 2000
1439 0010
1441 8000
1442 0020
1443 0400
1444 0001
1445 4000
1446 0001
1448 2000
1449 0010
1450 4000
1451 0200
1452 0008
1453 0002
1454 0020
1455 0040
1456 0800
1458 0200
1459 8000
1460 0400
1461 0200
1462 4000
1463 0400
1464 0040
1465 0010
1466 0040
1467 8000
1469 0020
1470 0001
1471 0040
1472 0010
1473 1000
1474 0008
1475 8000
1476 0400
1477 0004
1478 0002
1480 0400
1481 4000
1482 0020
1484 0010
1485 0004
1486 0002
1488 0008
1489 0800
1490 4000
1491 0100
1493 0001
1494 0004
1495 0010
1496 0001
1497 0100
1498 4000
1499 0010
1500 0002
1501 0008
1502 0002
1504 0008
1505 0200
1506 0100
1507 0010
1508 2000
1509 0100
1510 0004
1513 0400
1514 0008
1515 0020
1517 0800
1518 1000
1519 0010
1520 0080
1521 0004
1522 0004
1523 0002
1524 0001
1525 0020
1526 0002
1527 0400
1528 0080
1529 0002
1531 0010
1532 0400
1533 0010
1534 0040
1535 0010
1536 0800
1537 0800
1538 0008
1539 0400
1540 0100
1541 0004
1542 0400
1543 4000
1544 1000
1545 0040
1546 0002
1547 2000
1548 0001
1549 4000
1550 0002
1551 0400
1552 2000
1553 8000
1554 0800
1555 0020
1556 0004
1557 0004
1558 0400
1559 0010
1560 0001
1561 8000
1562 0004
1564 2000
1565 4000
1566 0040
1567 0008
1568 0200
1569 0002
1571 0080
1573 0200
1574 1000
1575 0100
1576 0008
1577 4000
1578 0001
1579 0800
1580 0080
1581 0010
1583 0100
1585 0001
1586 0800
1587 0080
1588 0080
1589 0040
1590 0008
1591 0010
1592 0010
1594 4000
1595 0020
1596 1000
1597 0004
1598 0100
1599 0001
1600 8000
1601 0080
1602 2000
1603 1000
1605 0020
1606 2000
1607 8000
1608 0200
1610 0004
1611 4000
1612 0080
1613 0010
1614 0200
1615 8000
1616 0001
1617 0002
1618 4000
1619 0002
1620 0004
1621 0004
1622 1000
1623 0008
1624 0004
1627 0010
1628 1000
1631 0100
1632 0001
1633 0002
1634 8000
1635 0010
1636 0040
1637 0004
1638 0200
1639 2000
1640 0020
1641 0020
1642 8000
1643 0200
1644 0080
1645 0001
1647 2000
1648 0008
1649 2000
1650 0004
1651 4000
1652 0100
1653 0002
1654 0100
1655 4000
1656 0004
1657 0400
1658 2000
1659 0002
1660 0200
1661 0200
1662 0800
1663 4000
1664 0800
1665 0800
1666 4000
1667 0020
1668 0002
1669 4000
1670 0002
1671 0008
1672 0002
1673 0100
1674 1000
1675 0100
1676 0002
1677 0002
1678 1000
1679 0100
1680 0040
1681 0002
1682 4000
1683 0080
1684 0200
1685 0002
1686 8000
1687 0400
1688 0020
1689 0040
1690 0100
1691 4000
1692 2000
1693 0001
1695 0400
1696 8000
1697 0080
1698 0020
1699 0001
1700 0001
1701 0008
1702 2000
1703 8000
1704 8000
1706 0008
1707 4000
1708 0001
1709 2000
1710 0200
1711 0040
1712 0200
1713 8000
1714 0040
1715 0001
1716 0080
1717 8000
1718 0100
1720 0400
1721 0400
1722 4000
1723 0100
1724 0020
1725 0004
1726 0080
1727 0400
1728 0008
1729 0010
1730 0008
1731 4000
1732 8000
1733 0008
1734 0100
1735 0002
1737 0800
1738 0001
1739 2000
1740 0020
1741 0008
1743 0800
1744 1000
1745 0800
1746 0800
1747 2000
1748 0002
1749 4000
1750 0200
1751 2000
1752 4000
1753 0001
1754 0008
1755 0010
1756 0800
1757 8000
1759 8000
1760 0040
1761 0010
1762 0200
1763 0008
1764 0100
1765 0400
1766 4000
1767 0800
1768 0100
1769 0001
1770 0020
1771 4000
1772 0001
1773 0010
1774 4000
1775 0100
1776 0002
1777 0080
1778 0004
1779 0200
1780 0400
1781 4000
1783 2000
1784 4000
1785 0010
1786 0008
1787 0002
1789 8000
1790 0200
1791 0002
1792 1000
1793 2000
1794 0200
1795 0800
1796 0800
1798 1000
1799 1000
1800 0800
1801 0001
1802 0002
1803 0100
1804 2000
1805 0100
1807 0004
1808 0002
1809 0100
1810 2000
1811 0200
1812 0008
1813 0020
1814 1000
1815 4000
1817 2000
1818 0100
1819 4000
1820 0010
1821 0080
1822 8000
1823 1000
1824 0040
1825 0100
1826 0800
1828 0080
1829 0100
1830 0040
1831 0002
1832 0010
1833 0100
1835 1000
1837 0400
1838 2000
1839 0100
1840 0010
1841 0400
1842 0020
1843 0200
1844 0008
1845 0020
1846 4000
1847 8000
1848 0002
1849 0200
1850 0040
1852 0200
1854 0004
1855 0040
1856 0400
1857 0002
1858 0040
1859 0020
1860 0008
1862 0004
1863 0400
1865 0800
1866 0008
1867 0800
1869 0001
1871 0008
1872 0020
1873 0040
1874 0008
1875 0100
1876 8000
1877 0004
1878 0200
1880 0400
1881 4000
1882 0200
1883 4000
1884 4000
1885 4000
1886 8000
1887 0040
1888 0004
1889 2000
1890 4000
1891 4000
1892 0200
1893 0400
1894 0008
1895 0200
1896 0100
1898 0020
1899 0001
1900 0004
1901 0020
1902 0080
1903 0200
1904 4000
1905 0010
1906 0040
1907 0008
1908 0020
1910 0004
1911 4000
1912 0008
1913 0100
1914 0001
1915 0040
1916 2000
1917 0800
1919 0080
1920 0008
1921 0001
1922 0100
1923 0004
1924 8000
1925 0400
1926 1000
1927 0001
1928 0004
1930 4000
1931 0008
1932 8000
1933 2000
1934 0040
1935 0002
1938 1000
1939 0400
1940 0800
1941 0200
1942 0008
1944 4000
1946 0001
1947 0400
1948 4000
1949 0200
1950 8000
1951 0004
1952 1000
1953 0200
1954 0100
1955 0800
1956 1000
1957 0100
1958 2000
1959 8000
1960 0100
1961 0400
1962 2000
1963 0400
1964 0100
1965 0001
1966 0800
1967 0010
1968 0040
1969 0001
1970 4000
1971 0200
1972 4000
1973 0010
1974 4000
1975 2000
1976 4000
1977 8000
1978 0008
1979 0040
1980 0200
1981 0040
1982 8000
1983 0001
1984 0004
1985 0008
1986 2000
1987 0040
1988 4000
1989 0001
1990 4000
1991 0004
1992 0080
1993 0001
1994 0020
1995 0010
1996 0200
1997 0100
1998 0008
1999 0200
2000 0100
2001 0100
2002 8000
2003 0002
2004 0020
2005 1000
2006 0800
2007 0200
2008 0020
2009 0008
2010 0002
2011 0004
2012 0010
2013 0080
2015 0002
2016 2000
2017 0001
2018 8000
2019 0010
2020 1000
2021 0080
2022 0008
2023 0002
2024 0040
2025 0008
2026 4000
2027 0010
2028 0001
2029 0008
2030 0004
2031 4000
2033 2000
2034 0040
2035 0100
2036 0100
2037 0200
2038 0008
2039 0008
2040 0010
2042 4000
2043 0001
2045 8000
2046 0002
2047 0080
