0 1010
1 4002
2 0003
3 2000
4 0002
5 1800
6 1020
7 0040
8 8010
9 1000
10 4004
11 0801
12 0004
13 1000
14 0008
15 6000
16 0410
17 0001
18 0010
19 1000
20 0006
21 0001
22 0200
23 0081
24 4000
25 0200
26 4001
27 8000
28 4100
29 0002
30 4000
31 0800
32 0040
33 4040
34 8020
35 0110
36 1080
37 1000
38 0008
39 0401
40 8080
41 2004
42 2800
43 0002
44 0100
45 0201
46 0040
47 1000
48 0002
49 0240
50 0090
51 4000
52 0800
53 4080
54 2400
55 0480
56 0080
57 0001
58 4800
59 0021
60 0801
61 8100
62 4004
63 0004
64 0010
65 4000
66 0108
67 4080
68 0101
69 0104
70 0200
71 0100
72 0001
73 0024
74 0008
75 0080
76 0240
77 0400
78 1800
79 0080
80 0080
81 0080
82 0020
83 4000
84 8002
85 0080
86 0008
87 000a
88 2200
89 0100
90 0120
91 0080
92 0200
93 0030
94 0080
95 0040
96 8000
97 0100
98 2001
99 0001
100 1010
101 0040
102 0008
103 0012
104 4000
105 8000
106 4000
107 0040
108 0400
109 0030
110 0080
111 c000
112 0020
113 4000
114 4000
115 0004
116 0088
117 0011
118 1020
119 0140
120 8000
121 2008
122 0010
123 2008
124 8100
125 1020
126 0002
127 1004
128 0020
129 0082
130 0001
131 1004
132 8001
133 0020
134 1100
135 4000
136 4020
137 0001
138 0001
139 4000
140 0800
141 8004
142 0001
143 0008
144 0002
145 2000
146 0002
147 a000
148 2001
149 000c
150 0208
151 4002
152 0040
153 0201
154 0008
155 0140
156 1001
157 0410
158 0200
159 0420
160 0081
161 4080
162 0040
163 0008
164 0800
165 2000
166 0028
167 0400
168 4000
169 0008
170 0100
171 2008
172 0810
173 0800
174 0100
175 8080
176 0200
177 0020
178 0020
179 0048
180 8001
181 0201
182 0002
183 0810
184 4040
185 0600
186 0120
187 0010
188 0081
189 0400
190 1800
191 8800
192 0040
193 0c00
194 0240
195 2004
196 0018
197 0200
198 0040
199 0840
200 c000
201 0011
202 0020
203 0002
204 8004
205 0080
206 0204
207 0808
208 0041
209 0100
210 0020
211 2000
212 0400
213 0008
214 2000
215 0202
216 4000
217 0800
218 0200
219 1040
220 0048
221 0008
222 0020
223 0100
224 0240
225 0040
226 0004
227 2001
228 0042
229 8080
230 0002
231 2000
232 0808
233 8000
234 1400
235 4100
236 1004
237 0100
238 2004
239 0001
240 8000
241 0420
242 4000
243 0018
244 2000
245 0080
246 0020
247 1000
248 2040
249 0004
250 4000
251 00a0
252 4000
253 0008
254 0410
255 0020
256 4008
257 0004
258 0c00
259 0810
260 0082
261 0100
262 4008
263 0040
264 0800
265 0008
266 0840
267 0400
268 2000
269 0104
270 0801
271 0808
272 0840
273 0500
274 4400
275 0004
276 0801
277 1010
278 1080
279 0100
280 4400
281 0082
282 0002
283 0108
284 2200
285 0008
286 9000
287 0090
288 1400
289 2800
290 1800
291 0100
292 0008
293 0080
294 1008
295 0010
296 0020
297 0240
298 0800
299 2010
300 4020
301 0800
302 1000
303 0020
304 0600
305 0400
306 5000
307 4010
308 2020
309 2400
310 0014
311 4020
312 1004
313 1001
314 0220
315 2000
316 0800
317 0040
318 0a00
319 0100
320 0024
321 0500
322 0010
323 0400
324 0001
325 8008
326 8000
327 0020
328 0020
329 0010
330 2040
331 0001
332 4002
333 2100
334 0280
335 0200
336 4000
337 0040
338 0101
339 0008
340 0020
341 0081
342 0800
343 4400
344 0280
345 0001
346 0480
347 0018
348 4040
349 4001
350 1001
351 0204
352 4000
353 4002
354 0021
355 8000
356 0004
357 0003
358 0420
359 0240
360 000c
361 0800
362 0400
363 8000
364 0001
365 0012
366 4000
367 4000
368 2000
369 0500
370 0a00
371 0480
372 0020
373 4000
374 1010
375 0002
376 2008
377 0200
378 4080
379 4000
380 0001
381 0100
382 8100
383 0800
384 0011
385 0010
386 2000
387 0024
388 0400
389 0100
390 0420
391 0010
392 8200
393 0040
394 0400
395 0001
396 0200
397 0800
398 4000
399 1800
400 1000
401 0a00
402 1008
403 1080
404 4000
405 0022
406 0080
407 1400
408 0040
409 1000
410 1000
411 0018
412 8002
413 1002
414 0100
415 0100
416 0440
417 0048
418 2008
419 1000
420 0420
421 0001
422 0040
423 0a00
424 2000
425 1010
426 8000
427 00a0
428 2000
429 0010
430 1010
431 4008
432 0800
433 0090
434 0400
435 0080
436 4040
437 0400
438 0408
439 0300
440 00a0
441 0050
442 0002
443 0480
444 4000
445 0009
446 0020
447 4020
448 0404
449 2000
450 0010
451 0404
452 0104
453 0010
454 0800
455 2004
456 0220
457 a000
458 0010
459 2010
460 0100
461 8001
462 0004
463 0018
464 0005
465 0440
466 0800
467 000c
468 0040
469 0008
470 0080
471 4800
472 0020
473 2004
474 0090
475 0220
476 0004
477 0008
478 4200
479 0010
480 0028
481 0500
482 2000
483 0030
484 0200
485 0001
486 1000
487 8040
488 4000
489 4020
490 0200
491 c000
492 0100
493 0001
494 8400
495 0200
496 0020
497 0800
498 0042
499 0090
500 8000
501 8004
502 0004
503 0400
504 0082
505 2020
506 2004
507 2002
508 4800
509 4008
510 0011
511 0020
512 0208
513 000c
514 4002
515 2008
516 0040
517 8000
518 0010
519 0040
520 0400
521 0002
522 1000
523 3000
524 8000
525 3000
526 0080
527 0010
528 1200
529 1000
530 0044
531 8000
532 0008
533 1000
534 4020
535 1040
536 1000
537 0800
538 0010
539 0401
540 0208
541 0008
542 0480
543 0004
544 0200
545 0001
546 0820
547 0480
548 00a0
549 0002
550 1000
551 4000
552 8000
553 0020
554 0080
555 0800
556 0401
557 1000
558 0010
559 0002
560 1000
561 0050
562 8010
563 8000
564 0001
565 2400
566 0080
567 2002
568 0400
569 4000
570 1000
571 0040
572 0010
573 4008
574 1000
575 8002
576 2000
577 0880
578 0050
579 1100
580 0010
581 0004
582 0009
583 8100
584 0010
585 0001
586 0820
587 0210
588 8008
589 8000
590 0004
591 0011
592 0001
593 0400
594 0101
595 5000
596 0808
597 0020
598 0800
599 5000
600 4002
601 0800
602 0004
603 4008
604 0840
605 0010
606 0040
607 0200
608 4000
609 0002
610 0040
611 0200
612 1200
613 0004
614 0041
615 0800
616 4080
617 0001
618 0804
619 0010
620 0004
621 0050
622 4002
623 0802
624 8400
625 0110
626 0020
627 0084
628 0100
629 0104
630 0020
631 0024
632 2020
633 0010
634 c000
635 0001
636 0800
637 0081
638 0002
639 0004
640 0800
641 0210
642 0200
643 0100
644 2020
645 0100
646 0080
647 1800
648 1000
649 2000
650 0041
651 2040
652 0180
653 0400
654 2002
655 0040
656 0001
657 0400
658 0200
659 8200
660 4000
661 0804
662 8200
663 4000
664 4004
665 0100
666 a000
667 2000
668 0401
669 1008
670 2002
671 000c
672 0002
673 4000
674 4010
675 0050
676 0808
677 0080
678 0002
679 1000
680 2000
681 4080
682 0020
683 0004
684 0042
685 0004
686 0040
687 0008
688 2000
689 1004
690 0400
691 8020
692 0100
693 2002
694 0020
695 0080
696 8000
697 0600
698 0010
699 8000
700 1000
701 8000
702 0004
703 2002
704 4040
705 0010
706 0020
707 0008
708 a000
709 0240
710 0008
711 8000
712 8000
713 2000
714 2004
715 0220
716 0001
717 0400
718 1002
719 0020
720 0804
721 0020
722 1040
723 0800
724 0500
725 c000
726 0002
727 1000
728 0080
729 0800
730 0200
731 0100
732 0104
733 0200
734 8000
735 0012
736 0100
737 0010
738 0108
739 0002
740 0880
741 8008
742 0001
743 4000
744 0400
745 0800
746 4020
747 0084
748 0082
749 8800
750 0204
751 4000
752 0008
753 4000
754 1800
755 0012
756 2400
757 4000
758 0400
759 0008
760 4010
761 0280
762 2000
763 0080
764 0004
765 0022
766 8001
767 0001
768 3000
769 0200
770 0120
771 0010
772 0080
773 0108
774 2080
775 2000
776 0010
777 0100
778 1000
779 1040
780 0040
781 0041
782 0410
783 1200
784 0002
785 0004
786 0008
787 8020
788 1040
789 0400
790 0002
791 0600
792 0060
793 0008
794 8200
795 4080
796 4000
797 0400
798 0001
799 4000
800 0400
801 1000
802 4002
803 4000
804 0810
805 0012
806 0420
807 4200
808 0040
809 0400
810 0044
811 0024
812 0020
813 0080
814 0004
815 4000
816 1004
817 8002
818 8020
819 8400
820 0004
821 0004
822 0401
823 a000
824 0005
825 8000
826 0024
827 0004
828 0002
829 0080
830 0200
831 0008
832 0404
833 4000
834 0410
835 0804
836 4040
837 0010
838 0102
839 8800
840 0800
841 0002
842 4200
843 0840
844 1004
845 0401
846 1000
847 8000
848 0088
849 0900
850 0100
851 4010
852 0208
853 0080
854 0001
855 0800
856 0100
857 0005
858 0028
859 0042
860 1008
861 0006
862 1020
863 0001
864 8000
865 0002
866 0001
867 1080
868 2800
869 1000
870 0040
871 1000
872 4200
873 8000
874 0404
875 0102
876 0010
877 0100
878 0004
879 0008
880 2002
881 4400
882 0400
883 2080
884 0081
885 1002
886 0800
887 1100
888 1000
889 2010
890 3000
891 0082
892 0010
893 0040
894 0030
895 0010
896 4000
897 8000
898 0018
899 1004
900 0021
901 0100
902 0018
903 0a00
904 0410
905 0400
906 8800
907 4000
908 0080
909 0880
910 8000
911 0210
912 0180
913 2000
914 1000
915 0041
916 0200
917 0010
918 0003
919 0400
920 0048
921 1000
922 0028
923 0c00
924 0002
925 0880
926 0840
927 0280
928 1200
929 0400
930 0400
931 0001
932 0020
933 2100
934 0040
935 0004
936 0001
937 0220
938 0800
939 0202
940 8008
941 0008
942 0001
943 0240
944 0100
945 1002
946 0104
947 4040
948 8800
949 0040
950 0080
951 0060
952 0800
953 0280
954 0100
955 4000
956 9000
957 0400
958 0004
959 a000
960 0004
961 1000
962 1010
963 1008
964 0008
965 0100
966 0420
967 000a
968 8040
969 0080
970 0200
971 0002
972 0004
973 0082
974 0480
975 0018
976 0420
977 0020
978 1008
979 0002
980 5000
981 1008
982 2000
983 0008
984 0a00
985 0480
986 4000
987 0010
988 4000
989 0010
990 2000
991 2000
992 a000
993 0500
994 8040
995 0100
996 8080
997 0041
998 0410
999 0001
1000 0002
1001 0004
1002 0005
1003 0600
1004 1000
1005 0001
1006 0022
1007 4002
1008 0090
1009 0240
1010 0800
1011 0080
1012 0010
1013 0802
1014 0002
1015 1000
1016 0040
1017 0800
1018 8800
1019 0201
1020 1080
1021 1100
1022 0002
1023 4200
1024 0004
1025 0001
1026 0002
1027 4000
1028 8002
1029 0208
1030 2002
1031 0010
1032 0002
1033 0080
1034 4400
1035 0204
1036 8000
1037 0440
1038 0080
1039 4800
1040 4004
1041 4020
1042 2008
1043 0220
1044 0108
1045 2000
1046 0012
1047 0002
1048 0480
1049 4100
1050 0084
1051 0804
1052 0800
1053 00a0
1054 8008
1055 0100
1056 8008
1057 0100
1058 0001
1059 4400
1060 0022
1061 8000
1062 2010
1063 00a0
1064 0800
1065 0010
1066 1004
1067 0020
1068 0010
1069 2020
1070 0080
1071 0080
1072 0082
1073 2000
1074 0100
1075 0404
1076 8000
1077 0400
1078 0044
1079 0800
1080 0210
1081 1000
1082 0040
1083 8400
1084 0001
1085 0008
1086 4002
1087 4100
1088 0840
1089 8000
1090 0400
1091 0040
1092 0a00
1093 0080
1094 8000
1095 8008
1096 0810
1097 4010
1098 0041
1099 0003
1100 0001
1101 0104
1102 2000
1103 0080
1104 4000
1105 0800
1106 0018
1107 0020
1108 8002
1109 9000
1110 0900
1111 000a
1112 0110
1113 8080
1114 000a
1115 0060
1116 8800
1117 2000
1118 0410
1119 0001
1120 0080
1121 0100
1122 0400
1123 0080
1124 2008
1125 0104
1126 1001
1127 0080
1128 0100
1129 2010
1130 0041
1131 4200
1132 0020
1133 0001
1134 4002
1135 0a00
1136 4100
1137 0800
1138 0800
1139 00a0
1140 0600
1141 0090
1142 0008
1143 0022
1144 2100
1145 0020
1146 0014
1147 0020
1148 000a
1149 4100
1150 00a0
1151 2000
1152 0802
1153 8000
1154 0100
1155 0010
1156 1080
1157 000c
1158 0090
1159 0208
1160 0004
1161 0010
1162 0480
1163 0600
1164 0040
1165 1000
1166 0480
1167 1400
1168 0810
1169 00a0
1170 0020
1171 0110
1172 0c00
1173 0800
1174 0001
1175 8000
1176 0008
1177 0400
1178 0100
1179 1080
1180 0018
1181 0480
1182 0200
1183 2020
1184 1800
1185 0200
1186 2000
1187 2010
1188 0010
1189 00c0
1190 0010
1191 0210
1192 8100
1193 4000
1194 0008
1195 4000
1196 0040
1197 0400
1198 8800
1199 1040
1200 0800
1201 4400
1202 1000
1203 1000
1204 0410
1205 0006
1206 0010
1207 4000
1208 0100
1209 0001
1210 0004
1211 000c
1212 0400
1213 0300
1214 0004
1215 0022
1216 1400
1217 8400
1218 1200
1219 1004
1220 0500
1221 c000
1222 0090
1223 1004
1224 0040
1225 0001
1226 0200
1227 0a00
1228 0008
1229 8100
1230 a000
1231 0004
1232 4000
1233 0200
1234 0030
1235 0200
1236 0404
1237 0020
1238 8002
1239 0008
1240 0040
1241 4000
1242 0200
1243 0401
1244 0020
1245 0200
1246 0090
1247 0100
1248 0400
1249 0402
1250 0004
1251 0202
1252 0800
1253 0400
1254 0840
1255 0020
1256 0202
1257 4002
1258 4400
1259 0010
1260 0020
1261 0100
1262 0080
1263 0010
1264 0200
1265 0102
1266 0010
1267 0020
1268 1040
1269 0008
1270 0002
1271 0010
1272 1010
1273 1000
1274 0084
1275 0400
1276 0002
1277 0202
1278 0801
1279 0410
1280 0401
1281 4001
1282 0404
1283 0404
1284 0002
1285 0040
1286 0081
1287 0001
1288 0100
1289 0200
1290 8000
1291 0010
1292 0800
1293 1004
1294 0100
1295 0004
1296 3000
1297 0004
1298 1000
1299 0060
1300 8004
1301 0010
1302 0402
1303 0020
1304 0084
1305 1000
1306 1002
1307 0005
1308 0020
1309 1400
1310 0200
1311 0002
1312 4200
1313 2010
1314 2000
1315 8000
1316 0204
1317 4000
1318 0004
1319 0210
1320 4004
1321 1004
1322 8000
1323 0204
1324 0040
1325 0008
1326 0080
1327 8200
1328 0021
1329 0008
1330 0008
1331 8800
1332 4004
1333 0080
1334 0040
1335 0880
1336 4010
1337 0100
1338 0002
1339 0040
1340 0048
1341 4000
1342 4080
1343 1020
1344 0120
1345 0003
1346 0120
1347 0020
1348 8040
1349 8000
1350 0100
1351 0010
1352 0100
1353 4000
1354 0200
1355 2000
1356 0400
1357 4000
1358 0080
1359 0020
1360 0004
1361 0042
1362 0084
1363 2000
1364 0014
1365 0018
1366 8001
1367 6000
1368 0080
1369 00c0
1370 2008
1371 8080
1372 0010
1373 0202
1374 4002
1375 2004
1376 0008
1377 4080
1378 8100
1379 2000
1380 2020
1381 1001
1382 8000
1383 0201
1384 0800
1385 4002
1386 0801
1387 0080
1388 2010
1389 0030
1390 0050
1391 0c00
1392 2000
1393 0081
1394 2080
1395 0840
1396 0280
1397 0004
1398 0001
1399 0012
1400 0081
1401 1040
1402 0100
1403 0002
1404 0020
1405 0104
1406 2800
1407 0008
1408 2000
1409 1004
1410 0a00
1411 1001
1412 0800
1413 0020
1414 0008
1415 0080
1416 000c
1417 8200
1418 0420
1419 2000
1420 2800
1421 8004
1422 1020
1423 0021
1424 2000
1425 0040
1426 0100
1427 2400
1428 0800
1429 0010
1430 1100
1431 a000
1432 0200
1433 0024
1434 0020
1435 0008
1436 1010
1437 0800
1438 8000
1439 0500
1440 0400
1441 0108
1442 0004
1443 0204
1444 0800
1445 4400
1446 0008
1447 4800
1448 9000
1449 1080
1450 1040
1451 2040
1452 0080
1453 4000
1454 1080
1455 1004
1456 0002
1457 1040
1458 8100
1459 8000
1460 0404
1461 0009
1462 0008
1463 1000
1464 0004
1465 8000
1466 0060
1467 8200
1468 0801
1469 0800
1470 0040
1471 000a
1472 0004
1473 0048
1474 4008
1475 8020
1476 8080
1477 1000
1478 2000
1479 1002
1480 8008
1481 2000
1482 4002
1483 0108
1484 4080
1485 0400
1486 0010
1487 0004
1488 1000
1489 0420
1490 0004
1491 0002
1492 0404
1493 8000
1494 9000
1495 0006
1496 0040
1497 1000
1498 0040
1499 0008
1500 0800
1501 5000
1502 0300
1503 9000
1504 0200
1505 0020
1506 0040
1507 0021
1508 0042
1509 0004
1510 4000
1511 0040
1512 0020
1513 0404
1514 0400
1515 0009
1516 0008
1517 9000
1518 0012
1519 0081
1520 1000
1521 0820
1522 0400
1523 0100
1524 4080
1525 0004
1526 0088
1527 0280
1528 5000
1529 0101
1530 0100
1531 0400
1532 1000
1533 0100
1534 0041
1535 1000
1536 0200
1537 0041
1538 000a
1539 0010
1540 0004
1541 0020
1542 0400
1543 0050
1544 0003
1545 0080
1546 0004
1547 0400
1548 0030
1549 0001
1550 9000
1551 0080
1552 4800
1553 0005
1554 0200
1555 0200
1556 0804
1557 0011
1558 1200
1559 0101
1560 0080
1561 2000
1562 8100
1563 0200
1564 8400
1565 0081
1566 0800
1567 0040
1568 0080
1569 0001
1570 0101
1571 0200
1572 0400
1573 0002
1574 0200
1575 0020
1576 0800
1577 0004
1578 1010
1579 0001
1580 1100
1581 4002
1582 0080
1583 2000
1584 000c
1585 1008
1586 8000
1587 0100
1588 0480
1589 4000
1590 2000
1591 0011
1592 0001
1593 1000
1594 0080
1595 4004
1596 0800
1597 0001
1598 0400
1599 0008
1600 0020
1601 0100
1602 0040
1603 0084
1604 1020
1605 0060
1606 0040
1607 0008
1608 4000
1609 0800
1610 2000
1611 0082
1612 4000
1613 0008
1614 0080
1615 0080
1616 1800
1617 4004
1618 0400
1619 0001
1620 0808
1621 0004
1622 0004
1623 00c0
1624 0042
1625 0300
1626 0010
1627 8000
1628 0084
1629 0008
1630 0200
1631 0200
1632 1020
1633 8020
1634 0400
1635 1000
1636 0400
1637 0410
1638 0800
1639 2100
1640 1800
1641 8002
1642 4000
1643 0100
1644 0c00
1645 0400
1646 0004
1647 0400
1648 0401
1649 0002
1650 0240
1651 00c0
1652 0020
1653 0200
1654 8000
1655 0400
1656 0020
1657 0010
1658 1010
1659 4000
1660 8008
1661 1000
1662 4200
1663 0600
1664 0080
1665 0010
1666 0022
1667 0401
1668 4020
1669 0088
1670 0010
1671 0402
1672 0020
1673 2000
1674 1002
1675 1001
1676 8000
1677 0082
1678 8000
1679 8000
1680 2100
1681 0410
1682 0009
1683 0900
1684 c000
1685 4000
1686 4000
1687 0010
1688 0240
1689 2400
1690 0002
1691 0800
1692 0004
1693 8010
1694 0040
1695 1200
1696 0020
1697 0400
1698 3000
1699 0008
1700 00a0
1701 1000
1702 0004
1703 0408
1704 0018
1705 8002
1706 0040
1707 00a0
1708 4080
1709 0080
1710 0800
1711 2001
1712 0040
1713 0024
1714 0200
1715 8200
1716 0080
1717 0008
1718 8000
1719 0100
1720 0880
1721 9000
1722 0082
1723 0080
1724 4000
1725 0044
1726 0220
1727 8008
1728 4008
1729 8000
1730 8100
1731 0104
1732 1020
1733 0200
1734 0200
1735 1000
1736 0009
1737 0002
1738 0004
1739 0022
1740 8400
1741 4100
1742 0802
1743 2004
1744 0003
1745 2000
1746 0400
1747 c000
1748 8400
1749 4000
1750 0200
1751 0804
1752 2001
1753 0020
1754 0240
1755 000c
1756 0001
1757 0044
1758 0020
1759 0010
1760 0204
1761 0028
1762 8000
1763 6000
1764 1008
1765 6000
1766 0200
1767 8010
1768 0001
1769 0048
1770 0020
1771 0040
1772 1008
1773 0080
1774 0100
1775 0400
1776 0008
1777 8800
1778 0400
1779 2400
1780 1004
1781 0012
1782 0080
1783 4000
1784 1200
1785 0008
1786 0400
1787 0003
1788 8040
1789 1000
1790 0200
1791 0a00
1792 0008
1793 0080
1794 0300
1795 0800
1796 0204
1797 00a0
1798 0001
1799 0802
1800 1080
1801 0280
1802 2002
1803 1000
1804 2000
1805 a000
1806 0080
1807 4000
1808 2008
1809 2000
1810 4040
1811 0004
1812 0200
1813 5000
1814 0140
1815 0040
1816 0180
1817 0200
1818 8000
1819 8200
1820 0041
1821 0001
1822 0080
1823 4020
1824 8000
1825 0040
1826 8020
1827 0018
1828 1040
1829 8001
1830 0014
1831 2800
1832 0800
1833 0010
1834 0800
1835 8000
1836 0004
1837 0008
1838 0002
1839 0200
1840 0020
1841 0001
1842 0300
1843 0006
1844 0200
1845 4040
1846 0202
1847 0210
1848 0014
1849 0008
1850 0020
1851 1800
1852 4020
1853 0040
1854 0001
1855 0008
1856 0050
1857 0300
1858 1040
1859 0080
1860 0200
1861 0010
1862 0104
1863 1004
1864 1800
1865 0008
1866 8080
1867 0080
1868 0041
1869 0020
1870 0040
1871 2010
1872 0101
1873 0110
1874 2000
1875 0108
1876 0004
1877 2200
1878 4400
1879 0400
1880 0008
1881 0080
1882 8000
1883 0004
1884 4400
1885 9000
1886 1100
1887 0040
1888 8000
1889 0018
1890 2000
1891 0200
1892 0018
1893 0600
1894 0500
1895 1000
1896 0002
1897 0084
1898 0010
1899 2000
1900 4000
1901 0204
1902 0021
1903 6000
1904 0200
1905 0400
1906 4008
1907 0012
1908 8000
1909 0001
1910 0010
1911 0008
1912 0802
1913 0200
1914 8000
1915 0408
1916 0400
1917 0080
1918 0080
1919 0400
1920 0140
1921 0180
1922 8000
1923 0028
1924 0009
1925 0800
1926 8010
1927 1010
1928 0080
1929 0008
1930 0002
1931 0028
1932 2010
1933 4000
1934 0002
1935 0820
1936 0060
1937 2000
1938 0080
1939 0010
1940 0001
1941 2004
1942 0800
1943 0810
1944 6000
1945 0020
1946 0600
1947 4800
1948 0020
1949 0100
1950 0200
1951 0001
1952 2800
1953 4010
1954 00a0
1955 8000
1956 3000
1957 0044
1958 0008
1959 0022
1960 0020
1961 8010
1962 0011
1963 1800
1964 00c0
1965 0024
1966 0005
1967 3000
1968 2800
1969 8040
1970 8004
1971 0008
1972 0004
1973 0040
1974 0014
1975 8100
1976 0800
1977 8100
1978 0041
1979 0200
1980 0810
1981 5000
1982 0802
1983 0008
1984 0020
1985 0440
1986 0400
1987 8100
1988 0088
1989 0400
1990 8010
1991 2000
1992 0010
1993 1008
1994 4000
1995 0021
1996 0010
1997 0008
1998 0050
1999 0202
2000 0021
2001 1000
2002 8008
2003 2040
2004 0008
2005 4000
2006 8010
2007 0200
2008 0200
2009 0420
2010 2080
2011 0400
2012 2000
2013 0600
2014 0100
2015 0012
2016 0800
2017 0001
2018 0200
2019 4000
2020 0006
2021 2100
2022 0802
2023 0008
2024 8000
2025 0004
2026 8001
2027 0101
2028 0100
2029 0008
2030 2800
2031 8000
2032 0101
2033 2080
2034 4000
2035 0084
2036 0400
2037 0004
2038 0804
2039 1004
2040 4000
2041 0100
2042 a000
2043 0a00
2044 0002
2045 0008
2046 0900
2047 0010
