0 0800
1 0020
2 1000
3 4000
4 0020
7 0002
8 0010
9 2000
10 0008
11 4000
12 0020
13 0020
14 0020
15 0010
16 0100
18 0010
19 0002
20 8000
22 0080
23 4000
24 0008
26 0008
28 0040
29 0080
31 0800
33 0001
40 0020
41 0004
42 0008
43 0800
44 0010
45 0040
46 0200
49 0800
52 0400
53 0010
54 0002
55 0020
58 1000
59 0800
61 0020
62 0100
65 0080
66 2000
67 0001
68 0001
69 0200
70 0004
72 0002
73 0080
74 0008
75 0200
76 0008
80 2000
82 0400
83 0010
85 0010
88 4000
89 1000
90 0020
92 0008
93 0800
94 8000
95 0100
96 0002
98 0100
101 0010
103 0002
104 0020
106 0004
107 0040
109 0080
111 0080
114 0040
117 0400
118 0004
119 1000
122 0001
123 0020
124 0100
125 0040
126 0008
129 0040
131 0020
133 1000
138 0001
140 0100
142 2000
143 0040
145 1000
146 4000
147 0001
148 0002
150 0400
151 0004
152 0008
153 0400
157 4000
159 0040
162 0200
164 0020
165 0010
166 8000
167 0001
171 0400
173 0020
174 0100
175 4000
177 0200
178 0020
179 1000
185 0010
188 0800
189 0040
190 0001
191 0400
195 0800
197 0010
198 2000
202 8000
203 8000
205 0001
210 4000
212 0400
213 0001
217 0400
219 0008
229 0200
232 0001
237 4000
239 0800
240 2000
243 0100
248 0020
252 0008
254 1000
256 8000
258 2000
262 0100
264 0080
265 2000
266 0002
267 0020
271 2000
272 0080
273 0008
275 2000
277 0001
278 0008
281 0100
283 0010
284 0080
287 0008
288 0040
289 0400
291 0020
292 0020
293 0080
294 2000
295 4000
298 4000
304 2000
306 8000
307 1000
308 0040
310 0020
311 0002
312 0040
314 0004
316 0100
321 8000
322 1000
327 2000
328 0004
332 2000
333 0100
336 4000
337 1000
340 0002
341 0040
342 1000
345 0001
347 0004
349 0040
351 0020
352 0400
355 0020
362 8000
364 0400
365 1000
366 0010
367 0004
368 0004
373 4000
380 4000
381 0010
384 8000
385 0001
387 0200
388 0010
392 0002
393 0002
394 0010
396 0004
397 0800
400 0004
401 0080
403 0800
404 8000
406 0400
409 0020
410 8000
411 2000
412 2000
413 0080
414 0001
416 2000
419 0800
420 8000
421 1000
422 0200
423 0010
424 1000
427 0040
428 4000
433 4000
435 0400
439 0800
440 0200
442 0020
447 0008
454 0001
456 0001
457 0001
461 0004
464 0002
465 0020
467 0400
468 0008
470 0200
474 0080
476 0100
477 0020
478 0080
480 1000
481 4000
483 0020
488 0008
489 0020
492 0200
493 0100
494 0020
496 0400
497 0001
502 0100
504 0020
505 0100
506 1000
507 0010
508 0400
509 1000
510 4000
517 0002
518 0004
519 0001
520 4000
521 0008
522 2000
524 4000
525 0001
526 2000
528 0010
529 0400
531 0400
532 0020
535 0002
543 0100
544 0002
545 0008
548 4000
550 2000
553 0020
554 0100
555 0004
557 8000
562 0800
563 0400
564 0010
565 8000
566 4000
568 4000
571 0020
576 1000
577 0800
578 0020
579 0080
581 2000
584 0200
585 0010
588 0020
589 0080
594 8000
596 0080
597 0020
598 1000
599 0001
600 0004
601 0010
602 0001
603 1000
604 4000
605 0001
607 0008
608 0800
611 0400
612 0010
613 4000
615 8000
618 0001
620 8000
621 0400
626 8000
627 1000
628 0010
631 4000
633 0010
634 8000
635 0400
639 0008
641 1000
642 2000
643 0200
655 2000
660 0008
661 0800
663 0004
668 0010
669 0400
670 0200
678 0001
679 0008
680 1000
681 0001
682 0040
683 0800
686 0080
688 0001
689 0004
690 0004
692 0400
698 0001
699 0800
700 4000
702 0100
703 0004
704 0040
706 0008
707 2000
710 0080
712 0800
713 0020
714 0800
718 4000
719 0010
720 0002
721 0004
723 0100
724 0004
725 4000
736 2000
737 0004
739 0020
740 0004
743 0200
744 0002
745 0020
746 0001
749 0200
754 0010
755 0800
756 8000
757 0002
758 1000
760 0080
762 4000
763 0200
766 0400
768 1000
769 0200
771 0020
773 0010
776 0010
779 0008
780 0100
781 2000
782 0010
783 0800
788 4000
792 0080
794 1000
796 0004
799 0008
802 0001
804 0800
806 0800
807 0008
808 0100
810 0002
811 0200
812 1000
813 0200
815 0040
816 0020
819 0800
821 0002
822 0001
824 0200
827 0200
828 1000
831 0004
832 0008
834 8000
835 0100
836 0020
838 8000
839 0001
840 0010
842 0080
843 0002
844 4000
847 1000
848 0001
849 0001
854 0004
855 0010
856 2000
859 0800
861 0800
862 0001
863 0080
865 0002
868 0004
870 8000
871 0080
873 8000
874 0400
877 0004
879 0002
880 0080
882 0001
887 2000
888 0008
889 8000
893 4000
895 2000
896 0080
898 0100
899 0020
901 0008
904 0002
907 0001
908 8000
909 0080
910 1000
911 0800
912 4000
913 0004
914 2000
915 2000
916 0010
917 0200
919 0008
920 4000
923 0100
924 2000
925 0080
927 0010
928 0200
932 8000
934 1000
935 0008
936 0020
938 0020
939 8000
940 0040
941 0200
946 0400
951 0800
956 0800
957 0008
958 0040
959 4000
962 0020
964 4000
965 0010
968 0004
970 0010
971 1000
973 0200
974 0004
975 4000
978 0001
981 0020
982 0100
985 0010
986 0020
987 0400
990 0004
991 0040
997 0010
998 0002
999 0010
1001 0001
1002 1000
1003 0001
1007 0100
1010 0002
1011 0200
1014 0004
1025 4000
1027 2000
1028 0001
1030 0008
1032 0100
1033 0008
1034 0100
1037 0100
1038 0004
1043 8000
1045 0200
1047 1000
1048 0100
1050 0004
1051 0010
1052 2000
1053 0100
1055 0004
1056 0001
1058 0002
1059 0400
1062 0001
1063 0400
1064 4000
1069 0010
1070 0020
1075 0010
1077 0040
1078 8000
1079 2000
1080 0002
1081 0020
1083 8000
1085 0002
1089 8000
1090 0004
1096 0400
1101 0004
1102 0040
1103 0010
1104 0002
1105 0100
1107 0080
1110 0008
1115 0002
1118 0100
1119 4000
1120 0080
1123 0008
1124 0010
1125 0100
1126 0001
1128 0400
1131 0200
1132 2000
1133 4000
1134 8000
1135 4000
1136 1000
1138 0002
1140 0004
1141 4000
1144 0002
1148 0004
1151 0010
1153 0020
1156 8000
1157 0040
1159 0010
1161 0100
1164 0100
1165 0400
1166 0020
1168 0001
1170 8000
1171 0010
1172 0100
1174 0400
1176 0080
1179 2000
1180 0100
1182 0800
1185 0008
1186 0004
1187 2000
1189 2000
1190 4000
1191 0001
1192 0001
1193 4000
1194 0001
1196 0100
1201 0008
1202 0002
1203 0200
1204 0800
1207 0010
1208 0020
1209 8000
1211 0008
1214 0001
1216 0004
1217 0040
1218 1000
1220 4000
1221 0800
1222 0020
1226 0040
1227 0800
1228 0001
1230 0001
1232 0002
1236 2000
1237 0008
1238 1000
1240 0001
1242 1000
1244 8000
1246 4000
1247 8000
1248 0400
1249 0008
1250 0400
1255 8000
1256 0004
1262 0400
1266 0010
1267 8000
1268 0001
1271 0080
1273 1000
1274 0002
1278 8000
1279 0800
1280 4000
1281 8000
1285 0010
1288 0001
1291 0100
1294 0020
1296 0020
1297 0800
1298 0020
1299 0020
1300 0001
1303 0004
1304 0004
1307 0004
1308 0400
1310 0008
1313 1000
1314 8000
1315 2000
1316 0800
1318 0800
1319 0001
1320 0400
1321 0001
1322 4000
1323 1000
1324 0080
1325 0008
1329 0400
1330 0004
1332 0100
1333 0010
1334 0800
1336 0001
1337 0080
1340 0020
1346 0008
1349 0001
1350 1000
1355 0400
1356 0400
1357 0001
1364 2000
1368 0002
1369 0008
1373 0002
1375 1000
1378 4000
1383 0100
1384 0010
1385 4000
1386 0002
1388 0002
1392 0400
1393 1000
1395 2000
1397 2000
1399 0008
1402 0020
1403 0040
1404 0002
1405 0002
1406 0001
1408 8000
1411 0004
1412 0010
1413 0020
1414 0008
1415 0100
1417 0004
1418 0010
1424 0040
1426 0001
1427 4000
1428 0800
1432 0001
1435 0002
1437 2000
1439 8000
1440 2000
1444 0004
1446 2000
1447 0200
1449 0008
1451 0008
1452 0008
1457 1000
1460 0400
1465 1000
1467 0020
1468 1000
1473 0002
1479 0004
1480 0100
1481 0040
1482 0200
1485 0004
1488 0040
1494 0200
1495 4000
1497 1000
1498 2000
1499 0080
1500 0040
1501 0100
1503 0020
1504 0080
1505 0020
1506 0400
1509 2000
1515 0004
1516 4000
1518 0020
1519 0200
1520 0400
1526 8000
1531 4000
1532 0020
1533 0001
1534 1000
1537 0008
1540 8000
1544 0100
1548 0004
1549 0400
1550 0040
1551 0008
1552 0020
1553 0002
1554 0008
1555 0800
1556 4000
1557 0008
1558 0800
1562 2000
1563 0100
1564 0080
1566 0100
1573 0001
1574 0020
1575 0020
1576 0004
1580 0002
1581 0400
1583 0008
1584 8000
1587 0200
1588 4000
1591 4000
1592 0800
1594 0800
1596 0010
1599 2000
1600 0008
1604 0001
1605 0200
1606 0008
1609 0100
1612 8000
1613 0400
1614 0100
1620 4000
1621 0008
1624 0800
1625 0020
1626 0010
1628 0800
1630 8000
1633 0002
1634 0004
1636 0100
1637 0800
1640 1000
1641 0002
1643 0100
1644 4000
1645 0004
1647 0080
1648 0100
1649 0002
1651 0200
1655 0001
1658 0080
1659 0002
1660 0040
1665 0040
1666 0100
1671 0080
1672 1000
1673 0040
1674 0400
1675 0002
1676 4000
1679 0002
1683 2000
1685 8000
1688 0040
1689 0080
1690 0002
1692 0100
1694 0008
1701 8000
1706 0080
1708 1000
1709 0008
1712 4000
1713 0400
1715 0001
1717 0100
1720 0040
1722 0200
1723 0004
1724 0400
1726 0200
1728 1000
1729 2000
1731 0010
1732 2000
1733 0010
1734 1000
1736 1000
1737 0008
1738 0008
1739 0002
1742 0200
1743 0100
1746 0020
1747 0080
1748 0040
1749 0080
1752 0002
1755 0001
1756 0008
1759 0040
1761 0008
1764 0020
1765 8000
1766 0400
1768 0010
1770 8000
1772 0001
1773 0080
1774 8000
1775 0004
1776 0008
1782 0002
1785 1000
1789 1000
1792 0001
1795 8000
1796 1000
1799 0200
1800 0200
1801 0800
1803 0100
1809 0020
1811 0002
1813 0010
1814 0001
1815 0100
1818 0080
1819 0004
1820 8000
1822 1000
1823 1000
1825 8000
1826 0010
1830 0010
1834 0800
1837 8000
1842 0010
1846 0080
1847 0040
1848 1000
1849 4000
1856 0040
1858 0001
1859 0800
1861 0100
1863 0800
1865 0004
1866 8000
1870 0004
1871 0008
1874 0008
1879 0100
1881 0002
1883 0001
1884 0040
1885 0040
1886 4000
1887 0008
1892 0800
1893 1000
1895 0002
1896 4000
1900 0010
1901 0020
1902 0100
1903 2000
1905 8000
1906 0008
1909 0002
1912 0800
1913 0080
1915 0002
1917 0004
1918 0400
1920 0100
1921 0001
1924 8000
1925 0010
1926 1000
1927 0800
1929 4000
1930 0001
1931 2000
1932 0040
1933 0100
1936 0080
1938 4000
1939 0800
1940 0400
1942 0004
1943 0002
1946 0800
1948 0008
1950 0008
1952 0004
1953 1000
1954 0002
1955 8000
1957 0020
1961 0001
1962 0800
1963 0800
1964 1000
1966 1000
1967 0080
1968 0020
1971 0008
1973 0004
1979 4000
1980 1000
1983 4000
1986 0004
1988 0008
1990 8000
1992 0002
1993 4000
1996 0001
2000 0020
2001 0100
2003 0080
2007 0040
2008 0020
2009 0004
2010 1000
2012 0200
2013 0080
2014 8000
2016 0200
2018 0400
2019 0040
2020 0001
2021 2000
2023 0001
2024 0200
2027 0100
2031 0020
2032 8000
2033 0200
2034 0020
2037 2000
2039 0001
2041 0080
2042 0100
2045 0004
2047 8000
