0 0040
1 4000
2 2000
3 0400
4 0400
5 0080
6 4000
7 0006
8 0048
9 0011
10 0200
11 0020
12 0020
13 0200
14 0004
15 0042
16 1000
17 0100
18 0001
19 0020
20 0024
21 1000
22 0010
23 1000
24 2000
25 0200
26 0800
27 0008
28 0820
29 0001
30 000c
31 1000
32 0080
33 0010
34 8020
35 0010
36 0020
37 0100
38 8000
39 0018
40 0208
41 0088
42 8040
43 4000
44 0200
45 8000
46 0002
47 2000
48 0010
49 1000
50 0020
51 0010
52 0002
53 0008
54 1000
55 0400
56 0001
57 8000
58 1000
59 0010
60 0800
61 0408
62 0004
63 0200
64 8000
65 0018
66 0004
67 0400
68 0002
69 1004
70 0201
71 0500
72 0080
73 0090
74 1000
75 0040
76 0400
77 0030
78 0201
79 0010
80 0008
81 0004
82 0400
83 0002
84 0020
85 0001
86 8200
87 0004
88 2000
89 1001
90 1000
91 0020
92 0001
93 0008
94 0200
95 0001
96 0008
97 0010
98 0080
99 8010
100 0400
101 8020
102 2040
103 0010
104 2000
105 8000
106 0004
107 0800
108 2000
109 4000
110 0010
111 0800
112 0006
113 2000
114 0022
115 8040
116 00a0
117 4010
118 2000
119 0020
120 0020
121 8000
122 0006
123 0020
124 0020
125 1001
126 0040
127 0200
128 0008
129 2000
130 0040
131 0008
132 4040
133 8400
134 0020
135 0200
136 0080
137 0400
138 2000
139 0400
140 2040
141 0001
142 2000
143 1000
144 4000
145 0002
146 0410
147 0008
148 4000
149 0100
150 2040
151 2008
152 4000
153 0800
154 1000
155 0020
156 0200
157 0040
158 0004
159 0010
160 2000
161 4002
162 0200
163 0008
164 0010
165 2800
166 8000
167 1100
168 0500
169 0200
170 0001
171 0200
172 0040
173 0210
174 0002
175 0002
176 0040
177 0040
178 0300
179 1000
180 0008
181 0080
182 0800
183 0030
184 0040
185 1000
186 8000
187 1000
188 0810
189 0020
190 0080
191 1002
192 0002
193 0002
194 1001
195 0008
196 0210
197 4000
198 0800
199 8000
200 0200
201 0001
202 0800
203 8000
204 0100
205 0100
206 0200
207 0040
208 1001
209 4000
210 0100
211 0800
212 4001
213 0200
214 0800
215 8000
216 4000
217 2000
218 0001
219 0004
220 0002
221 0200
222 4010
223 4000
224 0200
225 0040
226 0440
227 2000
228 0008
229 0011
230 0040
231 0801
232 0200
233 00a0
234 0802
235 0020
236 0041
237 0100
238 1000
239 0480
240 0004
241 0410
242 1008
243 0080
244 0004
245 1000
246 0010
247 1008
248 0800
249 0200
250 0002
251 0402
252 4000
253 0010
254 1000
255 8004
256 0102
257 4000
258 0080
259 0020
260 0208
261 0c00
262 5000
263 0104
264 0800
265 0018
266 1800
267 0200
268 0200
269 0008
270 0001
271 1008
272 0010
273 0102
274 0040
275 0008
276 0040
277 0200
278 1000
279 2002
280 0009
281 0004
282 0401
283 0200
284 1000
285 0200
286 0100
287 4000
288 0040
289 0010
290 0002
291 0020
292 0004
293 0100
294 4040
295 2800
296 0001
297 0001
298 0300
299 8200
300 0101
301 2000
302 0080
303 0100
304 0020
305 0002
306 0880
307 0040
308 1000
309 0082
310 1000
311 0400
312 0400
313 0008
314 4000
315 0040
316 0044
317 8000
318 4000
319 0400
320 4000
321 1000
322 0100
323 0204
324 0002
325 0020
326 0180
327 4400
328 0002
329 8000
330 0090
331 0006
332 0090
333 4000
334 0040
335 0020
336 1020
337 2008
338 0400
339 8800
340 8010
341 0400
342 0040
343 0400
344 0101
345 0002
346 0001
347 0440
348 0100
349 2010
350 0400
351 0404
352 0202
353 2000
354 8000
355 0020
356 0100
357 0008
358 0200
359 2020
360 0400
361 0002
362 0410
363 0044
364 0400
365 0880
366 0202
367 0001
368 0040
369 0001
370 0001
371 4000
372 0002
373 0020
374 0004
375 0001
376 4020
377 0800
378 4000
379 0008
380 0020
381 0200
382 2000
383 0c00
384 9000
385 0008
386 0100
387 0002
388 4000
389 0040
390 0040
391 0002
392 0008
393 0002
394 0100
395 0008
396 0600
397 0088
398 0040
399 0800
400 1000
401 4000
402 8040
403 8000
404 0810
405 0020
406 0100
407 0200
408 8000
409 0001
410 0100
411 0002
412 0002
413 0001
414 0810
415 0010
416 0500
417 0080
418 4000
419 4000
420 0204
421 4000
422 0080
423 1000
424 8008
425 1000
426 0008
427 0008
428 0014
429 0200
430 8000
431 0002
432 0400
433 8400
434 0800
435 2000
436 0004
437 0001
438 0020
439 0004
440 0010
441 0080
442 4020
443 0004
444 1000
445 0a00
446 0800
447 0400
448 0001
449 0800
450 0104
451 0020
452 0808
453 0040
454 0012
455 0200
456 0028
457 0020
458 2000
459 0100
460 8001
461 0100
462 0100
463 4000
464 0080
465 0001
466 0040
467 0042
468 0200
469 0200
470 0001
471 0003
472 0006
473 0012
474 0200
475 0022
476 0200
477 0009
478 0050
479 0010
480 0008
481 1000
482 0800
483 0100
484 8000
485 0010
486 0100
487 2000
488 0002
489 0080
490 0040
491 0100
492 0005
493 0020
494 0004
495 0008
496 0800
497 0204
498 0020
499 0010
500 c000
501 8000
502 0040
503 0002
504 0200
505 0200
506 0400
507 1000
508 0082
509 0008
510 0100
511 0008
512 0001
513 2000
514 0104
515 0400
516 4001
517 1001
518 0400
519 4000
520 0008
521 0004
522 0800
523 4000
524 c000
525 8000
526 0800
527 0200
528 0001
529 0808
530 2008
531 0800
532 0040
533 0800
534 0008
535 8040
536 2020
537 1002
538 0600
539 6000
540 0002
541 0020
542 0080
543 0800
544 0100
545 0800
546 0008
547 0020
548 0108
549 0800
550 0010
551 0004
552 000c
553 0040
554 0008
555 0020
556 0480
557 2000
558 3000
559 0040
560 1040
561 0021
562 0800
563 8000
564 0001
565 2000
566 2000
567 0010
568 0008
569 0020
570 0002
571 4000
572 0040
573 0004
574 1000
575 0100
576 2200
577 0008
578 2000
579 0402
580 0140
581 0008
582 1040
583 4080
584 0002
585 0005
586 0101
587 0200
588 0800
589 2000
590 1000
591 2000
592 8000
593 0104
594 0008
595 4080
596 0200
597 0100
598 0081
599 2000
600 1040
601 0080
602 0208
603 0040
604 8040
605 0002
606 1000
607 0008
608 0044
609 0004
610 8000
611 0010
612 0008
613 0040
614 0010
615 2001
616 0400
617 0010
618 0100
619 0004
620 0042
621 0082
622 4100
623 0020
624 0001
625 0004
626 0002
627 8100
628 1000
629 2800
630 0200
631 0004
632 0004
633 1000
634 0200
635 2000
636 0400
637 0040
638 3000
639 8000
640 4000
641 0001
642 0040
643 0020
644 0200
645 2000
646 0480
647 4000
648 0080
649 8000
650 8200
651 0400
652 0020
653 1000
654 0200
655 2000
656 1010
657 0040
658 0004
659 8000
660 0004
661 0080
662 0002
663 0004
664 2001
665 0400
666 0010
667 0110
668 8000
669 0404
670 0008
671 0002
672 4200
673 0080
674 0010
675 0600
676 1000
677 0440
678 0100
679 0020
680 0800
681 0024
682 0040
683 8010
684 0240
685 0088
686 8000
687 0001
688 1004
689 0080
690 0800
691 0082
692 0500
693 0042
694 0001
695 0002
696 8000
697 0400
698 0010
699 0080
700 9000
701 0800
702 a000
703 0004
704 8080
705 0200
706 0200
707 0002
708 0200
709 0004
710 0280
711 0400
712 1010
713 1400
714 0001
715 0101
716 0008
717 2000
718 0040
719 0048
720 0001
721 0080
722 0002
723 0010
724 4000
725 0008
726 0005
727 0008
728 2000
729 8000
730 0200
731 8000
732 0100
733 0001
734 0100
735 0800
736 0008
737 0010
738 0044
739 0042
740 0800
741 0104
742 1000
743 0100
744 4000
745 0180
746 0020
747 0040
748 1200
749 0008
750 0040
751 0004
752 8010
753 8000
754 0050
755 1000
756 0011
757 2800
758 0002
759 0200
760 4010
761 0401
762 0040
763 0010
764 1000
765 2400
766 4000
767 0a00
768 0002
769 0002
770 0001
771 0480
772 2000
773 0400
774 000a
775 0800
776 0004
777 0100
778 9000
779 a000
780 0400
781 0001
782 1000
783 0080
784 0900
785 0020
786 0002
787 0840
788 0200
789 0008
790 0801
791 0008
792 0100
793 1002
794 0002
795 1010
796 0200
797 0100
798 0004
799 0800
800 1000
801 0060
802 0200
803 0008
804 8000
805 4004
806 4001
807 0440
808 0002
809 0002
810 0400
811 0900
812 1000
813 0400
814 0030
815 0080
816 0400
817 0030
818 0001
819 0808
820 0800
821 0080
822 0840
823 00c0
824 2000
825 0100
826 0088
827 1000
828 0001
829 8000
830 0040
831 4010
832 0080
833 0800
834 0800
835 0100
836 4400
837 0012
838 2100
839 0042
840 0080
841 0100
842 0001
843 0120
844 4000
845 0010
846 0080
847 0020
848 8000
849 0020
850 4000
851 0001
852 0020
853 4000
854 2000
855 0002
856 4800
857 0800
858 0020
859 8001
860 0020
861 8000
862 0010
863 4000
864 8000
865 2000
866 0040
867 00c0
868 0020
869 1001
870 0100
871 0900
872 0200
873 0300
874 1010
875 0400
876 1020
877 0400
878 8800
879 0002
880 0004
881 2010
882 0300
883 0200
884 0100
885 2000
886 0004
887 0001
888 4000
889 8000
890 0008
891 0120
892 4100
893 0400
894 4000
895 4020
896 0100
897 2080
898 0a00
899 8100
900 4040
901 0008
902 0100
903 0050
904 0040
905 0802
906 0020
907 1000
908 0800
909 0044
910 0020
911 0002
912 2000
913 0010
914 0400
915 0200
916 4000
917 0002
918 8000
919 0004
920 0010
921 4010
922 0002
923 4002
924 0040
925 0200
926 0200
927 0040
928 0001
929 8080
930 8000
931 0100
932 0100
933 8000
934 2000
935 0810
936 0100
937 0200
938 0800
939 2000
940 5000
941 0002
942 1010
943 0200
944 0080
945 0001
946 2000
947 2400
948 0404
949 0800
950 0800
951 0400
952 0001
953 1000
954 9000
955 0800
956 8000
957 0080
958 8000
959 0840
960 0006
961 0110
962 0080
963 0408
964 0801
965 8000
966 0080
967 1000
968 2000
969 2000
970 0008
971 2000
972 0030
973 0400
974 0020
975 0200
976 0020
977 0210
978 0001
979 0040
980 0020
981 0010
982 2000
983 0880
984 2000
985 0010
986 0104
987 0004
988 0020
989 4020
990 0100
991 0800
992 0004
993 0040
994 1000
995 2100
996 0200
997 0010
998 0008
999 0200
1000 0080
1001 1001
1002 8000
1003 0200
1004 0040
1005 4000
1006 2000
1007 0010
1008 0010
1009 4002
1010 0200
1011 4000
1012 0080
1013 4000
1014 0001
1015 0040
1016 0002
1017 0004
1018 8000
1019 0040
1020 0008
1021 8000
1022 0100
1023 0040
1024 0002
1025 2000
1026 0101
1027 0040
1028 8100
1029 0200
1030 1080
1031 2000
1032 0100
1033 0008
1034 0002
1035 0002
1036 0082
1037 0200
1038 0400
1039 8000
1040 2000
1041 0008
1042 0080
1043 0110
1044 0080
1045 0020
1046 0280
1047 0010
1048 0400
1049 0020
1050 4000
1051 0100
1052 0050
1053 0010
1054 0001
1055 4000
1056 0001
1057 0010
1058 0010
1059 2002
1060 0080
1061 0020
1062 0020
1063 0408
1064 0010
1065 0040
1066 1100
1067 0040
1068 4000
1069 2000
1070 0001
1071 4004
1072 8000
1073 0100
1074 0004
1075 0082
1076 0008
1077 8000
1078 0080
1079 0020
1080 8040
1081 0200
1082 0200
1083 0010
1084 0001
1085 0010
1086 0080
1087 0020
1088 0400
1089 0004
1090 0200
1091 0001
1092 0400
1093 0004
1094 0004
1095 0001
1096 0002
1097 0010
1098 0800
1099 4100
1100 4002
1101 0008
1102 8000
1103 0100
1104 0400
1105 8080
1106 0200
1107 0180
1108 5000
1109 0080
1110 0600
1111 1000
1112 1004
1113 1000
1114 8001
1115 0020
1116 0800
1117 0100
1118 2000
1119 0008
1120 0001
1121 0040
1122 0080
1123 0001
1124 0802
1125 0001
1126 0002
1127 1400
1128 1002
1129 0801
1130 0800
1131 0401
1132 0040
1133 0040
1134 a000
1135 0400
1136 0002
1137 0008
1138 8000
1139 0008
1140 0600
1141 2002
1142 0220
1143 0010
1144 0008
1145 0800
1146 0020
1147 8080
1148 0008
1149 0820
1150 0010
1151 4800
1152 4002
1153 0200
1154 0004
1155 0200
1156 2040
1157 0020
1158 4000
1159 0200
1160 0200
1161 0400
1162 2000
1163 0100
1164 4000
1165 0200
1166 0080
1167 2000
1168 0004
1169 0001
1170 0100
1171 0008
1172 0010
1173 0200
1174 0001
1175 8800
1176 8400
1177 8000
1178 0040
1179 0200
1180 0080
1181 0800
1182 0800
1183 1000
1184 0900
1185 0001
1186 0040
1187 0002
1188 0300
1189 0001
1190 2001
1191 0201
1192 0800
1193 0040
1194 8000
1195 0040
1196 0804
1197 0080
1198 0800
1199 0020
1200 0800
1201 2000
1202 000a
1203 0004
1204 0008
1205 0008
1206 0200
1207 6000
1208 4000
1209 8000
1210 8020
1211 0004
1212 0480
1213 0003
1214 2000
1215 0010
1216 4000
1217 0200
1218 000a
1219 0010
1220 0014
1221 0800
1222 0002
1223 0010
1224 0800
1225 0002
1226 0040
1227 0204
1228 0040
1229 0010
1230 0042
1231 0002
1232 0820
1233 8200
1234 0010
1235 1000
1236 2008
1237 4200
1238 0004
1239 0002
1240 8000
1241 2000
1242 8000
1243 1001
1244 0800
1245 0020
1246 0080
1247 0208
1248 0080
1249 0002
1250 4001
1251 0400
1252 4000
1253 1010
1254 0180
1255 0200
1256 4000
1257 0100
1258 0010
1259 1000
1260 0008
1261 0200
1262 0100
1263 0010
1264 2000
1265 0100
1266 0004
1267 0002
1268 0400
1269 0008
1270 0020
1271 0004
1272 4000
1273 1000
1274 1000
1275 0008
1276 0040
1277 0020
1278 0008
1279 0008
1280 0006
1281 0400
1282 0080
1283 0002
1284 0010
1285 2000
1286 0008
1287 0008
1288 0a00
1289 8800
1290 2004
1291 0400
1292 0108
1293 0001
1294 0090
1295 1000
1296 0040
1297 0002
1298 2000
1299 0201
1300 0040
1301 0800
1302 1000
1303 0002
1304 1000
1305 0140
1306 0004
1307 0004
1308 0400
1309 0010
1310 0001
1311 8000
1312 0004
1313 0200
1314 4002
1315 0040
1316 0008
1317 0a00
1318 0400
1319 0080
1320 0200
1321 8000
1322 4000
1323 0001
1324 0008
1325 0400
1326 8020
1327 0080
1328 0410
1329 0100
1330 0004
1331 0001
1332 1001
1333 0080
1334 0040
1335 0008
1336 0010
1337 0010
1338 0800
1339 0800
1340 0008
1341 0400
1342 0003
1343 0005
1344 0200
1345 0200
1346 0010
1347 2000
1348 0021
1349 0012
1350 0200
1351 0200
1352 8008
1353 0084
1354 0001
1355 0002
1356 0101
1357 0202
1358 8000
1359 0008
1360 0010
1361 4004
1362 000a
1363 0102
1364 0010
1365 1000
1366 0400
1367 0104
1368 0004
1369 0020
1370 6000
1371 0060
1372 0040
1373 8000
1374 8000
1375 2000
1376 0200
1377 8000
1378 0080
1379 0200
1380 0100
1381 2000
1382 0208
1383 0400
1384 0084
1385 0100
1386 0002
1387 0900
1388 0010
1389 1000
1390 0008
1391 0200
1392 1000
1393 0020
1394 0020
1395 0020
1396 0410
1397 0800
1398 4000
1399 0020
1400 0002
1401 4000
1402 0002
1403 1008
1404 2001
1405 1000
1406 0180
1407 0010
1408 0004
1409 1020
1410 0040
1411 0012
1412 000a
1413 2200
1414 0001
1415 0008
1416 0104
1417 0040
1418 0104
1419 0800
1420 4040
1421 0400
1422 0010
1423 0010
1424 0001
1425 9000
1426 0001
1427 2008
1428 0804
1429 8000
1430 0001
1431 0200
1432 1000
1433 1000
1434 4000
1435 0040
1436 0010
1437 2000
1438 1080
1439 0001
1440 0082
1441 0400
1442 0800
1443 0400
1444 0500
1445 0100
1446 1000
1447 8000
1448 c000
1449 0420
1450 0004
1451 0001
1452 0010
1453 0010
1454 4000
1455 0080
1456 0020
1457 0020
1458 0800
1459 0001
1460 2000
1461 0020
1462 2008
1463 0800
1464 9000
1465 0408
1466 2002
1467 0800
1468 4080
1469 2000
1470 4800
1471 0100
1472 0080
1473 0100
1474 0028
1475 0020
1476 0030
1477 0010
1478 0200
1479 0008
1480 0100
1481 0600
1482 0081
1483 0100
1484 0001
1485 00a0
1486 0800
1487 8200
1488 4000
1489 0100
1490 0002
1491 0080
1492 0004
1493 0200
1494 0400
1495 4000
1496 0004
1497 0140
1498 0010
1499 0008
1500 0002
1501 4000
1502 4000
1503 2100
1504 1040
1505 0008
1506 2000
1507 0400
1508 c000
1509 0800
1510 0200
1511 0180
1512 0002
1513 0100
1514 2000
1515 0500
1516 0804
1517 0200
1518 0002
1519 0800
1520 0100
1521 3000
1522 1000
1523 4000
1524 0080
1525 2400
1526 4000
1527 0010
1528 0080
1529 8000
1530 1000
1531 0440
1532 0800
1533 3000
1534 5000
1535 1040
1536 0210
1537 0300
1538 1000
1539 0020
1540 0010
1541 0002
1542 a000
1543 0400
1544 0020
1545 0200
1546 0008
1547 0220
1548 0040
1549 2000
1550 0110
1551 0040
1552 0020
1553 0004
1554 0004
1555 0040
1556 0400
1557 0002
1558 0040
1559 2020
1560 0100
1561 0004
1562 0400
1563 4000
1564 000a
1565 0800
1566 2000
1567 0001
1568 0008
1569 0020
1570 0040
1571 0008
1572 0100
1573 8000
1574 0004
1575 0200
1576 1000
1577 00c0
1578 0200
1579 4000
1580 4000
1581 4008
1582 0001
1583 0400
1584 0200
1585 2000
1586 8010
1587 2200
1588 0100
1589 0010
1590 0044
1591 0040
1592 8200
1593 0004
1594 0020
1595 0088
1596 0800
1597 0400
1598 00c0
1599 0008
1600 0020
1601 0080
1602 0120
1603 0008
1604 0100
1605 0005
1606 0010
1607 0001
1608 0040
1609 0880
1610 0002
1611 8100
1612 0004
1613 8000
1614 0400
1615 1000
1616 0001
1617 0004
1618 0100
1619 8002
1620 8000
1621 2000
1622 0040
1623 0802
1624 4000
1625 2000
1626 0002
1627 1000
1628 1001
1629 0002
1630 4080
1631 0800
1632 0100
1633 a000
1634 8000
1635 0004
1636 1400
1637 0200
1638 0140
1639 1000
1640 0120
1641 4000
1642 0008
1643 4400
1644 2000
1645 0400
1646 0100
1647 0001
1648 0810
1649 0101
1650 0041
1651 0040
1652 0010
1653 0100
1654 0012
1655 2000
1656 4000
1657 8000
1658 0808
1659 0400
1660 0020
1661 0020
1662 8100
1663 0014
1664 0004
1665 0010
1666 0080
1667 0040
1668 4001
1669 0004
1670 0081
1671 4020
1672 0010
1673 0200
1674 0100
1675 0008
1676 0200
1677 0100
1678 0100
1679 8000
1680 0002
1681 0020
1682 1000
1683 0800
1684 0200
1685 0020
1686 0008
1687 0002
1688 0004
1689 0010
1690 0080
1691 0400
1692 0100
1693 2010
1694 8000
1695 0010
1696 1008
1697 0100
1698 0004
1699 0800
1700 0004
1701 0180
1702 0050
1703 0100
1704 2000
1705 0800
1706 0808
1707 0400
1708 0802
1709 0100
1710 0200
1711 0008
1712 0808
1713 0080
1714 4000
1715 0001
1716 0200
1717 0800
1718 0020
1719 0800
1720 0400
1721 0012
1722 8000
1723 0400
1724 0002
1725 0420
1726 0200
1727 0001
1728 0080
1729 4000
1730 0010
1731 0004
1732 2200
1733 0008
1734 0802
1735 4000
1736 1002
1737 0002
1738 0010
1739 0020
1740 0800
1741 0008
1742 0400
1743 1004
1744 1000
1745 0010
1746 4000
1747 4080
1748 0001
1749 0041
1750 0001
1751 0040
1752 4000
1753 2000
1754 0800
1755 000c
1756 000a
1757 0040
1758 0040
1759 0040
1760 0040
1761 0008
1762 1000
1763 0100
1764 0080
1765 0800
1766 0800
1767 0100
1768 2000
1769 0080
1770 0002
1771 8000
1772 0021
1773 0020
1774 0200
1775 2000
1776 0200
1777 0020
1778 4000
1779 0004
1780 0440
1781 1000
1782 0480
1783 0002
1784 8000
1785 8020
1786 0440
1787 0004
1788 2080
1789 8000
1790 0020
1791 0004
1792 0080
1793 8000
1794 2002
1795 0040
1796 0008
1797 1400
1798 0003
1799 2010
1800 0200
1801 0004
1802 0010
1803 0600
1804 0002
1805 0041
1806 2000
1807 0004
1808 0008
1809 0004
1810 0040
1811 0001
1812 2000
1813 0200
1814 8000
1815 4000
1816 0002
1817 4000
1818 1020
1819 8001
1820 2000
1821 0004
1822 0010
1823 0100
1824 0040
1825 0004
1826 2010
1827 0010
1828 0001
1829 0002
1830 2000
1831 0001
1832 0100
1833 8000
1834 0800
1835 0008
1836 0041
1837 0100
1838 8000
1839 0040
1840 0300
1841 0008
1842 0200
1843 2008
1844 1000
1845 1000
1846 0200
1847 0002
1848 0100
1849 1004
1850 1000
1851 4000
1852 0020
1853 0050
1854 8001
1855 2010
1856 0040
1857 0010
1858 8000
1859 2000
1860 0100
1861 2000
1862 0002
1863 0020
1864 8000
1865 1000
1866 8040
1867 1010
1868 0080
1869 0008
1870 0081
1871 4000
1872 0002
1873 1000
1874 0010
1875 0008
1876 0040
1877 0100
1878 0800
1879 0480
1880 0002
1881 0002
1882 0020
1883 0001
1884 0200
1885 0400
1886 0400
1887 0080
1888 0020
1889 0400
1890 2020
1891 0010
1892 1000
1893 0001
1894 0800
1895 0110
1896 1000
1897 4080
1898 0100
1899 0040
1900 0008
1901 0004
1902 0800
1903 0001
1904 0100
1905 0800
1906 0008
1907 2200
1908 0800
1909 0002
1910 0040
1911 0040
1912 4000
1913 a000
1914 4000
1915 8000
1916 8000
1917 0004
1918 00a0
1919 0010
1920 0010
1921 2002
1922 0400
1923 0804
1924 0044
1925 0004
1926 0090
1927 0200
1928 0010
1929 0c00
1930 0040
1931 2800
1932 1000
1933 4000
1934 1000
1935 0002
1936 4000
1937 0200
1938 0004
1939 1000
1940 4000
1941 0001
1942 0200
1943 2000
1944 2000
1945 0010
1946 0002
1947 0020
1948 0800
1949 8000
1950 0200
1951 6000
1952 0008
1953 2000
1954 4000
1955 0042
1956 4000
1957 0008
1958 0200
1959 0204
1960 0002
1961 8000
1962 0002
1963 8000
1964 0010
1965 0400
1966 0400
1967 0040
1968 0080
1969 0001
1970 0001
1971 4000
1972 0080
1973 1000
1974 0020
1975 0008
1976 1000
1977 1000
1978 0400
1979 000c
1980 0003
1981 2000
1982 1000
1983 4000
1984 4000
1985 0400
1986 0040
1987 0004
1988 0400
1989 0001
1990 2002
1991 0002
1992 0001
1993 0200
1994 0008
1995 1000
1996 0080
1997 0200
1998 0200
1999 0200
2000 2000
2001 8000
2002 0c00
2003 0801
2004 0400
2005 8008
2006 0100
2007 4200
2008 0800
2009 0003
2010 0008
2011 4400
2012 0010
2013 1002
2014 0040
2015 0400
2016 2000
2017 0204
2018 0008
2019 0010
2020 0004
2021 1020
2022 0200
2023 0010
2024 0400
2025 0010
2026 000a
2027 0020
2028 0200
2029 0020
2030 0800
2031 0020
2032 0200
2033 0010
2034 0008
2035 0400
2036 0082
2037 0001
2038 4000
2039 4000
2040 0401
2041 0200
2042 0010
2043 0080
2044 0800
2045 0100
2046 0008
2047 4000
