0 0020
1 0800
2 0040
3 0020
4 0010
5 1000
6 0010
7 4000
8 0100
9 0020
10 0080
11 0008
12 2000
13 0002
14 8000
15 0010
16 0400
17 2000
18 0100
19 0008
20 1000
21 4000
22 2000
23 0020
24 1000
25 0020
26 0001
27 0020
28 0020
29 0010
30 0008
31 0100
32 2000
33 0080
34 0010
35 0008
36 0002
37 0800
38 8000
39 0010
40 0008
41 0080
42 0100
43 4000
44 0010
45 0008
46 0002
47 1000
48 0008
49 0020
50 0020
51 0040
52 0004
53 0080
54 0002
55 0800
56 0800
57 4000
58 0001
59 0001
60 0020
61 0800
62 0080
63 0200
64 0400
65 0400
66 0010
67 0020
68 0040
69 0004
70 4000
71 0008
72 0010
73 0800
74 0100
75 0010
76 0008
77 0040
78 0001
79 0200
80 0400
81 2000
82 0010
83 0800
84 0004
85 1000
86 2000
87 0400
88 0080
89 0010
90 0400
91 0002
92 0080
93 0020
94 0080
95 0100
96 0008
97 1000
98 0080
99 0800
100 4000
101 0020
102 0020
103 0100
104 0100
105 0080
106 8000
107 0010
108 0080
109 0002
110 2000
111 0040
112 0001
113 8000
114 0001
115 0400
116 0200
117 2000
118 0004
119 4000
120 4000
121 0002
122 0080
123 0080
124 8000
125 0008
126 0100
127 0200
128 0800
129 0008
130 8000
131 0010
132 0020
133 0200
134 2000
135 0100
136 0010
137 0400
138 0008
139 0010
140 0001
141 2000
142 0010
143 0002
144 0200
145 8000
146 4000
147 0008
148 1000
149 0080
150 0020
151 0200
152 0002
153 0008
154 0400
155 0800
156 0100
157 8000
158 8000
159 0100
160 0040
161 0002
162 0020
163 0200
164 0100
165 0100
166 0008
167 0008
168 0010
169 0400
170 0040
171 0002
172 0004
173 0020
174 0100
175 0002
176 0004
177 8000
178 0040
179 0080
180 0020
181 0080
182 0100
183 0004
184 0080
185 0400
186 0008
187 0200
188 0040
189 0010
190 0200
191 0080
192 0400
193 0800
194 0004
195 2000
196 1000
197 0010
198 0200
199 0400
200 0001
201 0008
202 0020
203 0040
204 0100
205 0080
206 0040
207 0400
208 0008
209 0080
210 0002
211 0080
212 0040
213 0080
214 0001
215 0020
216 0080
217 8000
218 1000
219 0080
220 0040
221 0100
222 2000
223 0100
224 0001
225 0001
226 0800
227 0100
228 0200
229 0010
230 2000
231 8000
232 0040
233 0200
234 0400
235 1000
236 0200
237 4000
238 1000
239 0001
240 0020
241 0002
242 2000
243 0001
244 0400
245 0010
246 0004
247 0020
248 0008
249 0020
250 0400
251 8000
252 1000
253 8000
254 0080
255 4000
256 0800
257 0010
258 0040
259 0080
260 0080
261 0200
262 0200
263 0800
264 0020
265 0020
266 2000
267 0010
268 0100
269 8000
270 2000
271 0001
272 0010
273 0004
274 0100
275 0400
276 0400
277 0040
278 0008
279 0020
280 0040
281 0100
282 0080
283 4000
284 1000
285 0004
286 0200
287 4000
288 0020
289 1000
290 1000
291 0400
292 1000
293 0800
294 0800
295 4000
296 0002
297 0010
298 0020
299 0020
300 0040
301 0800
302 0001
303 0040
304 0080
305 0001
306 0002
307 0400
308 0020
309 0040
310 0080
311 4000
312 0800
313 0400
314 0040
315 0010
316 0400
317 2000
318 0100
319 0200
320 0001
321 4000
322 8000
323 1000
324 8000
325 0100
326 0004
327 0001
328 0010
329 0002
330 0004
331 4000
332 0040
333 4000
334 8000
335 1000
336 0400
337 0020
338 0001
339 0002
340 0800
341 0400
342 2000
343 0400
344 0008
345 0010
346 0008
347 0800
348 0001
349 8000
350 4000
351 8000
352 0004
353 0080
354 0200
355 1000
356 0008
357 0200
358 0100
359 8000
360 0002
361 0001
362 0400
363 0010
364 1000
365 0080
366 2000
367 4000
368 0200
369 0080
370 0800
371 0010
372 2000
373 0004
374 0010
375 0200
376 0100
377 0008
378 0400
379 0001
380 0010
381 0200
382 0020
383 2000
384 2000
385 0400
386 1000
387 0008
388 0200
389 0010
390 1000
391 8000
392 0080
393 8000
394 0002
395 0020
396 2000
397 0800
398 8000
399 0040
400 0800
401 0100
402 0002
403 8000
404 0080
405 4000
406 2000
407 0800
408 0002
409 0002
410 0020
411 0001
412 2000
413 0800
414 0010
415 2000
416 0001
417 0080
418 0400
419 0008
420 0040
421 0002
422 2000
423 0200
424 0080
425 0001
426 0002
427 0008
428 0001
429 0020
430 0010
431 0100
432 0400
433 0400
434 0010
435 0001
436 0080
437 2000
438 4000
439 0200
440 0008
441 0200
442 0040
443 0040
444 0400
445 2000
446 0010
447 0020
448 0040
449 0020
450 0010
451 0080
452 0010
453 2000
454 4000
455 4000
456 8000
457 0200
458 0008
459 4000
460 0008
461 2000
462 2000
463 0100
464 0100
465 8000
466 2000
467 8000
468 0080
469 8000
470 0800
471 1000
472 0008
473 0040
474 0004
475 0004
476 0020
477 0004
478 0002
479 0400
480 0040
481 0010
482 0020
483 0004
484 0020
485 1000
486 0100
487 0020
488 0002
489 0008
490 0080
491 0100
492 8000
493 1000
494 1000
495 0020
496 8000
497 0004
498 0002
499 0001
500 2000
501 2000
502 0004
503 0800
504 8000
505 0800
506 0080
507 2000
508 0002
509 0100
510 8000
511 4000
512 0800
513 4000
514 0800
515 1000
516 0400
517 0100
518 0008
519 0002
520 1000
521 0040
522 0020
523 1000
524 0400
525 0001
526 8000
527 0001
528 0002
529 0004
530 0004
531 1000
532 0100
533 0040
534 0100
535 0010
536 0020
537 0080
538 0400
539 0100
540 0080
541 0020
542 0020
543 1000
544 0010
545 0100
546 0200
547 0008
548 0010
549 4000
550 8000
551 1000
552 0080
553 0400
554 0008
555 1000
556 0100
557 0010
558 0010
559 0004
560 0080
561 0004
562 0080
563 0400
564 8000
565 2000
566 0400
567 4000
568 0001
569 8000
570 0400
571 0008
572 0040
573 0020
574 0080
575 4000
576 0004
577 0010
578 8000
579 1000
580 0200
581 8000
582 0800
583 0001
584 0100
585 0020
586 0200
587 0800
588 0010
589 0800
590 0001
591 0400
592 1000
593 0002
594 4000
595 0002
596 1000
597 0010
598 8000
599 0040
600 0004
601 0001
602 0800
603 0010
604 0001
605 0004
606 0004
607 0001
608 0080
609 0004
610 0100
611 0800
612 0040
613 8000
614 0002
615 0200
616 0400
617 0100
618 0800
619 0004
620 0020
621 0100
622 8000
623 0002
624 2000
625 0040
626 2000
627 0200
628 0080
629 2000
630 0001
631 2000
632 0004
633 2000
634 0001
635 0400
636 0400
637 0800
638 2000
639 8000
640 0004
641 1000
642 0080
643 0200
644 4000
645 0010
646 4000
647 1000
648 0010
649 0001
650 0100
651 0040
652 0400
653 4000
654 0040
655 0040
656 0020
657 0100
658 0001
659 4000
660 8000
661 4000
662 0400
663 0001
664 4000
665 0008
666 0001
667 0800
668 0400
669 0200
670 0020
671 1000
672 0020
673 0800
674 0800
675 0080
676 0002
677 0002
678 0008
679 0010
680 4000
681 0020
682 8000
683 0001
684 0200
685 0002
686 0001
687 2000
688 0008
689 0001
690 0200
691 0001
692 0800
693 0800
694 1000
695 0001
696 0004
697 0004
698 0200
699 0800
700 0002
701 0008
702 0020
703 1000
704 4000
705 0400
706 0100
707 0008
708 0400
709 0800
710 0200
711 0020
712 0010
713 0040
714 1000
715 0080
716 0002
717 0008
718 0100
719 0100
720 0020
721 0040
722 0080
723 1000
724 2000
725 1000
726 8000
727 4000
728 2000
729 8000
730 0020
731 0400
732 0004
733 2000
734 0004
735 0080
736 0008
737 0010
738 0020
739 0800
740 0020
741 0100
742 0200
743 0400
744 0100
745 0200
746 0020
747 4000
748 0001
749 0400
750 0002
751 0001
752 1000
753 0100
754 0080
755 0800
756 0040
757 0100
758 1000
759 0004
760 0020
761 0001
762 0100
763 0800
764 1000
765 0010
766 0010
767 8000
768 0400
769 0008
770 1000
771 0800
772 4000
773 0004
774 0200
775 2000
776 0008
777 0100
778 0100
779 0001
780 0002
781 4000
782 0004
783 2000
784 0001
785 0400
786 4000
787 0008
788 0008
789 8000
790 2000
791 8000
792 0004
793 4000
794 2000
795 0001
796 8000
797 2000
798 0200
799 0002
800 0010
801 0040
802 0400
803 2000
804 8000
805 0400
806 0800
807 0020
808 0008
809 0200
810 2000
811 0002
812 2000
813 0100
814 1000
815 1000
816 0020
817 0400
818 0400
819 2000
820 0100
821 2000
822 0002
823 0004
824 0008
825 0020
826 0008
827 4000
828 4000
829 1000
830 0008
831 2000
832 2000
833 0400
834 0040
835 0020
836 0008
837 0100
838 2000
839 0004
840 4000
841 0010
842 8000
843 4000
844 0200
845 0800
846 0001
847 0040
848 0800
849 0080
850 0400
851 8000
852 0010
853 0010
854 8000
855 8000
856 4000
857 1000
858 2000
859 4000
860 0200
861 0001
862 0400
863 0020
864 2000
865 0002
866 8000
867 0100
868 0400
869 1000
870 0004
871 0800
872 0020
873 0020
874 0040
875 0080
876 0010
877 0100
878 2000
879 1000
880 0800
881 0080
882 0200
883 2000
884 0010
885 1000
886 0100
887 4000
888 0020
889 0008
890 0080
891 2000
892 0010
893 0080
894 4000
895 0040
896 8000
897 0200
898 4000
899 0080
900 2000
901 0020
902 0400
903 1000
904 0020
905 0001
906 0100
907 0004
908 0800
909 0010
910 8000
911 0001
912 0040
913 1000
914 0020
915 4000
916 0020
917 0001
918 4000
919 0040
920 0008
921 0040
922 0800
923 0010
924 0008
925 0080
926 0400
927 0010
928 0010
929 0200
930 4000
931 0020
932 0200
933 8000
934 0100
935 0020
936 0080
937 0001
938 0001
939 0800
940 8000
941 0040
942 0400
943 0020
944 2000
945 0002
946 2000
947 0004
948 8000
949 0004
950 1000
951 0010
952 0010
953 0002
954 1000
955 4000
956 4000
957 0400
958 0010
959 0010
960 0080
961 8000
962 0004
963 0400
964 0040
965 0200
966 0001
967 0008
968 0008
969 0080
970 0001
971 1000
972 0010
973 2000
974 0100
975 0200
976 0080
977 0002
978 0200
979 0040
980 8000
981 0008
982 0040
983 0001
984 8000
985 0400
986 1000
987 0002
988 2000
989 0010
990 0010
991 0020
992 0800
993 1000
994 0008
995 0100
996 0800
997 0004
998 1000
999 0004
1000 0002
1001 0020
1002 0020
1003 0001
1004 0020
1005 0010
1006 0100
1007 0400
1008 0020
1009 0200
1010 4000
1011 0010
1012 0400
1013 2000
1014 8000
1015 0080
1016 0080
1017 2000
1018 0001
1019 0008
1020 0008
1021 0001
1022 1000
1023 0020
1024 0001
1025 0400
1026 0040
1027 0002
1028 0800
1029 0020
1030 0040
1031 0008
1032 0080
1033 0100
1034 0010
1035 0001
1036 0001
1037 0004
1038 0020
1039 0004
1040 0010
1041 0800
1042 0400
1043 0100
1044 0010
1045 0800
1046 0004
1047 0080
1048 2000
1049 0001
1050 0002
1051 0800
1052 0002
1053 4000
1054 0100
1055 0002
1056 0100
1057 1000
1058 0004
1059 4000
1060 0040
1061 0800
1062 0004
1063 0008
1064 0008
1065 2000
1066 0001
1067 0001
1068 8000
1069 0080
1070 2000
1071 0001
1072 0800
1073 0001
1074 0020
1075 0004
1076 0800
1077 0010
1078 1000
1079 4000
1080 0010
1081 4000
1082 1000
1083 0010
1084 0080
1085 0002
1086 0800
1087 0004
1088 4000
1089 8000
1090 0100
1091 0002
1092 0004
1093 0010
1094 4000
1095 0400
1096 0002
1097 0400
1098 0040
1099 2000
1100 0020
1101 0004
1102 0400
1103 0001
1104 1000
1105 0001
1106 2000
1107 0020
1108 0004
1109 0200
1110 0400
1111 0020
1112 0040
1113 0004
1114 0200
1115 0004
1116 1000
1117 0200
1118 0020
1119 0002
1120 0080
1121 0020
1122 0004
1123 0001
1124 0200
1125 0200
1126 4000
1127 0200
1128 0040
1129 0004
1130 0001
1131 0002
1132 0002
1133 0010
1134 0010
1135 0800
1136 0040
1137 8000
1138 0002
1139 0002
1140 2000
1141 1000
1142 8000
1143 0800
1144 0080
1145 0400
1146 0080
1147 4000
1148 4000
1149 0200
1150 0010
1151 0800
1152 0800
1153 0400
1154 0004
1155 0008
1156 1000
1157 0010
1158 0200
1159 0100
1160 2000
1161 0020
1162 0001
1163 0100
1164 0010
1165 0400
1166 0800
1167 0020
1168 0010
1169 8000
1170 0200
1171 0001
1172 0008
1173 0100
1174 0100
1175 1000
1176 2000
1177 0010
1178 0010
1179 0200
1180 0800
1181 0008
1182 0001
1183 0008
1184 0010
1185 0020
1186 4000
1187 4000
1188 1000
1189 4000
1190 0002
1191 0080
1192 4000
1193 4000
1194 1000
1195 2000
1196 4000
1197 0004
1198 0002
1199 8000
1200 4000
1201 0008
1202 1000
1203 0400
1204 4000
1205 0001
1206 0008
1207 0080
1208 0800
1209 1000
1210 0800
1211 0800
1212 0040
1213 0008
1214 0002
1215 0100
1216 0001
1217 0001
1218 0002
1219 0080
1220 0200
1221 1000
1222 1000
1223 0002
1224 0200
1225 8000
1226 0001
1227 0040
1228 0080
1229 0020
1230 0080
1231 0800
1232 1000
1233 0800
1234 0002
1235 1000
1236 0002
1237 0200
1238 0001
1239 0100
1240 0800
1241 0200
1242 0020
1243 0800
1244 1000
1245 0200
1246 0020
1247 1000
1248 0010
1249 0800
1250 0002
1251 0004
1252 0004
1253 0008
1254 0100
1255 0010
1256 8000
1257 1000
1258 0100
1259 0400
1260 0020
1261 0001
1262 0020
1263 8000
1264 0400
1265 0001
1266 0400
1267 0010
1268 1000
1269 0040
1270 0080
1271 0002
1272 0002
1273 0400
1274 4000
1275 0100
1276 0400
1277 0100
1278 1000
1279 4000
1280 0001
1281 0008
1282 0001
1283 0010
1284 0400
1285 0008
1286 1000
1287 0200
1288 0004
1289 0400
1290 0010
1291 8000
1292 2000
1293 8000
1294 0040
1295 0400
1296 0800
1297 0040
1298 0040
1299 0800
1300 0004
1301 0001
1302 2000
1303 0080
1304 0008
1305 0040
1306 0002
1307 0020
1308 0004
1309 4000
1310 0004
1311 0020
1312 8000
1313 8000
1314 2000
1315 0080
1316 8000
1317 0001
1318 8000
1319 0002
1320 0400
1321 0002
1322 0002
1323 0080
1324 0004
1325 0020
1326 0100
1327 0002
1328 0400
1329 0080
1330 0200
1331 0010
1332 0001
1333 0008
1334 2000
1335 0800
1336 0100
1337 0200
1338 2000
1339 1000
1340 0008
1341 0010
1342 8000
1343 0020
1344 0080
1345 0002
1346 0100
1347 4000
1348 0010
1349 0002
1350 2000
1351 0020
1352 0080
1353 2000
1354 0800
1355 0100
1356 0020
1357 0020
1358 8000
1359 0008
1360 0008
1361 8000
1362 4000
1363 2000
1364 0002
1365 2000
1366 0002
1367 4000
1368 0001
1369 0040
1370 8000
1371 0100
1372 0080
1373 4000
1374 1000
1375 0004
1376 0800
1377 1000
1378 4000
1379 0200
1380 0004
1381 0004
1382 2000
1383 0800
1384 2000
1385 2000
1386 0010
1387 0004
1388 0200
1389 0008
1390 0080
1391 0008
1392 0800
1393 4000
1394 4000
1395 1000
1396 8000
1397 0100
1398 0080
1399 2000
1400 0100
1401 0080
1402 0400
1403 8000
1404 0010
1405 0020
1406 0200
1407 8000
1408 0100
1409 2000
1410 0020
1411 8000
1412 2000
1413 0002
1414 1000
1415 0200
1416 0008
1417 0200
1418 0020
1419 0010
1420 0100
1421 0020
1422 0400
1423 8000
1424 0008
1425 0040
1426 8000
1427 0200
1428 0080
1429 0040
1430 0010
1431 0080
1432 0800
1433 0400
1434 0800
1435 0800
1436 0002
1437 0004
1438 0200
1439 0800
1440 0100
1441 0200
1442 0800
1443 0400
1444 4000
1445 0800
1446 0200
1447 0008
1448 0010
1449 0040
1450 4000
1451 4000
1452 0001
1453 0008
1454 0001
1455 0020
1456 0200
1457 0080
1458 4000
1459 0004
1460 0010
1461 4000
1462 0100
1463 8000
1464 0004
1465 0100
1466 4000
1467 0010
1468 0080
1469 1000
1470 0800
1471 4000
1472 0200
1473 0020
1474 0004
1475 8000
1476 4000
1477 0020
1478 0200
1479 0080
1480 0001
1481 0040
1482 0040
1483 1000
1484 0020
1485 0800
1486 0100
1487 2000
1488 4000
1489 0002
1490 0010
1491 2000
1492 0020
1493 0080
1494 0400
1495 0001
1496 0010
1497 0002
1498 0004
1499 4000
1500 0040
1501 0200
1502 0008
1503 0200
1504 0080
1505 4000
1506 0004
1507 0010
1508 0400
1509 0002
1510 0002
1511 0010
1512 8000
1513 0040
1514 0001
1515 8000
1516 1000
1517 0002
1518 0001
1519 0002
1520 0040
1521 0010
1522 4000
1523 0100
1524 0800
1525 0200
1526 0020
1527 0002
1528 1000
1529 0200
1530 0400
1531 0040
1532 0040
1533 0004
1534 8000
1535 0800
1536 0020
1537 0010
1538 0001
1539 0008
1540 0100
1541 0200
1542 0200
1543 0010
1544 0100
1545 4000
1546 0002
1547 0040
1548 2000
1549 4000
1550 0001
1551 0200
1552 2000
1553 0008
1554 0001
1555 0020
1556 0100
1557 0040
1558 0008
1559 0002
1560 0100
1561 1000
1562 8000
1563 4000
1564 0100
1565 0004
1566 0004
1567 0002
1568 0008
1569 0010
1570 0100
1571 8000
1572 8000
1573 0001
1574 0010
1575 0200
1576 0010
1577 0800
1578 1000
1579 0100
1580 0100
1581 0002
1582 0400
1583 0004
1584 0800
1585 0010
1586 0020
1587 2000
1588 0040
1589 0100
1590 0080
1591 1000
1592 0004
1593 0080
1594 0001
1595 0200
1596 2000
1597 0002
1598 0200
1599 0400
1600 0008
1601 0400
1602 0080
1603 0001
1604 0080
1605 0400
1606 0800
1607 4000
1608 0010
1609 0400
1610 0008
1611 0010
1612 0002
1613 0010
1614 0010
1615 0020
1616 0004
1617 0004
1618 0001
1619 0200
1620 0080
1621 0010
1622 0100
1623 1000
1624 0040
1625 0100
1626 8000
1627 0002
1628 2000
1629 8000
1630 0002
1631 0040
1632 0020
1633 0004
1634 0800
1635 8000
1636 0800
1637 0010
1638 0002
1639 4000
1640 0080
1641 0040
1642 8000
1643 8000
1644 0400
1645 0004
1646 8000
1647 0004
1648 0800
1649 4000
1650 0400
1651 2000
1652 0400
1653 0400
1654 0002
1655 0008
1656 0010
1657 0010
1658 0004
1659 0010
1660 0040
1661 0001
1662 0010
1663 0008
1664 0002
1665 8000
1666 0100
1667 1000
1668 1000
1669 0080
1670 0002
1671 0020
1672 0100
1673 0008
1674 0100
1675 2000
1676 0040
1677 0800
1678 0080
1679 0002
1680 0200
1681 2000
1682 8000
1683 0100
1684 0004
1685 4000
1686 0400
1687 0080
1688 1000
1689 0001
1690 2000
1691 0008
1692 0004
1693 0010
1694 0200
1695 0100
1696 0080
1697 0001
1698 0400
1699 4000
1700 0400
1701 0010
1702 0400
1703 0010
1704 0200
1705 0400
1706 2000
1707 0008
1708 4000
1709 0100
1710 8000
1711 0080
1712 4000
1713 0100
1714 1000
1715 0400
1716 0100
1717 0002
1718 1000
1719 0080
1720 0004
1721 0040
1722 4000
1723 0020
1724 0800
1725 0002
1726 0002
1727 0800
1728 4000
1729 8000
1730 0008
1731 0004
1732 0400
1733 0020
1734 8000
1735 0010
1736 0400
1737 8000
1738 0020
1739 0200
1740 4000
1741 0400
1742 8000
1743 0200
1744 0040
1745 0010
1746 0200
1747 0010
1748 0010
1749 8000
1750 0100
1751 0008
1752 8000
1753 0200
1754 0100
1755 8000
1756 0400
1757 0002
1758 0020
1759 2000
1760 0040
1761 0001
1762 0004
1763 0400
1764 8000
1765 0400
1766 0010
1767 0008
1768 0100
1769 0001
1770 0010
1771 0400
1772 1000
1773 0080
1774 0080
1775 8000
1776 0001
1777 0002
1778 2000
1779 0400
1780 0100
1781 0010
1782 0100
1783 0800
1784 0040
1785 0800
1786 0010
1787 0008
1788 0200
1789 0004
1790 8000
1791 2000
1792 2000
1793 8000
1794 2000
1795 8000
1796 4000
1797 0080
1798 0001
1799 0100
1800 0001
1801 0020
1802 4000
1803 0040
1804 0001
1805 0400
1806 0010
1807 0100
1808 4000
1809 0200
1810 0100
1811 0100
1812 8000
1813 0008
1814 0080
1815 0002
1816 1000
1817 0200
1818 0002
1819 0800
1820 0002
1821 0020
1822 0400
1823 0010
1824 0001
1825 0020
1826 0020
1827 8000
1828 0100
1829 2000
1830 0008
1831 0004
1832 0004
1833 1000
1834 0001
1835 0080
1836 1000
1837 0004
1838 1000
1839 0040
1840 0008
1841 1000
1842 0002
1843 2000
1844 4000
1845 2000
1846 0800
1847 0800
1848 0020
1849 0200
1850 0002
1851 0800
1852 8000
1853 0040
1854 0010
1855 0800
1856 0001
1857 0001
1858 0001
1859 1000
1860 0001
1861 0800
1862 0001
1863 0002
1864 0800
1865 0080
1866 0010
1867 1000
1868 2000
1869 0008
1870 0008
1871 0100
1872 1000
1873 1000
1874 0800
1875 0001
1876 0002
1877 0040
1878 1000
1879 0004
1880 1000
1881 8000
1882 1000
1883 0800
1884 4000
1885 4000
1886 8000
1887 8000
1888 0400
1889 8000
1890 0008
1891 1000
1892 0400
1893 0200
1894 1000
1895 0002
1896 0100
1897 0002
1898 8000
1899 4000
1900 0004
1901 0004
1902 0004
1903 0010
1904 0040
1905 0100
1906 4000
1907 0400
1908 0010
1909 1000
1910 0002
1911 0001
1912 0010
1913 8000
1914 8000
1915 1000
1916 0001
1917 0008
1918 4000
1919 0002
1920 0080
1921 0040
1922 0020
1923 1000
1924 4000
1925 0002
1926 0100
1927 4000
1928 0008
1929 0010
1930 8000
1931 0002
1932 0800
1933 2000
1934 4000
1935 0004
1936 8000
1937 0001
1938 0400
1939 1000
1940 0400
1941 0010
1942 0800
1943 0800
1944 0100
1945 0001
1946 0100
1947 1000
1948 0004
1949 0100
1950 0400
1951 0400
1952 0010
1953 0020
1954 0080
1955 0800
1956 0020
1957 0001
1958 0800
1959 0100
1960 0020
1961 0080
1962 0020
1963 0020
1964 0001
1965 0080
1966 0400
1967 0001
1968 0004
1969 1000
1970 0004
1971 2000
1972 0040
1973 0800
1974 0004
1975 0001
1976 0400
1977 0400
1978 0040
1979 0008
1980 0020
1981 0080
1982 0001
1983 1000
1984 0008
1985 8000
1986 0400
1987 2000
1988 0100
1989 0800
1990 0020
1991 0001
1992 0800
1993 0004
1994 0001
1995 0100
1996 0400
1997 0001
1998 0001
1999 0200
2000 4000
2001 1000
2002 1000
2003 0010
2004 0080
2005 0008
2006 0008
2007 0020
2008 0400
2009 0080
2010 0040
2011 0400
2012 2000
2013 0004
2014 1000
2015 1000
2016 0100
2017 0100
2018 0010
2019 0200
2020 0800
2021 0001
2022 0040
2023 0001
2024 0008
2025 0080
2026 0800
2027 0400
2028 0002
2029 0020
2030 4000
2031 0800
2032 0040
2033 0010
2034 0010
2035 8000
2036 0008
2037 8000
2038 0040
2039 0100
2040 0001
2041 0010
2042 1000
2043 4000
2044 0400
2045 0008
2046 0002
2047 0008
