0 0010
1 0040
2 0200
3 4000
4 0100
5 2000
6 2000
7 0400
8 0010
9 0400
10 0010
11 0080
12 2000
13 4000
14 0008
15 0002
16 0010
17 8000
18 0008
19 0080
20 4000
21 0010
22 0100
23 0040
24 0200
25 0002
26 0020
27 0001
28 0020
29 0020
30 0200
31 0040
32 0004
33 0001
34 0002
35 0004
36 0002
37 1000
38 0080
39 0100
40 0004
41 0001
42 0020
43 0020
44 0040
45 0020
46 0080
47 0001
48 1000
49 0008
50 0010
51 0004
52 1000
53 0400
54 2000
55 0001
56 0200
57 1000
58 0800
59 0040
60 0008
61 0200
62 0020
63 0400
64 2000
65 0001
66 0200
67 0004
68 0010
69 2000
70 1000
71 0002
72 0080
73 0001
74 0010
75 0080
76 8000
77 0080
78 0800
79 0010
80 0200
81 0020
82 0001
83 0100
84 0008
85 8000
86 0002
87 0008
88 0010
89 0001
90 0008
91 2000
92 8000
93 0080
94 0800
95 0040
96 0040
97 0100
98 0100
99 4000
100 4000
101 0200
102 0004
103 8000
104 4000
105 0002
106 0200
107 2000
108 8000
109 0010
110 1000
111 1000
112 4000
113 0020
114 0001
115 0010
116 0200
117 0002
118 0020
119 0008
120 0020
121 1000
122 0020
123 0400
124 0010
125 0001
126 0010
127 8000
128 8000
129 1000
130 0080
131 0010
132 0001
133 0800
134 2000
135 0400
136 0008
137 0010
138 0004
139 0002
140 0200
141 0800
142 8000
143 0002
144 0008
145 8000
146 2000
147 0004
148 0020
149 0400
150 0020
151 0002
152 0080
153 1000
154 0004
155 0800
156 0200
157 0004
158 4000
159 0400
160 0200
161 0200
162 0080
163 8000
164 0010
165 0002
166 0001
167 1000
168 8000
169 0040
170 4000
171 0400
172 0040
173 0020
174 0001
175 0080
176 0001
177 0020
178 0020
179 0010
180 8000
181 0008
182 0400
183 0004
184 0080
185 0400
186 0400
187 0002
188 0004
189 0020
190 0800
191 0001
192 0001
193 8000
194 0002
195 0020
196 0004
197 0010
198 2000
199 1000
200 0001
201 0100
202 0800
203 1000
204 0020
205 0020
206 2000
207 0001
208 0008
209 0008
210 0020
211 0200
212 8000
213 0001
214 0004
215 0008
216 1000
217 0010
218 0040
219 0080
220 0001
221 8000
222 0020
223 1000
224 0400
225 0200
226 8000
227 0040
228 0004
229 2000
230 4000
231 0001
232 0010
233 0400
234 2000
235 4000
236 8000
237 0800
238 0004
239 0100
240 0800
241 0400
242 2000
243 0040
244 4000
245 2000
246 0010
247 0002
248 0800
249 0020
250 0004
251 8000
252 1000
253 2000
254 0010
255 0002
256 0004
257 8000
258 8000
259 0800
260 0080
261 0080
262 1000
263 4000
264 0010
265 0020
266 8000
267 2000
268 0400
269 0020
270 0008
271 0020
272 0001
273 8000
274 1000
275 0004
276 0400
277 0400
278 0020
279 0200
280 0020
281 1000
282 1000
283 4000
284 0001
285 0040
286 0020
287 0200
288 0010
289 0008
290 0010
291 2000
292 1000
293 0040
294 0001
295 0008
296 0004
297 4000
298 8000
299 1000
300 0400
301 0001
302 0200
303 0020
304 0004
305 0200
306 4000
307 0080
308 0080
309 0400
310 0200
311 2000
312 0040
313 0400
314 4000
315 2000
316 1000
317 0008
318 0001
319 0100
320 2000
321 0800
322 1000
323 0800
324 4000
325 0080
326 0002
327 0001
328 0400
329 0800
330 1000
331 0008
332 0100
333 4000
334 0020
335 0100
336 0001
337 2000
338 8000
339 8000
340 2000
341 0008
342 0002
343 4000
344 0004
345 0800
346 0800
347 1000
348 0800
349 0020
350 2000
351 0200
352 0200
353 0040
354 0040
355 0004
356 0080
357 0010
358 0040
359 2000
360 0400
361 0002
362 0080
363 0020
364 0200
365 0020
366 0008
367 0800
368 0010
369 0008
370 2000
371 0040
372 0400
373 8000
374 2000
375 0100
376 0008
377 0800
378 0400
379 0400
380 0100
381 0200
382 0020
383 0001
384 0020
385 0200
386 0800
387 0040
388 0400
389 0010
390 0200
391 1000
392 0002
393 0001
394 0002
395 0020
396 0040
397 1000
398 0040
399 0100
400 0100
401 4000
402 0400
403 1000
404 0004
405 0008
406 8000
407 0080
408 0800
409 0800
410 0200
411 0010
412 2000
413 0080
414 0040
415 0004
416 1000
417 0040
418 8000
419 0800
420 1000
421 0001
422 0010
423 0100
424 0080
425 0020
426 0200
427 0080
428 0010
429 0002
430 0200
431 0040
432 0002
433 0004
434 0002
435 0400
436 1000
437 0020
438 0008
439 0008
440 8000
441 0010
442 0001
443 0008
444 4000
445 2000
446 0800
447 0040
448 8000
449 0100
450 0200
451 0020
452 0001
453 0008
454 0800
455 0800
456 8000
457 0004
458 0100
459 0100
460 0100
461 0010
462 0200
463 0010
464 0040
465 0001
466 1000
467 0400
468 1000
469 4000
470 0010
471 0100
472 1000
473 0800
474 0008
475 4000
476 1000
477 8000
478 0200
479 0010
480 0800
481 0100
482 8000
483 1000
484 4000
485 4000
486 2000
487 2000
488 0001
489 0002
490 0004
491 0004
492 0002
493 0040
494 0200
495 0020
496 4000
497 0010
498 0004
499 4000
500 0800
501 0200
502 0008
503 0040
504 0001
505 0040
506 2000
507 2000
508 2000
509 0040
510 0008
511 0004
512 0001
513 8000
514 0100
515 0040
516 0400
517 0800
518 1000
519 8000
520 0200
521 8000
522 0080
523 4000
524 8000
525 0800
526 0020
527 0080
528 0020
529 4000
530 0001
531 0010
532 0010
533 0100
534 0800
535 1000
536 0200
537 0080
538 0001
539 0004
540 0004
541 4000
542 0400
543 0002
544 1000
545 1000
546 0002
547 0800
548 0080
549 0010
550 0004
551 0100
552 1000
553 0010
554 0010
555 0008
556 1000
557 0080
558 0040
559 0800
560 0800
561 0200
562 8000
563 0002
564 8000
565 0400
566 0001
567 0080
568 4000
569 0004
570 0010
571 0080
572 1000
573 0800
574 8000
575 4000
576 4000
577 0002
578 0100
579 0800
580 4000
581 4000
582 0080
583 0040
584 0020
585 1000
586 0200
587 0004
588 0080
589 0800
590 4000
591 0010
592 4000
593 8000
594 0100
595 0100
596 0010
597 0040
598 0800
599 0004
600 0010
601 1000
602 0040
603 0800
604 1000
605 0010
606 0200
607 1000
608 0200
609 0020
610 0008
611 0080
612 0001
613 0008
614 0008
615 0004
616 0080
617 0010
618 0020
619 0100
620 0100
621 0040
622 0040
623 4000
624 0008
625 0080
626 0040
627 0004
628 0200
629 0020
630 1000
631 0020
632 0002
633 0008
634 0020
635 0008
636 0001
637 0200
638 0004
639 0020
640 0400
641 0020
642 1000
643 0200
644 0001
645 1000
646 0008
647 0200
648 0040
649 0100
650 0800
651 4000
652 0010
653 0040
654 0002
655 0010
656 0010
657 0002
658 0010
659 0020
660 0004
661 0004
662 8000
663 0100
664 1000
665 0040
666 4000
667 0008
668 2000
669 0001
670 0004
671 0001
672 0080
673 0001
674 0800
675 0100
676 0008
677 0200
678 0200
679 0040
680 0200
681 0001
682 8000
683 0004
684 2000
685 0020
686 0080
687 0800
688 0100
689 2000
690 0020
691 0400
692 0002
693 0040
694 0800
695 1000
696 0040
697 0040
698 0080
699 1000
700 0004
701 0002
702 0020
703 0800
704 1000
705 0200
706 0400
707 8000
708 0400
709 0001
710 0008
711 0004
712 4000
713 0008
714 0040
715 8000
716 0004
717 0010
718 0100
719 8000
720 0010
721 4000
722 0008
723 0400
724 0008
725 4000
726 1000
727 1000
728 0800
729 0100
730 0004
731 0004
732 0001
733 0001
734 0002
735 0020
736 0020
737 0020
738 0100
739 8000
740 0800
741 0400
742 0400
743 0100
744 0002
745 0200
746 8000
747 0800
748 0010
749 0002
750 0002
751 0004
752 0004
753 0200
754 0010
755 2000
756 0020
757 4000
758 0200
759 0040
760 0002
761 0020
762 0800
763 0020
764 0100
765 0010
766 0008
767 0020
768 2000
769 0400
770 1000
771 8000
772 0800
773 2000
774 0010
775 0020
776 4000
777 0400
778 0008
779 0040
780 0020
781 0400
782 0001
783 0001
784 0100
785 0020
786 0002
787 0100
788 0001
789 4000
790 0400
791 0020
792 0004
793 0100
794 0800
795 0010
796 0002
797 1000
798 0400
799 8000
800 0400
801 0002
802 0020
803 0200
804 1000
805 2000
806 2000
807 0400
808 8000
809 4000
810 0020
811 0080
812 0100
813 0040
814 0008
815 0400
816 0200
817 0100
818 2000
819 0010
820 8000
821 0400
822 4000
823 0002
824 4000
825 0010
826 0200
827 0100
828 0040
829 0002
830 0008
831 0400
832 2000
833 0800
834 8000
835 0004
836 0002
837 0400
838 0008
839 0001
840 1000
841 0040
842 0020
843 0001
844 0004
845 0001
846 0040
847 4000
848 2000
849 0002
850 0040
851 0020
852 0002
853 0004
854 8000
855 0001
856 8000
857 0020
858 0020
859 0200
860 0800
861 0040
862 4000
863 0010
864 0008
865 0002
866 0020
867 0400
868 0200
869 1000
870 2000
871 1000
872 0400
873 8000
874 8000
875 1000
876 0002
877 0800
878 0008
879 0400
880 0100
881 4000
882 0002
883 0020
884 4000
885 2000
886 0040
887 0001
888 0040
889 0004
890 0002
891 4000
892 0008
893 1000
894 0002
895 0080
896 0100
897 2000
898 0008
899 8000
900 0200
901 0040
902 0200
903 0008
904 0010
905 0400
906 0040
907 2000
908 0800
909 0200
910 1000
911 0400
912 4000
913 0800
914 8000
915 0001
916 0020
917 8000
918 4000
919 0800
920 8000
921 0800
922 0020
923 0100
924 0100
925 0080
926 0200
927 4000
928 8000
929 0080
930 0001
931 8000
932 0100
933 0020
934 0002
935 8000
936 0002
937 0200
938 0001
939 0080
940 0800
941 1000
942 0002
943 0010
944 0040
945 0400
946 0008
947 0200
948 0080
949 0800
950 4000
951 8000
952 4000
953 2000
954 0200
955 2000
956 0002
957 4000
958 0002
959 0080
960 0001
961 1000
962 0004
963 0008
964 8000
965 0010
966 1000
967 8000
968 0008
969 0020
970 0008
971 0010
972 0010
973 0008
974 0008
975 0200
976 0200
977 8000
978 8000
979 0002
980 0004
981 0400
982 8000
983 0400
984 0020
985 0001
986 0800
987 0800
988 2000
989 0002
990 0004
991 0100
992 0001
993 0010
994 0020
995 0002
996 0004
997 0200
998 0010
999 0400
1000 0080
1001 0800
1002 0020
1003 4000
1004 0010
1005 0004
1006 0010
1007 1000
1008 0008
1009 0200
1010 2000
1011 1000
1012 0800
1013 0020
1014 0400
1015 4000
1016 0001
1017 8000
1018 0800
1019 0002
1020 0100
1021 8000
1022 0080
1023 0020
1024 0002
1025 0800
1026 0040
1027 0008
1028 0040
1029 0004
1030 0010
1031 0040
1032 8000
1033 0200
1034 0200
1035 0008
1036 2000
1037 0080
1038 0020
1039 0004
1040 2000
1041 0020
1042 0100
1043 0040
1044 0001
1045 0004
1046 8000
1047 0100
1048 0020
1049 0100
1050 0010
1051 4000
1052 0010
1053 0080
1054 2000
1055 0001
1056 0040
1057 0040
1058 0100
1059 0002
1060 0200
1061 0200
1062 0200
1063 0100
1064 0200
1065 0002
1066 0001
1067 0800
1068 0002
1069 0800
1070 0080
1071 0002
1072 4000
1073 0400
1074 0002
1075 0002
1076 0040
1077 0200
1078 0080
1079 0020
1080 0800
1081 0200
1082 0200
1083 0400
1084 0001
1085 0200
1086 0100
1087 0010
1088 0002
1089 1000
1090 0010
1091 0100
1092 0008
1093 0020
1094 1000
1095 1000
1096 0800
1097 0200
1098 0100
1099 0004
1100 8000
1101 0800
1102 0010
1103 0002
1104 0100
1105 0800
1106 2000
1107 0800
1108 0002
1109 8000
1110 0080
1111 0001
1112 0040
1113 0400
1114 0100
1115 0200
1116 0001
1117 0002
1118 8000
1119 0020
1120 0004
1121 0004
1122 0004
1123 0008
1124 0001
1125 0800
1126 0020
1127 0200
1128 0008
1129 0001
1130 0020
1131 0010
1132 0010
1133 0800
1134 4000
1135 0080
1136 8000
1137 8000
1138 0010
1139 0040
1140 0040
1141 0002
1142 0010
1143 0200
1144 0010
1145 0200
1146 0100
1147 0400
1148 0400
1149 1000
1150 0800
1151 0002
1152 0080
1153 0080
1154 0008
1155 0040
1156 0100
1157 0010
1158 0008
1159 4000
1160 0001
1161 1000
1162 2000
1163 0400
1164 0004
1165 0400
1166 0080
1167 0400
1168 0080
1169 4000
1170 2000
1171 4000
1172 1000
1173 0080
1174 1000
1175 0400
1176 0400
1177 4000
1178 8000
1179 0008
1180 0010
1181 0004
1182 0100
1183 0800
1184 0800
1185 4000
1186 0020
1187 4000
1188 0100
1189 0004
1190 8000
1191 0100
1192 0800
1193 0001
1194 0200
1195 0020
1196 0001
1197 0400
1198 0800
1199 1000
1200 0800
1201 2000
1202 0040
1203 0080
1204 0800
1205 0001
1206 0040
1207 0200
1208 0800
1209 0004
1210 0008
1211 0020
1212 0040
1213 0040
1214 0080
1215 2000
1216 0400
1217 2000
1218 0002
1219 0100
1220 0040
1221 0400
1222 0010
1223 0002
1224 4000
1225 2000
1226 1000
1227 0002
1228 0010
1229 0020
1230 0004
1231 0080
1232 0001
1233 0800
1234 4000
1235 0100
1236 0004
1237 0800
1238 0008
1239 0008
1240 0010
1241 0020
1242 0400
1243 0008
1244 0002
1245 8000
1246 0800
1247 2000
1248 0010
1249 0400
1250 0004
1251 0020
1252 0008
1253 0001
1254 0400
1255 0040
1256 1000
1257 0008
1258 0008
1259 0020
1260 8000
1261 0080
1262 2000
1263 4000
1264 2000
1265 2000
1266 2000
1267 1000
1268 4000
1269 0040
1270 0400
1271 1000
1272 0200
1273 0008
1274 0001
1275 8000
1276 1000
1277 0800
1278 0002
1279 8000
1280 0004
1281 0001
1282 0100
1283 2000
1284 0020
1285 2000
1286 0002
1287 0010
1288 4000
1289 0008
1290 0001
1291 0020
1292 0040
1293 0002
1294 8000
1295 4000
1296 0001
1297 0040
1298 0400
1299 0004
1300 0020
1301 1000
1302 0001
1303 0100
1304 0200
1305 2000
1306 0040
1307 2000
1308 0008
1309 4000
1310 2000
1311 0008
1312 0400
1313 0008
1314 0040
1315 0100
1316 0800
1317 2000
1318 0008
1319 0080
1320 0040
1321 0400
1322 0400
1323 4000
1324 0001
1325 4000
1326 0002
1327 0040
1328 0004
1329 4000
1330 1000
1331 0100
1332 0200
1333 0020
1334 0200
1335 0080
1336 0800
1337 0400
1338 2000
1339 0002
1340 1000
1341 0080
1342 2000
1343 0800
1344 8000
1345 0200
1346 0004
1347 0020
1348 0010
1349 0008
1350 8000
1351 0080
1352 0020
1353 2000
1354 0200
1355 0200
1356 0100
1357 0001
1358 0001
1359 0080
1360 0008
1361 2000
1362 0100
1363 1000
1364 4000
1365 0040
1366 0080
1367 0100
1368 0008
1369 4000
1370 0020
1371 0040
1372 1000
1373 8000
1374 4000
1375 0020
1376 0002
1377 2000
1378 1000
1379 0400
1380 0008
1381 0002
1382 0040
1383 0004
1384 0080
1385 0004
1386 1000
1387 8000
1388 0001
1389 0010
1390 0010
1391 0008
1392 0020
1393 0040
1394 0008
1395 0010
1396 0800
1397 0001
1398 0200
1399 2000
1400 0400
1401 0020
1402 0010
1403 0001
1404 0100
1405 0020
1406 0004
1407 0010
1408 0040
1409 0080
1410 0800
1411 0080
1412 2000
1413 0800
1414 4000
1415 0080
1416 0400
1417 0020
1418 0100
1419 0001
1420 0002
1421 0004
1422 0100
1423 0002
1424 0100
1425 0100
1426 0200
1427 4000
1428 1000
1429 0004
1430 0800
1431 0004
1432 0008
1433 0200
1434 0400
1435 0004
1436 4000
1437 0004
1438 0004
1439 1000
1440 0001
1441 0200
1442 0400
1443 2000
1444 0004
1445 0400
1446 0800
1447 0040
1448 0002
1449 2000
1450 8000
1451 0002
1452 8000
1453 2000
1454 4000
1455 8000
1456 0001
1457 0001
1458 0040
1459 2000
1460 0020
1461 0080
1462 0200
1463 0800
1464 2000
1465 0020
1466 0400
1467 0080
1468 0800
1469 4000
1470 8000
1471 0080
1472 0800
1473 8000
1474 0800
1475 8000
1476 0080
1477 4000
1478 0400
1479 0080
1480 0020
1481 8000
1482 1000
1483 0004
1484 0200
1485 0010
1486 2000
1487 4000
1488 1000
1489 0004
1490 0400
1491 0040
1492 4000
1493 0004
1494 0004
1495 8000
1496 0040
1497 0004
1498 0010
1499 0080
1500 0800
1501 0002
1502 2000
1503 0004
1504 0001
1505 0001
1506 0010
1507 0010
1508 0400
1509 0800
1510 0010
1511 0004
1512 0100
1513 0002
1514 0001
1515 8000
1516 0020
1517 0004
1518 0020
1519 0001
1520 0008
1521 2000
1522 0002
1523 0010
1524 0200
1525 0020
1526 0800
1527 0080
1528 4000
1529 0010
1530 0100
1531 0200
1532 1000
1533 0020
1534 1000
1535 0008
1536 0040
1537 4000
1538 0200
1539 0100
1540 1000
1541 0020
1542 0010
1543 0800
1544 0004
1545 0004
1546 0800
1547 0100
1548 0040
1549 0002
1550 0010
1551 0800
1552 0001
1553 0040
1554 0010
1555 0010
1556 0080
1557 0080
1558 1000
1559 8000
1560 0100
1561 0001
1562 1000
1563 1000
1564 0020
1565 0008
1566 0080
1567 0100
1568 0800
1569 0001
1570 0002
1571 0200
1572 0100
1573 0100
1574 4000
1575 1000
1576 0040
1577 0040
1578 0008
1579 0001
1580 0080
1581 0002
1582 2000
1583 8000
1584 4000
1585 0400
1586 0008
1587 0010
1588 4000
1589 0080
1590 0800
1591 8000
1592 4000
1593 0002
1594 0800
1595 0002
1596 2000
1597 4000
1598 4000
1599 0004
1600 8000
1601 0080
1602 4000
1603 4000
1604 0200
1605 1000
1606 0200
1607 1000
1608 0002
1609 2000
1610 0200
1611 8000
1612 0004
1613 0080
1614 0080
1615 0008
1616 0040
1617 0400
1618 8000
1619 0010
1620 0100
1621 0080
1622 0400
1623 0002
1624 0100
1625 0001
1626 4000
1627 0001
1628 0004
1629 2000
1630 0008
1631 0020
1632 2000
1633 0010
1634 0040
1635 0800
1636 0008
1637 1000
1638 4000
1639 0001
1640 0200
1641 0080
1642 0800
1643 0002
1644 2000
1645 0010
1646 0080
1647 4000
1648 0020
1649 0008
1650 2000
1651 0004
1652 0200
1653 0080
1654 0008
1655 0100
1656 2000
1657 0010
1658 8000
1659 0080
1660 0200
1661 0400
1662 8000
1663 8000
1664 0100
1665 0080
1666 0001
1667 1000
1668 0100
1669 0001
1670 0800
1671 0004
1672 0008
1673 8000
1674 0010
1675 0080
1676 0004
1677 0040
1678 0200
1679 0040
1680 0400
1681 0200
1682 0800
1683 2000
1684 0100
1685 0020
1686 0010
1687 1000
1688 0100
1689 0100
1690 8000
1691 4000
1692 0020
1693 0080
1694 1000
1695 0002
1696 0020
1697 0001
1698 0040
1699 0002
1700 0200
1701 0400
1702 0001
1703 0008
1704 4000
1705 0040
1706 0800
1707 0004
1708 0010
1709 0010
1710 0020
1711 0040
1712 8000
1713 0010
1714 0040
1715 0002
1716 0001
1717 1000
1718 0001
1719 0010
1720 0004
1721 0020
1722 2000
1723 0100
1724 0001
1725 0002
1726 0004
1727 0200
1728 8000
1729 4000
1730 0004
1731 0004
1732 0400
1733 0100
1734 0001
1735 0040
1736 0080
1737 0010
1738 0001
1739 1000
1740 0400
1741 2000
1742 0800
1743 0001
1744 4000
1745 0010
1746 0800
1747 0002
1748 0400
1749 0002
1750 2000
1751 0002
1752 0400
1753 0001
1754 0200
1755 0400
1756 0800
1757 0008
1758 2000
1759 8000
1760 0400
1761 0080
1762 0008
1763 8000
1764 1000
1765 0800
1766 0010
1767 0004
1768 0100
1769 0100
1770 0008
1771 8000
1772 1000
1773 0040
1774 2000
1775 0200
1776 4000
1777 0400
1778 0040
1779 0001
1780 0400
1781 1000
1782 8000
1783 0080
1784 0080
1785 0800
1786 0800
1787 0008
1788 0020
1789 4000
1790 0002
1791 0800
1792 0800
1793 0010
1794 2000
1795 0200
1796 0002
1797 0008
1798 0800
1799 0001
1800 0100
1801 0100
1802 0008
1803 0008
1804 0100
1805 0200
1806 1000
1807 0200
1808 0008
1809 0002
1810 0100
1811 1000
1812 0400
1813 0001
1814 0200
1815 0010
1816 0100
1817 0020
1818 0004
1819 0800
1820 0800
1821 4000
1822 1000
1823 0020
1824 0020
1825 0020
1826 0040
1827 0200
1828 0080
1829 0008
1830 0002
1831 8000
1832 0008
1833 0004
1834 0100
1835 4000
1836 0001
1837 8000
1838 0200
1839 0040
1840 0001
1841 0020
1842 0002
1843 0100
1844 0002
1845 4000
1846 0400
1847 0001
1848 0100
1849 0100
1850 0004
1851 1000
1852 0001
1853 0400
1854 0400
1855 0020
1856 2000
1857 0800
1858 0080
1859 0020
1860 0400
1861 0004
1862 0010
1863 0008
1864 0010
1865 0001
1866 0001
1867 0800
1868 4000
1869 0004
1870 0800
1871 0008
1872 0080
1873 0800
1874 0040
1875 0002
1876 4000
1877 0040
1878 0008
1879 0040
1880 2000
1881 0800
1882 0100
1883 0040
1884 0080
1885 0100
1886 8000
1887 1000
1888 0010
1889 0001
1890 0040
1891 8000
1892 1000
1893 0040
1894 0008
1895 0010
1896 0040
1897 0200
1898 0080
1899 0001
1900 0800
1901 0800
1902 0800
1903 0100
1904 0100
1905 0020
1906 4000
1907 0200
1908 0004
1909 0010
1910 0010
1911 0040
1912 0100
1913 0400
1914 0200
1915 0040
1916 0002
1917 0400
1918 0080
1919 0400
1920 0100
1921 0200
1922 0001
1923 4000
1924 0100
1925 1000
1926 0400
1927 4000
1928 0100
1929 0010
1930 4000
1931 0080
1932 8000
1933 0020
1934 0008
1935 8000
1936 0080
1937 0020
1938 0008
1939 4000
1940 2000
1941 0001
1942 0004
1943 0020
1944 1000
1945 4000
1946 0020
1947 2000
1948 0800
1949 0002
1950 1000
1951 0800
1952 0004
1953 0010
1954 0800
1955 0080
1956 0020
1957 0080
1958 0001
1959 1000
1960 0001
1961 0020
1962 0001
1963 8000
1964 0400
1965 0010
1966 1000
1967 4000
1968 0001
1969 8000
1970 1000
1971 2000
1972 0010
1973 0040
1974 0008
1975 0040
1976 2000
1977 0010
1978 0020
1979 0020
1980 1000
1981 0001
1982 8000
1983 0100
1984 2000
1985 0800
1986 0004
1987 0400
1988 0200
1989 4000
1990 0100
1991 0080
1992 2000
1993 1000
1994 0040
1995 0400
1996 0400
1997 0400
1998 1000
1999 2000
2000 0200
2001 0400
2002 0002
2003 8000
2004 0040
2005 8000
2006 0002
2007 0002
2008 0004
2009 2000
2010 0010
2011 0100
2012 0010
2013 0200
2014 0001
2015 0004
2016 0200
2017 0004
2018 0100
2019 0040
2020 2000
2021 0100
2022 0004
2023 0004
2024 0001
2025 4000
2026 4000
2027 0800
2028 8000
2029 0004
2030 0008
2031 0400
2032 0100
2033 1000
2034 0004
2035 4000
2036 2000
2037 8000
2038 0400
2039 0004
2040 4000
2041 0002
2042 4000
2043 0010
2044 0001
2045 0100
2046 8000
2047 0080
