0 0022
1 0042
2 4010
3 0018
4 0300
5 0088
6 2010
7 a000
8 0440
9 2100
10 1002
11 2200
12 1200
13 0081
14 0024
15 000a
16 2004
17 0030
18 2002
19 8001
20 000c
21 0102
22 0012
23 0003
24 1008
25 0022
26 2004
27 0042
28 0880
29 0041
30 0021
31 8080
32 0408
33 0410
34 0048
35 4008
36 0012
37 0108
38 0048
39 0021
40 0c00
41 0110
42 4004
43 2200
44 8080
45 0600
46 0088
47 00c0
48 8008
49 0088
50 4200
51 0060
52 0140
53 8800
54 0180
55 2004
56 0801
57 0101
58 8200
59 0006
60 4004
61 00a0
62 8040
63 0300
64 1800
65 a000
66 0120
67 a000
68 0012
69 0088
70 0201
71 1010
72 0202
73 4001
74 3000
75 0220
76 4002
77 0404
78 0101
79 8010
80 0240
81 0022
82 0900
83 000c
84 1010
85 2040
86 0014
87 0300
88 0024
89 0050
90 0024
91 0102
92 0090
93 0009
94 0042
95 0240
96 1400
97 0084
98 1800
99 0240
100 0021
101 2020
102 0104
103 0440
104 0088
105 0042
106 1040
107 0401
108 2080
109 1002
110 0840
111 2001
112 0021
113 0808
114 2200
115 2040
116 0440
117 0480
118 0208
119 1010
120 0021
121 2008
122 0c00
123 4004
124 0408
125 0c00
126 1008
127 0880
128 0880
129 0041
130 4080
131 0220
132 0028
133 2002
134 0900
135 2080
136 0050
137 8100
138 0440
139 0208
140 0041
141 0088
142 9000
143 0201
144 1020
145 1008
146 1800
147 0804
148 0006
149 1020
150 0440
151 0081
152 2080
153 0012
154 0120
155 0082
156 0804
157 0050
158 0402
159 1100
160 0003
161 9000
162 a000
163 0006
164 0050
165 0014
166 0240
167 8400
168 0600
169 1001
170 0880
171 2020
172 0018
173 0048
174 0011
175 4200
176 4004
177 2200
178 0108
179 0101
180 8002
181 1400
182 1004
183 6000
184 2200
185 0804
186 2800
187 0050
188 0102
189 0440
190 0110
191 0420
192 2080
193 1008
194 0201
195 9000
196 00a0
197 0082
198 2080
199 8001
200 0808
201 0003
202 2080
203 2008
204 0402
205 4020
206 2002
207 0011
208 8001
209 0600
210 0060
211 2400
212 0480
213 000a
214 0201
215 8010
216 4400
217 0012
218 0280
219 4200
220 0018
221 0048
222 0401
223 0018
224 00c0
225 0410
226 0410
227 4004
228 8800
229 4008
230 1008
231 2002
232 0300
233 2010
234 00a0
235 0801
236 1008
237 0024
238 0024
239 1002
240 0044
241 0060
242 0021
243 0101
244 0102
245 0088
246 8800
247 5000
248 9000
249 1002
250 2200
251 0014
252 c000
253 0084
254 2002
255 8800
256 0808
257 0c00
258 0440
259 1008
260 5000
261 0028
262 0410
263 8100
264 0042
265 1004
266 0300
267 0180
268 0030
269 0410
270 0088
271 0030
272 0030
273 0208
274 2010
275 a000
276 0480
277 0018
278 4100
279 0110
280 0880
281 4080
282 8400
283 0410
284 0009
285 0480
286 00c0
287 00a0
288 0024
289 8020
290 0240
291 0820
292 4100
293 0280
294 2010
295 8001
296 1008
297 4020
298 1001
299 8800
300 0006
301 0820
302 0101
303 8004
304 1080
305 2100
306 2040
307 0042
308 0404
309 0802
310 0028
311 8040
312 2008
313 2040
314 0088
315 1001
316 0404
317 0003
318 0440
319 2004
320 0204
321 00c0
322 4001
323 4080
324 0090
325 1100
326 2400
327 0044
328 0021
329 0011
330 8010
331 0600
332 5000
333 0201
334 2400
335 0820
336 0028
337 0c00
338 8002
339 0028
340 4200
341 a000
342 0201
343 0003
344 0408
345 0201
346 8800
347 1400
348 8004
349 4200
350 0022
351 2020
352 4008
353 0900
354 2400
355 0210
356 0110
357 1004
358 1002
359 0900
360 8020
361 00a0
362 2010
363 8010
364 2001
365 00a0
366 0804
367 000c
368 000a
369 0028
370 0060
371 2200
372 0500
373 0024
374 4001
375 2002
376 1400
377 1080
378 0060
379 1080
380 0021
381 4100
382 1100
383 4010
384 4400
385 1002
386 4100
387 2200
388 0028
389 1100
390 0202
391 000c
392 0801
393 4020
394 0808
395 2100
396 0104
397 2010
398 8004
399 0204
400 0018
401 0404
402 8010
403 4800
404 8008
405 2100
406 2001
407 1200
408 0030
409 0404
410 4100
411 1002
412 000a
413 0808
414 4040
415 000c
416 2800
417 4040
418 0048
419 2020
420 4010
421 8020
422 4200
423 2001
424 0808
425 0401
426 0012
427 8100
428 5000
429 a000
430 0600
431 0c00
432 2800
433 8040
434 0408
435 0804
436 0820
437 0050
438 0810
439 6000
440 0804
441 1200
442 0018
443 0120
444 0060
445 0081
446 0810
447 4080
448 8008
449 6000
450 2010
451 1400
452 00a0
453 0108
454 2800
455 8200
456 0050
457 0420
458 0820
459 4400
460 4008
461 0820
462 0028
463 4400
464 0012
465 4001
466 0201
467 0120
468 1080
469 0041
470 8100
471 0c00
472 2400
473 6000
474 8010
475 1002
476 0810
477 9000
478 c000
479 0810
480 2080
481 000c
482 0240
483 0021
484 0808
485 0201
486 0030
487 0104
488 0090
489 0220
490 8800
491 0240
492 8002
493 1100
494 2100
495 8010
496 0802
497 0208
498 0808
499 1002
500 4002
501 0120
502 0220
503 4100
504 00a0
505 4040
506 0c00
507 8400
508 0082
509 0005
510 1008
511 5000
512 1001
513 4040
514 0900
515 0240
516 00c0
517 8010
518 0101
519 0120
520 0110
521 0410
522 1010
523 1004
524 2400
525 0012
526 0082
527 0101
528 0102
529 000c
530 0840
531 8004
532 0028
533 4001
534 8020
535 2400
536 4800
537 1020
538 0a00
539 1008
540 2010
541 1004
542 00c0
543 4800
544 4004
545 0108
546 0204
547 4080
548 4002
549 0048
550 00a0
551 0410
552 5000
553 2001
554 0014
555 0480
556 1040
557 0210
558 1080
559 0030
560 4080
561 1004
562 1200
563 4400
564 0240
565 4001
566 8002
567 0090
568 0048
569 000a
570 2020
571 8100
572 2080
573 8080
574 c000
575 0090
576 0801
577 0024
578 1020
579 0a00
580 2100
581 0003
582 0030
583 4800
584 2010
585 0208
586 0018
587 0300
588 2400
589 8010
590 8800
591 1001
592 0012
593 5000
594 1002
595 0202
596 4010
597 1002
598 6000
599 0082
600 4020
601 1001
602 4100
603 0048
604 0802
605 0808
606 0140
607 0003
608 1001
609 1002
610 0a00
611 1008
612 0220
613 0801
614 00a0
615 0084
616 1002
617 0202
618 2002
619 0021
620 0a00
621 0220
622 1001
623 8020
624 0030
625 2002
626 0104
627 0110
628 8200
629 0300
630 0420
631 0220
632 0500
633 0600
634 1400
635 2080
636 4002
637 4001
638 0c00
639 1040
640 0009
641 0801
642 0420
643 1100
644 0005
645 0014
646 2002
647 0041
648 8800
649 0140
650 2004
651 2040
652 000c
653 0022
654 000c
655 0014
656 8400
657 2002
658 8004
659 8040
660 1400
661 0202
662 0404
663 0120
664 8400
665 8200
666 0005
667 6000
668 0500
669 3000
670 8008
671 c000
672 0480
673 0120
674 0090
675 2002
676 0880
677 1800
678 1020
679 8010
680 000a
681 4800
682 1002
683 0006
684 0801
685 8002
686 1080
687 3000
688 0808
689 4200
690 4004
691 2020
692 2400
693 0011
694 0300
695 8080
696 2800
697 4001
698 8100
699 1080
700 0900
701 0480
702 0210
703 8200
704 4100
705 0028
706 2020
707 1020
708 0808
709 1020
710 0180
711 4400
712 0009
713 8080
714 00a0
715 0014
716 0804
717 0808
718 000a
719 8200
720 0120
721 0804
722 4080
723 1200
724 8010
725 4800
726 0041
727 0009
728 1200
729 4080
730 0410
731 0102
732 0804
733 4008
734 0090
735 0810
736 0280
737 2004
738 c000
739 0a00
740 0005
741 0048
742 00a0
743 0108
744 6000
745 4010
746 0024
747 2400
748 0030
749 2004
750 2040
751 0018
752 0280
753 0204
754 0600
755 0802
756 8200
757 0003
758 1400
759 0003
760 0140
761 4100
762 0820
763 0030
764 1002
765 4400
766 4040
767 8100
768 0220
769 0003
770 0900
771 0201
772 0104
773 0022
774 2020
775 0003
776 2040
777 0041
778 0500
779 0018
780 0500
781 8001
782 2100
783 0024
784 0009
785 0180
786 8001
787 0410
788 0018
789 9000
790 0500
791 0408
792 0820
793 8020
794 2040
795 0082
796 1004
797 1001
798 2020
799 0a00
800 0108
801 0084
802 2080
803 0810
804 4010
805 0018
806 0022
807 1010
808 0104
809 0081
810 0180
811 0900
812 0840
813 8001
814 2008
815 0042
816 00a0
817 0c00
818 0802
819 0006
820 2080
821 a000
822 2400
823 8002
824 0810
825 2400
826 2400
827 0012
828 0110
829 0044
830 4040
831 0012
832 8002
833 0300
834 3000
835 8002
836 0500
837 4100
838 1040
839 0081
840 0201
841 9000
842 0404
843 0420
844 1002
845 2001
846 0404
847 0202
848 4080
849 0402
850 0410
851 4400
852 0220
853 2200
854 4001
855 c000
856 4080
857 1020
858 0300
859 1020
860 1004
861 c000
862 0802
863 0082
864 5000
865 0108
866 0401
867 8004
868 0408
869 0022
870 4200
871 8008
872 0041
873 0300
874 0410
875 0180
876 8002
877 0120
878 0402
879 0220
880 2040
881 2004
882 8400
883 0090
884 0500
885 0090
886 1001
887 4080
888 0201
889 2002
890 0140
891 0110
892 0041
893 0014
894 0300
895 8040
896 2010
897 a000
898 4020
899 0201
900 0081
901 4200
902 0005
903 0210
904 4002
905 0900
906 8040
907 0880
908 1100
909 0102
910 000a
911 0408
912 0101
913 0030
914 8100
915 0108
916 0014
917 2001
918 1008
919 1020
920 0808
921 0202
922 6000
923 2800
924 0060
925 0202
926 8040
927 0050
928 0003
929 0101
930 0021
931 0003
932 2800
933 1010
934 3000
935 1008
936 1002
937 0804
938 0402
939 9000
940 1080
941 1004
942 4010
943 8800
944 0600
945 0018
946 0404
947 1400
948 0104
949 8040
950 0084
951 0024
952 0840
953 4010
954 1010
955 0042
956 0810
957 c000
958 0021
959 c000
960 00c0
961 0022
962 5000
963 0101
964 0048
965 8200
966 0801
967 4020
968 8800
969 0410
970 2400
971 0801
972 0104
973 0120
974 000c
975 1400
976 0050
977 0084
978 00a0
979 2800
980 0022
981 0028
982 0041
983 0408
984 0014
985 0084
986 0042
987 0014
988 0404
989 0041
990 8020
991 8001
992 0088
993 0404
994 0108
995 4020
996 0a00
997 0005
998 2400
999 0201
1000 4200
1001 1008
1002 0081
1003 0808
1004 1400
1005 0140
1006 2004
1007 1010
1008 8100
1009 0012
1010 0804
1011 0440
1012 2008
1013 0840
1014 0042
1015 4040
1016 0041
1017 2010
1018 4008
1019 8040
1020 4001
1021 1400
1022 0410
1023 0402
1024 0c00
1025 4400
1026 0021
1027 0048
1028 8004
1029 0011
1030 2800
1031 0018
1032 0009
1033 0014
1034 1008
1035 0006
1036 1002
1037 2400
1038 8008
1039 2002
1040 0880
1041 2001
1042 0041
1043 1001
1044 0402
1045 8100
1046 4020
1047 0022
1048 8400
1049 8010
1050 4080
1051 0804
1052 2004
1053 8002
1054 8004
1055 0808
1056 4010
1057 0820
1058 1040
1059 0402
1060 8002
1061 1001
1062 0140
1063 0005
1064 0081
1065 5000
1066 1100
1067 0404
1068 8004
1069 1200
1070 0104
1071 0012
1072 8001
1073 0480
1074 8080
1075 0820
1076 0005
1077 c000
1078 0802
1079 0028
1080 4002
1081 00c0
1082 2100
1083 0120
1084 2020
1085 0044
1086 4800
1087 4004
1088 0c00
1089 2004
1090 0880
1091 5000
1092 8002
1093 0108
1094 4008
1095 0204
1096 0104
1097 2100
1098 0300
1099 0011
1100 1001
1101 00a0
1102 1100
1103 00a0
1104 8004
1105 8020
1106 1200
1107 0402
1108 2001
1109 2002
1110 2010
1111 0208
1112 0090
1113 0804
1114 2080
1115 0101
1116 0120
1117 0042
1118 8400
1119 1040
1120 c000
1121 0021
1122 0204
1123 0210
1124 4010
1125 0804
1126 6000
1127 4020
1128 0003
1129 0820
1130 6000
1131 0021
1132 0880
1133 0060
1134 0440
1135 0104
1136 2001
1137 0030
1138 4200
1139 5000
1140 0804
1141 0042
1142 8020
1143 0a00
1144 0480
1145 8020
1146 0202
1147 0802
1148 0090
1149 2001
1150 0204
1151 0120
1152 0104
1153 0480
1154 8400
1155 0840
1156 0044
1157 0028
1158 0011
1159 0401
1160 4100
1161 1002
1162 4100
1163 0804
1164 4001
1165 3000
1166 0810
1167 0088
1168 0480
1169 4200
1170 0003
1171 1200
1172 4010
1173 8040
1174 0050
1175 2200
1176 0101
1177 0088
1178 2100
1179 8400
1180 0810
1181 0c00
1182 0102
1183 0220
1184 4008
1185 0030
1186 4080
1187 1002
1188 1002
1189 0500
1190 1040
1191 0440
1192 0084
1193 0410
1194 8200
1195 0208
1196 0500
1197 0108
1198 0140
1199 2800
1200 0402
1201 8010
1202 1004
1203 0440
1204 4040
1205 000a
1206 0003
1207 0220
1208 0028
1209 8100
1210 2100
1211 0140
1212 8004
1213 8400
1214 0180
1215 0220
1216 8004
1217 0108
1218 0028
1219 2080
1220 4010
1221 8010
1222 0808
1223 8200
1224 0900
1225 4008
1226 4008
1227 0102
1228 0024
1229 0050
1230 0101
1231 0820
1232 0101
1233 1004
1234 0102
1235 0060
1236 0140
1237 2080
1238 0042
1239 0082
1240 0110
1241 0102
1242 8800
1243 0204
1244 0120
1245 0011
1246 0084
1247 8080
1248 8002
1249 0240
1250 00c0
1251 0030
1252 1040
1253 1100
1254 0090
1255 0108
1256 0880
1257 9000
1258 2040
1259 0402
1260 000a
1261 4002
1262 8800
1263 0102
1264 8200
1265 0300
1266 0012
1267 8200
1268 0048
1269 0041
1270 1080
1271 0003
1272 0240
1273 2800
1274 8008
1275 2200
1276 0440
1277 4080
1278 8080
1279 0180
1280 2001
1281 8080
1282 0084
1283 0880
1284 0060
1285 5000
1286 4008
1287 1002
1288 0003
1289 0110
1290 2040
1291 4001
1292 0440
1293 8200
1294 0024
1295 4400
1296 1100
1297 2004
1298 1008
1299 2008
1300 0808
1301 1008
1302 5000
1303 0600
1304 8008
1305 5000
1306 0009
1307 4008
1308 0006
1309 2040
1310 0280
1311 0102
1312 2080
1313 0220
1314 0880
1315 1040
1316 8080
1317 2100
1318 0402
1319 0810
1320 4001
1321 8008
1322 0042
1323 0240
1324 0402
1325 8002
1326 00c0
1327 0410
1328 0201
1329 0110
1330 0210
1331 0500
1332 1200
1333 0081
1334 00c0
1335 8002
1336 0044
1337 0408
1338 2400
1339 8800
1340 4040
1341 a000
1342 1002
1343 8800
1344 0208
1345 1200
1346 4004
1347 0003
1348 8200
1349 8200
1350 1010
1351 0804
1352 0600
1353 0208
1354 8800
1355 4002
1356 0208
1357 2400
1358 0009
1359 0420
1360 5000
1361 1004
1362 0210
1363 0401
1364 8100
1365 0024
1366 0480
1367 4004
1368 8080
1369 0050
1370 2040
1371 0082
1372 9000
1373 0050
1374 0401
1375 8100
1376 2100
1377 1040
1378 0a00
1379 8002
1380 8004
1381 2800
1382 8800
1383 0410
1384 0003
1385 9000
1386 8002
1387 0011
1388 1040
1389 0300
1390 0801
1391 0202
1392 2040
1393 8008
1394 0021
1395 0840
1396 0060
1397 000a
1398 0820
1399 4010
1400 5000
1401 000a
1402 0280
1403 000c
1404 0108
1405 0600
1406 0808
1407 0500
1408 0420
1409 0500
1410 0820
1411 0180
1412 0041
1413 0840
1414 0060
1415 4004
1416 0408
1417 0204
1418 3000
1419 0c00
1420 1008
1421 0210
1422 0082
1423 8040
1424 1008
1425 0050
1426 2020
1427 0102
1428 2001
1429 0081
1430 0600
1431 0081
1432 8002
1433 5000
1434 2800
1435 0060
1436 9000
1437 0802
1438 8020
1439 4010
1440 0082
1441 4100
1442 4001
1443 0060
1444 8001
1445 0018
1446 1004
1447 4800
1448 8004
1449 0300
1450 1200
1451 4200
1452 4200
1453 a000
1454 0050
1455 0120
1456 4200
1457 0c00
1458 0c00
1459 1200
1460 8010
1461 0060
1462 8002
1463 000c
1464 0028
1465 6000
1466 8010
1467 2004
1468 1004
1469 8002
1470 9000
1471 0808
1472 000a
1473 2002
1474 4001
1475 0801
1476 1800
1477 1010
1478 1001
1479 0003
1480 1020
1481 1400
1482 000c
1483 4400
1484 4004
1485 0022
1486 0810
1487 2004
1488 8020
1489 0840
1490 0022
1491 0802
1492 0a00
1493 4010
1494 0018
1495 0801
1496 1010
1497 0202
1498 4004
1499 0024
1500 0201
1501 0210
1502 4010
1503 0011
1504 0240
1505 00a0
1506 8040
1507 8100
1508 0003
1509 4100
1510 a000
1511 1040
1512 0208
1513 0180
1514 9000
1515 8200
1516 1400
1517 0402
1518 0840
1519 0081
1520 2200
1521 0a00
1522 2020
1523 0820
1524 0044
1525 1001
1526 8080
1527 0021
1528 8020
1529 0210
1530 0028
1531 4800
1532 2008
1533 4040
1534 8002
1535 0180
1536 0108
1537 4800
1538 0005
1539 2800
1540 00a0
1541 4400
1542 00a0
1543 0009
1544 5000
1545 1800
1546 0840
1547 0084
1548 4200
1549 0600
1550 4002
1551 6000
1552 2200
1553 8004
1554 0088
1555 1010
1556 8200
1557 0009
1558 1400
1559 0110
1560 0120
1561 4002
1562 0084
1563 4800
1564 8200
1565 1080
1566 0808
1567 0101
1568 2001
1569 8002
1570 0060
1571 0202
1572 4001
1573 0280
1574 0240
1575 2001
1576 00a0
1577 1008
1578 1002
1579 0048
1580 0022
1581 0a00
1582 0011
1583 0030
1584 0820
1585 0050
1586 0081
1587 1080
1588 0810
1589 0028
1590 0840
1591 0140
1592 8010
1593 0a00
1594 0048
1595 0804
1596 4004
1597 000a
1598 0480
1599 0024
1600 0024
1601 2100
1602 0014
1603 2008
1604 0410
1605 a000
1606 0820
1607 000c
1608 0880
1609 0060
1610 4004
1611 2004
1612 0802
1613 8400
1614 0408
1615 8400
1616 c000
1617 0084
1618 1008
1619 0011
1620 4200
1621 0208
1622 8001
1623 0011
1624 0044
1625 4100
1626 0041
1627 1040
1628 2400
1629 8040
1630 0300
1631 0840
1632 0003
1633 0804
1634 0120
1635 0030
1636 0108
1637 0014
1638 0440
1639 2001
1640 0140
1641 4010
1642 0808
1643 0101
1644 1010
1645 0120
1646 4400
1647 1008
1648 000c
1649 0408
1650 0081
1651 c000
1652 0012
1653 4100
1654 8100
1655 0802
1656 2800
1657 0088
1658 0024
1659 000a
1660 6000
1661 0280
1662 0014
1663 4080
1664 1080
1665 0104
1666 0500
1667 0042
1668 9000
1669 8400
1670 8800
1671 0102
1672 8008
1673 0201
1674 0801
1675 0120
1676 0402
1677 1100
1678 0220
1679 8010
1680 2001
1681 00c0
1682 8002
1683 0009
1684 4008
1685 4002
1686 1008
1687 a000
1688 1020
1689 4040
1690 0440
1691 0210
1692 0028
1693 8004
1694 0014
1695 0088
1696 0022
1697 4200
1698 4004
1699 8080
1700 8200
1701 0820
1702 0202
1703 0014
1704 2800
1705 8080
1706 a000
1707 0804
1708 0402
1709 0005
1710 4100
1711 8040
1712 0401
1713 0404
1714 0880
1715 4008
1716 0104
1717 2040
1718 4008
1719 4004
1720 0088
1721 2800
1722 0041
1723 6000
1724 0003
1725 1001
1726 0408
1727 00a0
1728 0028
1729 2008
1730 0808
1731 3000
1732 5000
1733 1040
1734 0018
1735 0c00
1736 3000
1737 0802
1738 0201
1739 0204
1740 0021
1741 2020
1742 0300
1743 0060
1744 0404
1745 8100
1746 2080
1747 8800
1748 0201
1749 0081
1750 0042
1751 2008
1752 0120
1753 1001
1754 0201
1755 0110
1756 000c
1757 2002
1758 0088
1759 0280
1760 2004
1761 0090
1762 3000
1763 00a0
1764 0102
1765 2020
1766 0005
1767 0028
1768 0140
1769 0220
1770 1010
1771 4100
1772 2004
1773 4008
1774 8002
1775 4008
1776 0a00
1777 1400
1778 1400
1779 4040
1780 6000
1781 6000
1782 0500
1783 0030
1784 0201
1785 0820
1786 0801
1787 2002
1788 0011
1789 0082
1790 0410
1791 00a0
1792 0410
1793 1002
1794 1080
1795 4020
1796 0a00
1797 0088
1798 8100
1799 2200
1800 0006
1801 0022
1802 1020
1803 0110
1804 4040
1805 0110
1806 0005
1807 0081
1808 0088
1809 2800
1810 000a
1811 0802
1812 0600
1813 0810
1814 c000
1815 0180
1816 4010
1817 2020
1818 0110
1819 8010
1820 0280
1821 0018
1822 8200
1823 0120
1824 0220
1825 2010
1826 0018
1827 4008
1828 0003
1829 4100
1830 0408
1831 8020
1832 0006
1833 0012
1834 0402
1835 4040
1836 8800
1837 2001
1838 0880
1839 0003
1840 0005
1841 0600
1842 0180
1843 4800
1844 0110
1845 3000
1846 2020
1847 9000
1848 0005
1849 0005
1850 8200
1851 2080
1852 0804
1853 0104
1854 0180
1855 1040
1856 4080
1857 0104
1858 2004
1859 6000
1860 0804
1861 0041
1862 0140
1863 0014
1864 0041
1865 8002
1866 0090
1867 0880
1868 5000
1869 0804
1870 0210
1871 0005
1872 0084
1873 4400
1874 0102
1875 0028
1876 4004
1877 0500
1878 6000
1879 1080
1880 0018
1881 0081
1882 4010
1883 0024
1884 4010
1885 0404
1886 1001
1887 0102
1888 0440
1889 00c0
1890 0022
1891 0900
1892 000a
1893 4020
1894 0802
1895 c000
1896 0082
1897 0048
1898 0044
1899 9000
1900 0041
1901 0060
1902 0440
1903 0a00
1904 4001
1905 4002
1906 8004
1907 0804
1908 0012
1909 1004
1910 0028
1911 8020
1912 8080
1913 8200
1914 1002
1915 000a
1916 1004
1917 8100
1918 00a0
1919 0022
1920 0180
1921 4002
1922 0104
1923 0050
1924 0041
1925 0440
1926 1008
1927 0880
1928 2002
1929 0081
1930 0108
1931 0900
1932 2008
1933 0050
1934 0440
1935 1040
1936 0802
1937 9000
1938 0440
1939 000c
1940 00a0
1941 0810
1942 0208
1943 0820
1944 0030
1945 0440
1946 000c
1947 8008
1948 0420
1949 1200
1950 0600
1951 8008
1952 0006
1953 1002
1954 0208
1955 8010
1956 0408
1957 0021
1958 2004
1959 4008
1960 1100
1961 0280
1962 0088
1963 0050
1964 0082
1965 1001
1966 2001
1967 0102
1968 0201
1969 4400
1970 8100
1971 0408
1972 8001
1973 6000
1974 0880
1975 a000
1976 0804
1977 0102
1978 0220
1979 0101
1980 0108
1981 0108
1982 8040
1983 0120
1984 0402
1985 4400
1986 0081
1987 0011
1988 0018
1989 0880
1990 0808
1991 8800
1992 000a
1993 1100
1994 0600
1995 1200
1996 8800
1997 4100
1998 0003
1999 8080
2000 0003
2001 8800
2002 1100
2003 c000
2004 0024
2005 0090
2006 0420
2007 0140
2008 8040
2009 0081
2010 2080
2011 1100
2012 2400
2013 000c
2014 2020
2015 2040
2016 0300
2017 2004
2018 0081
2019 4020
2020 0208
2021 0042
2022 0480
2023 0408
2024 2400
2025 0024
2026 1800
2027 0102
2028 0048
2029 0012
2030 000a
2031 0028
2032 1040
2033 6000
2034 4002
2035 000a
2036 4008
2037 0840
2038 0208
2039 0081
2040 2800
2041 0210
2042 0024
2043 0220
2044 8002
2045 8004
2046 000c
2047 8040
