1 0200
15 8000
19 0100
23 0001
44 0008
45 0004
50 1000
54 0020
58 0004
79 0001
93 4000
104 0200
113 0010
120 2000
158 0020
190 2000
204 8000
211 2000
216 4000
227 0002
239 0080
242 0010
274 4000
286 0200
294 0100
302 0400
309 0001
332 0400
336 0020
339 0008
346 0800
354 0800
356 0010
359 0001
371 8000
376 2000
385 0010
391 0002
397 1000
400 8000
410 0020
426 1000
432 4000
443 2000
451 4000
452 0004
469 0400
477 0800
483 0010
487 0080
505 1000
522 8000
524 0002
527 4000
530 1000
534 4000
540 0040
545 0800
555 0008
558 0020
570 0020
572 0020
573 0001
592 0010
600 0040
601 0008
608 0100
610 0200
612 0001
646 0004
660 0004
666 0100
668 0400
673 0800
676 0004
678 0010
686 0020
694 0800
695 0010
710 0400
714 0010
718 0400
719 0020
725 4000
740 0010
747 0800
749 0002
760 2000
769 0020
779 1000
806 2000
808 0200
812 0400
813 2000
819 8000
823 0800
826 0100
831 0080
840 0080
845 0400
871 0010
881 0400
894 0200
905 0200
915 0100
924 0010
928 0008
937 0004
956 0002
961 0002
962 0400
967 0020
972 0200
973 0010
974 1000
997 0400
998 0200
999 0002
1008 0200
1014 4000
1036 0010
1042 0004
1048 4000
1062 0020
1076 2000
1083 0004
1085 0040
1087 2000
1091 0040
1094 4000
1097 0010
1108 0010
1110 0008
1115 0400
1117 0008
1122 0008
1137 0001
1140 0002
1166 2000
1169 4000
1173 0040
1182 0001
1184 0040
1189 0020
1196 0080
1200 0004
1217 4000
1220 0008
1223 1000
1231 0002
1235 1000
1245 0001
1255 0040
1271 0100
1304 2000
1314 8000
1331 1000
1346 0001
1353 0100
1357 0004
1362 0010
1369 0200
1373 0040
1381 0004
1384 0002
1387 0040
1388 0010
1390 1000
1394 1000
1400 0002
1402 0100
1403 1000
1409 2000
1422 2000
1427 4000
1438 0080
1445 0400
1446 0100
1467 0080
1471 0004
1486 1000
1491 8000
1493 0004
1496 0400
1499 0100
1502 0100
1515 0001
1544 0400
1552 2000
1555 0010
1559 2000
1563 0400
1564 0008
1570 1000
1573 0100
1574 0008
1577 2000
1584 8000
1593 0800
1601 0100
1605 1000
1609 1000
1614 0020
1622 0040
1634 0040
1637 0100
1649 2000
1654 0010
1659 4000
1667 0040
1673 0080
1676 0010
1682 0010
1691 0020
1697 0100
1698 0200
1699 0002
1706 0100
1739 0001
1742 0001
1754 0040
1763 0800
1767 0100
1774 1000
1777 0002
1786 0010
1805 0100
1807 4000
1812 0002
1817 0080
1819 0200
1821 0100
1823 0040
1829 0040
1842 0040
1847 0001
1848 0010
1868 0100
1869 0004
1881 0010
1892 0800
1907 0010
1918 0002
1919 0004
1926 0800
1930 1000
1937 0100
1939 0800
1941 0002
1943 0100
1944 0080
1949 0001
1971 0020
1975 0200
1988 1000
1990 0020
1992 0004
1998 4000
2010 0100
2013 0010
2021 0001
