0 0c00
1 4010
2 4000
3 00a0
4 2000
5 8000
6 0400
7 0100
8 1000
9 2000
10 1000
11 0001
12 0020
13 0008
14 2000
15 0030
16 0802
17 0008
18 0100
19 0012
20 1000
21 0020
22 0040
23 00a0
24 0880
25 0001
26 0800
27 0200
28 0400
29 0020
30 0005
31 0012
32 0010
33 0048
34 0400
35 0010
36 4004
37 0400
38 0810
39 0080
40 0080
41 0008
42 0088
43 0020
44 0100
45 0080
46 0010
47 0042
48 0001
49 0101
50 2800
51 4000
52 0080
53 8000
54 0100
55 1800
56 0010
57 0200
58 0104
59 0008
60 0201
61 0002
62 8000
63 0008
64 0080
65 0200
66 0009
67 0100
68 8000
69 0240
70 0200
71 0100
72 0008
73 0500
74 0014
75 0002
76 8000
77 0080
78 0081
79 0090
80 0200
81 0010
82 0080
83 0800
84 2000
85 1010
86 0021
87 0044
88 0040
89 0088
90 0080
91 0080
92 0220
93 1000
94 0040
95 2000
96 0021
97 0100
98 0010
99 8000
100 0200
101 1000
102 4000
103 1001
104 2000
105 0c00
106 0022
107 0400
108 1000
109 0080
110 0800
111 0040
112 0080
113 0220
114 0020
115 0050
116 2000
117 0050
118 0400
119 0040
120 0020
121 0100
122 4000
123 0004
124 4000
125 1100
126 1000
127 0800
128 0002
129 0020
130 0040
131 0001
132 0080
133 0002
134 0020
135 0080
136 0800
137 0040
138 0402
139 0200
140 4000
141 1100
142 0004
143 0050
144 4000
145 4000
146 1000
147 0020
148 0002
149 0400
150 0410
151 0008
152 0001
153 4000
154 0004
155 0200
156 0008
157 0100
158 0002
159 0400
160 1000
161 2000
162 0200
163 0804
164 0004
165 0200
166 0008
167 0001
168 0200
169 2000
170 0400
171 0009
172 1000
173 0080
174 0002
175 2000
176 8000
177 0800
178 0003
179 6000
180 0002
181 4020
182 0800
183 2000
184 0080
185 0008
186 0002
187 0a00
188 000a
189 0020
190 0100
191 0400
192 0201
193 4000
194 0008
195 0048
196 2000
197 0020
198 0020
199 0080
200 2100
201 8000
202 0008
203 1008
204 0100
205 8000
206 8000
207 8000
208 1400
209 0004
210 0020
211 0002
212 0040
213 0020
214 0020
215 0100
216 0002
217 0080
218 8800
219 0020
220 0004
221 0001
222 2000
223 0800
224 0800
225 2001
226 8800
227 4001
228 0440
229 0002
230 0040
231 1000
232 0001
233 0041
234 0004
235 0100
236 0100
237 0020
238 0400
239 0080
240 0030
241 0100
242 0008
243 4000
244 1000
245 0440
246 0100
247 0010
248 0080
249 0080
250 8000
251 0400
252 0001
253 0400
254 0040
255 0080
256 0004
257 8020
258 8000
259 0101
260 0280
261 0800
262 0400
263 4002
264 1000
265 8000
266 0004
267 0820
268 0004
269 0001
270 0044
271 0040
272 0002
273 0400
274 0800
275 0020
276 8000
277 2000
278 2000
279 0088
280 2000
281 2002
282 0400
283 2000
284 0004
285 0080
286 4000
287 4000
288 0010
289 0100
290 0400
291 0040
292 0020
293 0001
294 8010
295 0001
296 0008
297 0801
298 0020
299 0020
300 0800
301 0002
302 0008
303 4000
304 8000
305 0200
306 0001
307 0008
308 0201
309 0800
310 0001
311 0014
312 0022
313 1000
314 0400
315 0208
316 0210
317 0040
318 0880
319 0100
320 8020
321 1002
322 8000
323 2000
324 0020
325 0004
326 0004
327 0008
328 0028
329 0100
330 0410
331 0020
332 0001
333 0002
334 1000
335 0080
336 0040
337 1000
338 0020
339 0100
340 1100
341 8000
342 0008
343 0800
344 4004
345 0008
346 0100
347 0002
348 000c
349 0400
350 0048
351 2100
352 4000
353 8001
354 0200
355 0010
356 0404
357 0401
358 0008
359 2000
360 2000
361 1000
362 0020
363 0400
364 0100
365 0002
366 000a
367 4000
368 5000
369 2800
370 0020
371 0500
372 4000
373 8020
374 0800
375 0040
376 0080
377 8000
378 0010
379 8000
380 1000
381 4080
382 0400
383 2000
384 8000
385 0400
386 0004
387 0020
388 0040
389 0010
390 2000
391 0800
392 1200
393 1008
394 0060
395 2000
396 0080
397 0040
398 0200
399 0080
400 0020
401 1000
402 0001
403 4004
404 8000
405 0040
406 0020
407 0020
408 4000
409 0008
410 0800
411 0008
412 4400
413 0208
414 0200
415 0100
416 0080
417 0001
418 8000
419 0400
420 2000
421 2000
422 8000
423 1002
424 0102
425 c000
426 0010
427 8800
428 0040
429 0001
430 0008
431 0001
432 0030
433 0200
434 0002
435 0040
436 0008
437 0001
438 0400
439 0002
440 0010
441 0020
442 1000
443 4100
444 1000
445 0002
446 0020
447 0020
448 0100
449 0020
450 4000
451 0400
452 8000
453 0080
454 0001
455 0008
456 1000
457 0001
458 0040
459 0900
460 0008
461 0100
462 0009
463 0020
464 0010
465 0410
466 0800
467 0080
468 0001
469 0820
470 0100
471 0100
472 000c
473 0800
474 0048
475 4001
476 0080
477 0001
478 0001
479 0004
480 0010
481 4000
482 4002
483 0080
484 0800
485 4000
486 0108
487 0010
488 0400
489 0400
490 2000
491 0004
492 0001
493 0001
494 0024
495 0400
496 1040
497 0004
498 4200
499 0080
500 0004
501 0200
502 4000
503 0040
504 0001
505 0002
506 0010
507 0040
508 0002
509 2000
510 8000
511 0080
512 0080
513 4000
514 0010
515 0800
516 0004
517 1020
518 0100
519 8020
520 0030
521 0020
522 8000
523 0001
524 0100
525 1000
526 0050
527 0800
528 0001
529 0010
530 5000
531 4000
532 0080
533 4000
534 2010
535 0082
536 4008
537 4000
538 0048
539 1000
540 0800
541 0008
542 0100
543 0001
544 0080
545 1000
546 0003
547 0001
548 0080
549 0080
550 1000
551 0002
552 0002
553 0021
554 0202
555 1000
556 8020
557 0800
558 4004
559 0110
560 1000
561 0400
562 0001
563 8000
564 0041
565 1400
566 0002
567 0400
568 0100
569 0100
570 4008
571 0001
572 0400
573 1000
574 0004
575 0010
576 2002
577 0400
578 0040
579 0800
580 0009
581 0008
582 0022
583 4000
584 0020
585 8000
586 0080
587 0001
588 0802
589 0002
590 0404
591 0002
592 0080
593 0010
594 0208
595 0100
596 2000
597 0008
598 8000
599 0080
600 0100
601 0090
602 0020
603 2000
604 0100
605 0028
606 0008
607 4000
608 1002
609 4000
610 0040
611 0104
612 1000
613 0808
614 0200
615 0004
616 0900
617 0010
618 0300
619 0088
620 4000
621 8000
622 0080
623 0900
624 8000
625 0020
626 8000
627 2000
628 8002
629 1020
630 4200
631 0100
632 0400
633 0008
634 8000
635 0080
636 0010
637 0800
638 0800
639 0002
640 0200
641 0120
642 0400
643 0800
644 0008
645 0048
646 0001
647 0001
648 0200
649 4080
650 4000
651 8000
652 0100
653 0014
654 0800
655 0280
656 8000
657 0020
658 0080
659 0040
660 1000
661 0800
662 2040
663 4010
664 0080
665 0001
666 0002
667 4000
668 0200
669 0200
670 4000
671 0010
672 0102
673 8000
674 0001
675 1400
676 0002
677 0010
678 0101
679 0020
680 1000
681 0400
682 0040
683 8000
684 0020
685 0001
686 0100
687 0200
688 0100
689 0002
690 2000
691 0003
692 0008
693 0020
694 4040
695 0500
696 4000
697 0004
698 0002
699 0010
700 8000
701 0001
702 0204
703 9000
704 0002
705 0044
706 0020
707 0040
708 0080
709 0004
710 1001
711 4002
712 0008
713 0080
714 0080
715 0800
716 0010
717 0008
718 0002
719 0010
720 0004
721 0001
722 0080
723 0100
724 0040
725 8001
726 8000
727 0040
728 0004
729 8000
730 0010
731 4000
732 0040
733 8000
734 0014
735 0800
736 0400
737 0400
738 0002
739 0010
740 0004
741 4040
742 0008
743 8008
744 1000
745 0002
746 0100
747 4100
748 0800
749 0002
750 2000
751 2100
752 0420
753 0001
754 0208
755 0200
756 0080
757 0402
758 0810
759 0200
760 2000
761 4000
762 8000
763 4080
764 0404
765 1000
766 1004
767 0020
768 0002
769 0801
770 0008
771 0400
772 8000
773 0400
774 0022
775 0400
776 0200
777 0010
778 0010
779 8000
780 8008
781 0120
782 0002
783 2000
784 0005
785 8400
786 0008
787 2001
788 1000
789 0080
790 0001
791 2000
792 0100
793 0100
794 0040
795 0010
796 0200
797 8000
798 2010
799 8000
800 0080
801 0104
802 4000
803 0001
804 0010
805 4000
806 0100
807 8000
808 0880
809 0208
810 0002
811 0400
812 0001
813 0030
814 2000
815 0004
816 1000
817 00a0
818 1000
819 0808
820 2000
821 2000
822 0800
823 8200
824 8000
825 0050
826 0101
827 0021
828 0022
829 0010
830 2000
831 0008
832 1000
833 0800
834 0002
835 9000
836 8000
837 0800
838 4000
839 8000
840 8000
841 1000
842 0200
843 0002
844 0002
845 4000
846 0004
847 0010
848 0100
849 2400
850 0002
851 0810
852 1000
853 0008
854 0002
855 0042
856 4000
857 0100
858 0008
859 8200
860 a000
861 8000
862 0400
863 0400
864 0800
865 0100
866 0100
867 0004
868 1400
869 0020
870 0800
871 0001
872 0100
873 0080
874 0022
875 0400
876 0004
877 0004
878 0040
879 0004
880 0400
881 0040
882 0020
883 0001
884 0088
885 2000
886 0880
887 0a00
888 0100
889 0001
890 0200
891 1000
892 0010
893 0008
894 0020
895 0080
896 0402
897 1000
898 0100
899 0010
900 0800
901 0040
902 0008
903 0800
904 0002
905 4000
906 0040
907 0010
908 4008
909 0100
910 0010
911 4000
912 0008
913 0008
914 0010
915 0004
916 2000
917 0040
918 8000
919 1000
920 8800
921 0008
922 0004
923 0008
924 0004
925 0002
926 0400
927 8000
928 0002
929 0080
930 0001
931 0001
932 1000
933 0400
934 8000
935 0020
936 0022
937 8000
938 0400
939 1001
940 2000
941 0002
942 8000
943 0008
944 0010
945 0820
946 0801
947 0002
948 1001
949 a000
950 0001
951 1000
952 1100
953 0008
954 1100
955 0104
956 0020
957 0020
958 0004
959 0040
960 2000
961 000c
962 0802
963 0002
964 0001
965 2000
966 000a
967 2020
968 8000
969 2000
970 2000
971 4000
972 0100
973 3000
974 8000
975 0008
976 4000
977 0200
978 0100
979 2000
980 0100
981 0011
982 0400
983 0200
984 0080
985 1008
986 8020
987 8000
988 0008
989 0400
990 0080
991 0004
992 0040
993 0084
994 2000
995 0001
996 0100
997 0040
998 8000
999 1000
1000 8000
1001 0020
1002 0200
1003 0210
1004 0100
1005 1000
1006 2002
1007 0002
1008 0800
1009 6000
1010 2000
1011 1000
1012 4000
1013 0040
1014 0800
1015 4000
1016 0080
1017 0400
1018 0004
1019 4000
1020 0080
1021 1040
1022 0400
1023 8000
1024 0002
1025 0002
1026 0010
1027 0001
1028 0200
1029 0020
1030 0104
1031 1040
1032 0040
1033 0004
1034 0020
1035 0001
1036 0001
1037 4100
1038 0040
1039 8004
1040 4000
1041 2000
1042 0800
1043 0080
1044 0400
1045 0200
1046 0002
1047 1000
1048 4010
1049 0020
1050 0010
1051 0800
1052 0010
1053 0005
1054 8400
1055 0002
1056 0001
1057 0009
1058 4000
1059 0020
1060 4080
1061 0004
1062 0002
1063 0008
1064 0088
1065 0004
1066 0400
1067 0200
1068 0200
1069 0400
1070 0108
1071 0400
1072 0002
1073 0014
1074 1000
1075 0400
1076 0040
1077 0002
1078 0001
1079 0220
1080 0400
1081 0040
1082 0020
1083 0040
1084 1000
1085 8800
1086 0200
1087 0004
1088 0008
1089 0028
1090 0020
1091 0800
1092 0020
1093 0018
1094 0800
1095 4000
1096 4008
1097 1002
1098 0040
1099 0101
1100 8000
1101 0008
1102 0001
1103 0400
1104 0100
1105 5000
1106 0002
1107 0082
1108 1008
1109 8000
1110 0004
1111 0100
1112 0011
1113 0020
1114 0001
1115 0100
1116 0100
1117 2000
1118 0008
1119 0008
1120 0202
1121 0100
1122 0880
1123 0080
1124 4000
1125 2000
1126 0400
1127 2000
1128 0080
1129 0001
1130 0001
1131 2200
1132 8000
1133 0008
1134 0041
1135 0401
1136 0200
1137 2000
1138 8008
1139 0100
1140 0040
1141 4000
1142 4000
1143 0200
1144 0200
1145 0040
1146 1200
1147 0040
1148 4000
1149 4000
1150 1000
1151 0001
1152 0100
1153 2040
1154 0044
1155 8200
1156 4000
1157 0220
1158 2000
1159 1008
1160 4800
1161 1000
1162 4000
1163 0400
1164 8008
1165 1000
1166 0800
1167 0200
1168 0001
1169 0200
1170 0400
1171 8000
1172 0080
1173 8000
1174 8400
1175 0080
1176 0100
1177 0002
1178 0010
1179 4001
1180 0040
1181 0001
1182 1000
1183 0018
1184 0080
1185 0010
1186 0001
1187 0110
1188 0100
1189 8000
1190 0800
1191 1000
1192 0400
1193 0400
1194 0500
1195 2000
1196 8000
1197 0040
1198 2000
1199 0002
1200 0800
1201 0200
1202 1200
1203 0008
1204 4000
1205 0002
1206 8000
1207 c000
1208 0200
1209 0200
1210 8800
1211 0100
1212 0400
1213 0010
1214 0800
1215 0400
1216 0012
1217 0010
1218 0401
1219 0800
1220 0004
1221 4000
1222 0004
1223 0400
1224 1000
1225 1080
1226 8000
1227 0010
1228 0001
1229 0100
1230 2000
1231 0040
1232 0a00
1233 8000
1234 0084
1235 0800
1236 0010
1237 0002
1238 1000
1239 0002
1240 0010
1241 0040
1242 0100
1243 0800
1244 0002
1245 2000
1246 8000
1247 0021
1248 2000
1249 0100
1250 0800
1251 2020
1252 1000
1253 0002
1254 0080
1255 0004
1256 0108
1257 2000
1258 0200
1259 0004
1260 8000
1261 0002
1262 4002
1263 0001
1264 0040
1265 0060
1266 1200
1267 0004
1268 1000
1269 0c00
1270 0200
1271 0802
1272 8000
1273 1000
1274 0010
1275 0020
1276 0100
1277 2001
1278 8400
1279 0080
1280 8000
1281 5000
1282 0800
1283 00a0
1284 0002
1285 0020
1286 0010
1287 0002
1288 4100
1289 1000
1290 8000
1291 0040
1292 0800
1293 0040
1294 0800
1295 4800
1296 1000
1297 4200
1298 0900
1299 0040
1300 0020
1301 4000
1302 0800
1303 0c00
1304 0004
1305 0042
1306 0002
1307 000c
1308 0100
1309 0008
1310 0001
1311 2002
1312 0002
1313 8000
1314 0008
1315 0008
1316 2000
1317 4001
1318 2800
1319 1000
1320 0001
1321 0002
1322 1000
1323 1000
1324 0008
1325 0400
1326 0004
1327 0020
1328 0010
1329 0004
1330 0020
1331 0800
1332 0020
1333 0002
1334 0800
1335 0010
1336 0008
1337 0800
1338 1010
1339 1000
1340 0020
1341 1000
1342 0400
1343 0001
1344 0020
1345 0110
1346 00a0
1347 0002
1348 0050
1349 4000
1350 8000
1351 1000
1352 0208
1353 1000
1354 0408
1355 0400
1356 0400
1357 0040
1358 0081
1359 0002
1360 2001
1361 0020
1362 0040
1363 0001
1364 8000
1365 0021
1366 0400
1367 0002
1368 0012
1369 2008
1370 0001
1371 0001
1372 0100
1373 4004
1374 0004
1375 0800
1376 00a0
1377 0180
1378 0001
1379 5000
1380 0010
1381 0800
1382 0100
1383 0004
1384 2800
1385 2000
1386 2000
1387 0004
1388 0008
1389 1010
1390 0010
1391 0010
1392 0008
1393 4000
1394 0200
1395 0400
1396 1200
1397 0200
1398 0080
1399 0800
1400 0100
1401 2000
1402 8002
1403 2400
1404 4001
1405 0400
1406 0020
1407 1000
1408 0001
1409 0021
1410 0048
1411 2000
1412 0400
1413 8000
1414 0002
1415 0002
1416 4080
1417 1000
1418 0010
1419 0020
1420 0800
1421 0040
1422 8010
1423 0001
1424 1000
1425 0004
1426 0004
1427 4000
1428 0004
1429 0010
1430 0100
1431 1000
1432 8200
1433 0010
1434 2000
1435 0820
1436 0002
1437 0021
1438 4000
1439 2004
1440 0001
1441 0004
1442 0040
1443 0800
1444 0002
1445 0100
1446 0008
1447 9000
1448 0008
1449 0001
1450 0011
1451 0080
1452 2000
1453 0200
1454 0600
1455 0040
1456 0200
1457 0040
1458 0002
1459 0800
1460 0020
1461 0010
1462 0108
1463 0100
1464 0004
1465 0001
1466 0008
1467 0008
1468 8000
1469 8001
1470 0020
1471 0400
1472 1000
1473 0004
1474 0408
1475 2000
1476 0001
1477 1010
1478 8000
1479 0802
1480 2000
1481 0800
1482 1020
1483 4000
1484 0200
1485 0014
1486 0004
1487 0010
1488 0001
1489 4000
1490 0060
1491 8000
1492 8800
1493 0800
1494 0400
1495 0800
1496 4000
1497 0004
1498 4000
1499 8000
1500 0100
1501 0001
1502 4100
1503 0002
1504 0009
1505 0010
1506 0040
1507 2000
1508 0800
1509 0004
1510 0020
1511 0010
1512 2000
1513 8002
1514 0014
1515 0500
1516 4200
1517 4000
1518 0010
1519 0002
1520 2000
1521 0800
1522 0010
1523 0021
1524 2000
1525 0800
1526 0400
1527 0004
1528 0100
1529 0040
1530 0401
1531 0024
1532 4008
1533 0001
1534 0004
1535 000c
1536 0080
1537 0800
1538 0001
1539 4000
1540 0001
1541 1000
1542 0400
1543 0080
1544 0008
1545 2000
1546 0008
1547 1000
1548 1000
1549 1040
1550 0002
1551 2008
1552 0802
1553 1008
1554 0020
1555 0020
1556 0300
1557 0020
1558 0100
1559 0002
1560 0040
1561 0018
1562 0001
1563 0042
1564 2000
1565 1000
1566 8080
1567 0010
1568 0004
1569 0002
1570 0080
1571 0200
1572 0004
1573 0080
1574 1000
1575 00a0
1576 0480
1577 0004
1578 0008
1579 0100
1580 0220
1581 0001
1582 0280
1583 4008
1584 0040
1585 0002
1586 4000
1587 0004
1588 4000
1589 0800
1590 2008
1591 0400
1592 0010
1593 0200
1594 0800
1595 0001
1596 0002
1597 0010
1598 0082
1599 2002
1600 0400
1601 1000
1602 1000
1603 4020
1604 0400
1605 0008
1606 0014
1607 0004
1608 0020
1609 0020
1610 0110
1611 0080
1612 0001
1613 8200
1614 0080
1615 2000
1616 0008
1617 0802
1618 0004
1619 0200
1620 0010
1621 0001
1622 1000
1623 0200
1624 0044
1625 0080
1626 0010
1627 0200
1628 0020
1629 0200
1630 0010
1631 0010
1632 4008
1633 0200
1634 8000
1635 0080
1636 0010
1637 0200
1638 0420
1639 4040
1640 4000
1641 0001
1642 0010
1643 0080
1644 0202
1645 0100
1646 0800
1647 0010
1648 1000
1649 2000
1650 1000
1651 0001
1652 0004
1653 8200
1654 0001
1655 0200
1656 8080
1657 0040
1658 0080
1659 0104
1660 0008
1661 8000
1662 0010
1663 0800
1664 0040
1665 8000
1666 2020
1667 0080
1668 0800
1669 4000
1670 0800
1671 0010
1672 0004
1673 0004
1674 4400
1675 8200
1676 4004
1677 0004
1678 1000
1679 0020
1680 0004
1681 0020
1682 2000
1683 0021
1684 0404
1685 2000
1686 0800
1687 0040
1688 0100
1689 0040
1690 8000
1691 0840
1692 0800
1693 c000
1694 0200
1695 0880
1696 1000
1697 0041
1698 0200
1699 0004
1700 0010
1701 4000
1702 0200
1703 0014
1704 0002
1705 1000
1706 0020
1707 8020
1708 0100
1709 0008
1710 1000
1711 0004
1712 0480
1713 00a0
1714 0500
1715 0002
1716 0100
1717 0050
1718 4000
1719 1000
1720 0808
1721 0002
1722 0080
1723 0008
1724 0900
1725 c000
1726 0400
1727 0040
1728 0800
1729 1000
1730 0400
1731 0004
1732 00a0
1733 0048
1734 0800
1735 0030
1736 0001
1737 0048
1738 0400
1739 1000
1740 0400
1741 0008
1742 0004
1743 1002
1744 8002
1745 0400
1746 0001
1747 0004
1748 4008
1749 0012
1750 0008
1751 0050
1752 1400
1753 0001
1754 0002
1755 0200
1756 4000
1757 0100
1758 0408
1759 2000
1760 0010
1761 0004
1762 1000
1763 0080
1764 1000
1765 2000
1766 0004
1767 0200
1768 0200
1769 0008
1770 0100
1771 0008
1772 0800
1773 1000
1774 0200
1775 0010
1776 4001
1777 0800
1778 000a
1779 0002
1780 4800
1781 8000
1782 0100
1783 0001
1784 8000
1785 0002
1786 0800
1787 1100
1788 0080
1789 1001
1790 0400
1791 0100
1792 0040
1793 0081
1794 0400
1795 0800
1796 4000
1797 4000
1798 5000
1799 0200
1800 2000
1801 0080
1802 0020
1803 0008
1804 0040
1805 0080
1806 0408
1807 4000
1808 0021
1809 0102
1810 1200
1811 0008
1812 0008
1813 0040
1814 4000
1815 4002
1816 0008
1817 0002
1818 0804
1819 0080
1820 2800
1821 0100
1822 0800
1823 0020
1824 0002
1825 1100
1826 8040
1827 0088
1828 1000
1829 0440
1830 2001
1831 0800
1832 0002
1833 0200
1834 8100
1835 0401
1836 0202
1837 c000
1838 0200
1839 0840
1840 0008
1841 8008
1842 2000
1843 0040
1844 0004
1845 0080
1846 0002
1847 2000
1848 0008
1849 8000
1850 2100
1851 4000
1852 0200
1853 0001
1854 0200
1855 1000
1856 0002
1857 0020
1858 0008
1859 0200
1860 0040
1861 4000
1862 0840
1863 0200
1864 0110
1865 1000
1866 0040
1867 0008
1868 0004
1869 4001
1870 0800
1871 0008
1872 2000
1873 0040
1874 0280
1875 0010
1876 0800
1877 2000
1878 0800
1879 1000
1880 1800
1881 9000
1882 0080
1883 0002
1884 8000
1885 0800
1886 4080
1887 0040
1888 0100
1889 0120
1890 0084
1891 8001
1892 0100
1893 0008
1894 0002
1895 0005
1896 0420
1897 0100
1898 0004
1899 0080
1900 0002
1901 8200
1902 0080
1903 4020
1904 8400
1905 1000
1906 0010
1907 0002
1908 0008
1909 0800
1910 0800
1911 0002
1912 0080
1913 4000
1914 4000
1915 0020
1916 0800
1917 0002
1918 0080
1919 0008
1920 4000
1921 0080
1922 0200
1923 0010
1924 0440
1925 0240
1926 0010
1927 0220
1928 0800
1929 4000
1930 0800
1931 0080
1932 0010
1933 0110
1934 4000
1935 0100
1936 0400
1937 0021
1938 0008
1939 2010
1940 1000
1941 0002
1942 4000
1943 0028
1944 4000
1945 2000
1946 0080
1947 2000
1948 0004
1949 0210
1950 0040
1951 0008
1952 0200
1953 0400
1954 2000
1955 0004
1956 0010
1957 1100
1958 0410
1959 0100
1960 4002
1961 0020
1962 0200
1963 0088
1964 8000
1965 0800
1966 0080
1967 0080
1968 0020
1969 0400
1970 0020
1971 8000
1972 0010
1973 0001
1974 2000
1975 0001
1976 8008
1977 0010
1978 0020
1979 0400
1980 0008
1981 0004
1982 0400
1983 0080
1984 6000
1985 0001
1986 0800
1987 0082
1988 1000
1989 1000
1990 0080
1991 0120
1992 0800
1993 0010
1994 0004
1995 0020
1996 0200
1997 00c0
1998 0401
1999 4100
2000 2000
2001 8000
2002 0020
2003 2020
2004 0040
2005 0044
2006 8000
2007 1000
2008 4001
2009 2000
2010 0008
2011 2000
2012 0440
2013 0820
2014 2001
2015 0002
2016 2000
2017 0010
2018 8010
2019 0020
2020 0440
2021 0004
2022 0040
2023 0002
2024 0100
2025 0200
2026 1008
2027 0800
2028 0010
2029 0040
2030 0800
2031 0400
2032 0080
2033 1002
2034 0480
2035 0020
2036 1010
2037 0040
2038 0006
2039 0002
2040 0048
2041 8004
2042 5000
2043 0002
2044 2000
2045 2000
2046 0008
2047 4000
