0 0800
1 0020
2 1000
3 4000
4 0020
5 0008
6 0002
7 0010
8 2000
9 0008
10 4000
11 0020
12 0020
13 0020
14 0010
15 0100
16 0080
17 0008
18 0800
19 0010
20 0080
21 4000
22 0008
23 1000
24 0020
25 0040
26 0080
28 0800
30 0001
31 0800
32 0200
33 0400
34 0020
35 0004
36 0008
37 0800
38 0010
39 0040
40 0200
41 2000
42 0800
43 1000
44 0400
45 0010
46 0002
47 0020
48 0100
49 1000
50 0800
52 0020
53 0100
56 0080
57 2000
58 0001
59 0001
60 0200
61 0004
63 0002
64 0080
65 0008
66 0200
67 0008
69 0020
70 2000
71 0010
72 0008
73 0001
74 0010
76 8000
77 0008
78 0080
79 0200
80 0008
81 0800
82 8000
83 0100
84 0002
85 0200
88 0008
89 0400
90 0002
91 0020
92 0002
93 8000
94 0080
95 0080
96 0004
97 0400
98 0200
100 0200
101 0400
102 0004
103 1000
104 0200
105 0001
106 0020
107 0100
108 0040
109 0008
110 0002
111 0040
112 0001
113 0080
114 1000
115 0040
116 2000
117 0001
118 0800
119 0200
120 2000
121 0040
122 0400
123 0200
124 1000
125 0020
126 2000
127 0400
128 0004
129 0008
130 0400
131 1000
133 4000
134 0010
135 0080
136 0200
137 0800
138 0020
139 0010
140 8000
141 0001
142 0004
144 0400
145 0008
146 0040
147 0080
148 1000
149 0200
150 0020
151 1000
153 0800
155 0002
156 0020
157 0040
158 0001
160 0001
161 0400
162 0040
164 0800
166 0010
167 2000
168 0200
169 4000
170 1000
171 0100
172 0001
173 0002
174 4000
175 4000
176 1000
177 0020
179 0800
180 2000
181 0008
182 0008
183 0001
185 8000
186 0080
187 1000
188 0200
189 8000
190 0001
191 0010
192 0080
193 4000
194 0080
195 0010
197 0010
198 0100
200 0001
201 0200
202 2000
205 0008
206 0010
207 8000
208 8000
210 2000
214 0100
215 8000
216 4000
217 0800
218 0002
221 0800
222 2000
223 0080
224 0008
225 0002
226 0200
227 0001
228 0008
229 0020
230 0100
231 0400
232 0001
233 2000
234 0200
235 0200
236 0040
237 2000
238 0020
239 0020
240 0080
241 2000
242 4000
243 0200
244 4000
245 2000
246 0100
248 2000
249 0080
250 0800
251 0008
252 0004
253 0020
254 0002
255 0040
256 0020
257 0020
258 0100
260 0008
262 8000
263 1000
264 8000
265 0002
266 2000
267 0004
268 8000
269 0080
270 0002
271 8000
272 0800
274 1000
275 0100
276 0002
277 0040
278 1000
280 8000
281 0002
282 0004
284 0040
285 0010
286 0080
287 0100
288 0020
289 1000
290 0100
292 0010
293 8000
294 0080
295 0008
296 0100
297 0010
298 0080
300 0400
301 2000
302 4000
304 0400
305 0040
307 4000
308 0010
310 0200
311 0800
312 0100
313 0200
314 0010
315 0001
317 0002
318 0002
319 0010
320 0040
321 0001
322 0010
323 0004
324 0001
325 0004
326 0800
327 8000
328 0200
329 0100
330 0004
331 0100
333 2000
334 2000
335 0080
336 0001
337 0004
338 0001
340 0800
341 8000
342 1000
343 0200
344 0010
345 1000
346 0001
347 0040
348 4000
349 0040
350 0100
351 4000
352 4000
353 0001
354 0008
355 0800
356 0200
357 1000
358 0800
359 0080
360 0002
361 0010
362 0020
363 0001
364 0002
365 2000
366 0001
367 0001
368 0800
369 0001
370 0004
371 0800
372 0008
373 1000
374 0400
375 0008
376 0800
377 0020
378 0040
379 0080
381 0100
382 0020
383 0080
385 1000
386 4000
387 8000
388 0400
389 2000
390 0080
391 0010
392 0800
394 0200
395 0100
396 0020
397 0001
398 0002
399 1000
401 0800
402 0100
403 0004
404 0001
405 0800
406 0010
407 8000
409 1000
410 4000
411 0200
412 0008
414 0001
415 4000
416 2000
417 0400
418 0008
419 8000
420 8000
421 4000
422 0001
423 2000
424 0002
425 0040
426 2000
427 0400
428 0020
429 0200
430 0002
434 0020
435 0400
436 0100
437 0002
438 0008
439 0008
440 4000
441 0008
442 2000
443 0040
444 0008
445 2000
446 4000
447 8000
449 0800
450 0040
452 0400
453 0010
454 8000
455 4000
456 2000
457 0200
458 0400
459 2000
460 8000
461 0400
462 0004
463 0020
464 0040
465 0010
466 2000
467 0800
468 0200
469 0010
470 0100
471 0020
472 0080
473 0010
474 4000
475 8000
477 0080
478 0020
479 1000
480 0001
481 0004
482 0010
483 0001
484 1000
485 4000
486 0001
487 0040
488 0040
489 0010
491 0400
492 0010
493 4000
495 8000
497 0080
498 0001
499 8000
500 0400
502 0002
503 0004
504 0004
505 0010
506 0002
507 4000
508 0400
509 0010
510 8000
511 0400
512 0200
513 0008
514 0080
515 1000
516 2000
517 0200
518 0002
519 0040
520 0008
522 8000
523 1000
524 2000
526 0020
527 1000
528 0100
529 0004
530 0004
531 0020
532 0001
533 0010
534 0400
535 0200
536 0010
537 2000
538 0080
540 0001
541 0008
542 1000
543 0001
544 0040
545 0800
546 0040
547 0080
548 0010
549 0001
551 0004
552 0800
553 0100
554 0800
555 0080
556 0001
557 0800
558 4000
559 0002
560 1000
561 4000
562 0800
563 0008
564 2000
566 8000
567 2000
568 0800
569 0020
570 0800
571 1000
572 0010
574 0010
575 0002
576 0004
577 8000
578 0002
579 0010
580 0400
581 0400
583 0020
584 0400
585 1000
586 2000
587 0004
588 0400
589 0040
590 0200
591 1000
592 0020
593 0080
595 0001
596 0200
597 0200
598 0004
600 0002
601 0010
602 0040
603 0002
605 1000
607 0080
609 4000
610 0200
611 0800
612 0400
613 0008
614 0010
615 0100
616 0020
617 0100
618 0400
619 0020
620 8000
621 0001
622 0100
623 1000
624 0010
625 0200
626 0008
627 0008
628 0020
629 4000
632 0080
633 4000
634 2000
635 0004
636 8000
637 0008
638 0400
639 0001
640 0080
641 1000
642 0800
643 0008
644 0100
645 0001
646 0080
647 1000
648 0002
649 8000
650 0040
651 0020
652 0800
653 0800
655 0002
656 0001
657 0800
658 0020
660 0200
661 1000
662 0800
663 0004
664 0008
665 0010
666 1000
667 0400
668 0001
669 8000
670 0001
671 0010
673 0080
674 0002
675 4000
676 0400
677 1000
678 0001
679 0001
680 0400
681 1000
682 0004
683 0010
684 2000
686 0400
687 0040
688 0800
689 0001
690 0080
691 0040
692 0020
693 4000
694 0020
695 8000
696 0080
698 8000
699 0400
700 0002
701 0004
702 0100
703 0400
704 0200
705 0001
706 2000
708 0200
709 1000
710 0010
711 0020
713 0100
714 0010
715 2000
716 0080
718 0100
719 0020
720 0008
722 4000
723 0002
725 4000
726 0040
727 0100
728 4000
729 0004
730 1000
731 0200
732 0004
733 0800
734 2000
735 0004
736 0008
737 0008
738 4000
739 1000
740 0100
741 2000
742 0080
743 8000
744 0020
745 8000
746 2000
747 8000
748 0002
749 0200
750 0200
751 0010
752 0020
753 8000
754 0040
755 0200
756 0040
757 0080
758 0400
760 0002
762 0800
764 0800
766 0800
767 0008
768 0040
769 4000
770 0008
771 0020
772 0080
773 0004
774 4000
775 8000
776 0100
777 0010
778 1000
779 4000
780 0020
781 8000
782 0020
783 0080
785 0040
786 0020
787 0100
788 4000
789 0010
790 0020
791 0400
792 0010
793 0004
794 0040
795 0008
796 0080
797 0004
798 0400
800 0010
802 0001
803 1000
804 0001
805 0040
806 4000
807 0800
809 0002
810 0200
811 0040
812 0004
814 0020
816 0008
817 0200
818 0010
819 4000
820 0040
821 4000
822 0200
823 0008
824 0020
825 0040
826 0002
827 1000
829 0100
830 0004
831 0008
832 0100
833 8000
834 0010
835 0010
836 1000
837 0100
839 0004
840 0010
841 2000
842 0100
844 0004
845 0001
847 0002
848 0400
849 0400
850 0001
851 0400
852 4000
853 0400
854 0010
855 0010
856 0020
860 0080
861 0100
862 0040
863 8000
864 2000
865 0002
866 0020
867 0800
868 0800
869 0002
870 0080
871 8000
872 0400
873 8000
874 0800
876 2000
877 0400
878 0008
879 0010
881 0040
882 0010
883 0002
884 0100
885 1000
886 0002
887 0100
888 0100
890 0800
891 0002
893 8000
895 4000
896 0080
898 2000
899 0004
900 0200
902 0001
904 0400
905 0400
906 0200
907 2000
908 4000
909 8000
910 4000
911 1000
912 0100
913 1000
914 0004
915 4000
916 0800
917 0002
918 4000
919 0008
920 0400
921 8000
922 0400
923 0020
924 4000
925 8000
926 0040
928 0010
929 8000
930 0008
931 0200
932 8000
933 0002
934 2000
935 0001
936 0400
937 0400
938 0008
939 0001
940 0400
941 0080
942 8000
943 0002
944 0400
945 0010
946 0800
947 0800
948 0008
949 0004
950 2000
952 2000
953 4000
954 0001
955 0001
956 4000
957 0001
958 0010
959 4000
960 0100
961 8000
962 0080
963 1000
964 0002
965 0002
967 0010
968 0020
969 8000
970 2000
971 0004
972 1000
973 0080
974 0004
975 0040
976 1000
978 4000
979 0800
980 0020
981 0002
982 8000
983 0010
984 0001
985 0001
986 0001
987 0001
990 0010
991 2000
992 0008
993 1000
995 0001
996 0040
999 8000
1000 0800
1001 4000
1002 8000
1004 0008
1005 0400
1006 1000
1007 0100
1008 8000
1009 0004
1010 0004
1011 0040
1013 0400
1014 1000
1015 0001
1016 8000
1017 1000
1021 0080
1022 0020
1023 4000
1024 0100
1025 0008
1026 8000
1027 0800
1028 4000
1029 8000
1030 0400
1032 0010
1033 0800
1034 0001
1035 1000
1036 0100
1037 0400
1038 0020
1039 0800
1040 0001
1041 0100
1042 0080
1043 0020
1044 0080
1045 0001
1046 1000
1047 2000
1048 0800
1049 0001
1050 0400
1051 0008
1052 0080
1053 1000
1054 8000
1055 2000
1056 0800
1057 0001
1058 0004
1059 0100
1060 0001
1061 0200
1062 1000
1064 0080
1065 0008
1067 0080
1068 0400
1069 0004
1070 1000
1071 0100
1072 0200
1073 0001
1074 0001
1075 0080
1076 0400
1077 0020
1078 0800
1079 0010
1080 8000
1081 8000
1082 0100
1084 1000
1085 0400
1087 0008
1088 0010
1089 0004
1090 2000
1091 0040
1092 8000
1093 1000
1094 8000
1095 0004
1096 0002
1097 0008
1098 0008
1099 0001
1100 0001
1101 1000
1102 0004
1103 4000
1104 0004
1105 0004
1106 0100
1107 0010
1108 4000
1109 0002
1110 1000
1111 0100
1112 8000
1113 0400
1114 1000
1115 0004
1116 2000
1117 2000
1118 0008
1119 0020
1120 0800
1121 0080
1122 0001
1123 0200
1124 0020
1125 0020
1126 8000
1128 0001
1129 1000
1130 1000
1131 0004
1132 0004
1133 0200
1134 0004
1135 0010
1136 0001
1137 0400
1138 8000
1140 2000
1141 0004
1142 0400
1143 0008
1144 0002
1145 0001
1146 2000
1147 0002
1149 2000
1150 0040
1152 2000
1153 2000
1155 0004
1156 0800
1157 1000
1159 0800
1160 4000
1161 0008
1162 0008
1163 1000
1164 1000
1165 1000
1167 0001
1168 0020
1169 0100
1170 0080
1172 0010
1173 8000
1175 0002
1176 0001
1177 0002
1179 0004
1180 0040
1181 0004
1182 0100
1183 0040
1184 0200
1185 0080
1186 0004
1187 0020
1188 0040
1189 0004
1190 2000
1191 4000
1192 0400
1193 0100
1194 1000
1195 2000
1196 0080
1197 0040
1198 0100
1200 0020
1201 0080
1202 0020
1203 0400
1204 0100
1205 2000
1206 0020
1207 0200
1208 4000
1210 4000
1211 0080
1212 0040
1213 8000
1214 8000
1215 0001
1217 0002
1218 0010
1219 0001
1220 0200
1221 0020
1222 0100
1223 0080
1224 8000
1225 0040
1226 0004
1228 8000
1229 4000
1230 0100
1231 0100
1232 0040
1233 0004
1234 0400
1235 0040
1236 0008
1237 0020
1238 0002
1239 0008
1240 0800
1241 4000
1242 0008
1243 0800
1245 0040
1246 2000
1247 0100
1248 0080
1249 0100
1250 8000
1251 0800
1252 0800
1253 0100
1254 0020
1256 0020
1257 0004
1259 1000
1260 0002
1261 0400
1262 1000
1263 0400
1264 0004
1266 0200
1267 4000
1268 0400
1269 4000
1270 0800
1271 0400
1272 0002
1273 0010
1274 0004
1275 2000
1276 0008
1277 0080
1278 0008
1279 0040
1280 0002
1281 0400
1282 0040
1284 0100
1285 8000
1286 0400
1287 0100
1288 0200
1289 0004
1291 4000
1292 0008
1294 0010
1295 0010
1296 0800
1297 0200
1298 0800
1299 4000
1300 0008
1301 0100
1302 0020
1303 0040
1304 0100
1305 0800
1306 0100
1307 1000
1308 0002
1309 0040
1310 0100
1311 2000
1312 0002
1313 0080
1314 0100
1315 0002
1316 8000
1317 0004
1320 0001
1321 0080
1322 0080
1323 0002
1324 0040
1325 0080
1327 0008
1328 0008
1329 0200
1330 0200
1332 0080
1333 1000
1334 0040
1335 0400
1336 0002
1337 4000
1338 0800
1339 0002
1340 0200
1341 0100
1342 0010
1343 8000
1344 0008
1345 0040
1346 0080
1347 0002
1348 0200
1349 2000
1350 0008
1352 0100
1353 0040
1354 4000
1355 4000
1356 0200
1357 0200
1358 0040
1359 1000
1360 0008
1361 0080
1362 4000
1363 0400
1364 0200
1365 2000
1366 0100
1367 1000
1368 0040
1369 0100
1370 0200
1371 4000
1372 0020
1373 0200
1374 0100
1375 0100
1376 0800
1377 0010
1378 2000
1379 0010
1380 1000
1382 1000
1383 0008
1384 0008
1385 0002
1386 2000
1387 0200
1388 0100
1389 0080
1390 0020
1391 0080
1392 0040
1393 0080
1394 0100
1395 0002
1397 0200
1398 0200
1399 0040
1400 0001
1401 1000
1402 0008
1403 0004
1404 0020
1405 8000
1406 0400
1407 0200
1408 0100
1409 8000
1410 0800
1412 0080
1413 8000
1414 0004
1415 0008
1416 2000
1417 8000
1418 0040
1419 2000
1421 1000
1422 0002
1423 0001
1424 0001
1425 0008
1426 4000
1427 0002
1428 8000
1429 4000
1431 0200
1432 0200
1433 0800
1434 4000
1435 0008
1436 0400
1439 0020
1440 1000
1441 1000
1442 0010
1443 0001
1444 0100
1445 0004
1446 0080
1447 0004
1448 8000
1450 1000
1451 1000
1452 1000
1453 0010
1454 0020
1455 8000
1456 0010
1458 0040
1459 0800
1461 8000
1462 0080
1463 0010
1465 0010
1466 0002
1467 1000
1468 0002
1470 1000
1471 4000
1473 0800
1476 2000
1477 8000
1478 0001
1479 0800
1481 0100
1482 0800
1483 0020
1484 0004
1485 8000
1487 0080
1488 0004
1489 0008
1490 0400
1491 0008
1492 0400
1493 0020
1494 0100
1495 0020
1496 0100
1497 0001
1498 0040
1499 0040
1500 4000
1501 0008
1502 0004
1503 1000
1504 0800
1505 1000
1506 0200
1507 0080
1509 0800
1510 0040
1511 1000
1513 0100
1514 2000
1516 8000
1517 0008
1519 8000
1520 1000
1521 0800
1522 0020
1523 8000
1524 0002
1525 0020
1526 0010
1528 0040
1529 0008
1530 1000
1531 8000
1533 0010
1534 1000
1535 0800
1536 8000
1537 0200
1538 1000
1539 0200
1540 4000
1541 8000
1542 0040
1544 1000
1545 0100
1546 0010
1547 8000
1548 0004
1549 0002
1551 0002
1552 0008
1553 0008
1554 2000
1555 8000
1556 0004
1557 1000
1558 0002
1559 8000
1560 0008
1561 0008
1562 2000
1563 0001
1564 0800
1565 0800
1566 1000
1567 0001
1568 0002
1569 1000
1570 1000
1571 0008
1572 0400
1573 0004
1575 0008
1576 4000
1577 4000
1578 1000
1581 4000
1582 1000
1583 0004
1584 0001
1585 4000
1586 8000
1587 0010
1589 4000
1590 0004
1591 0001
1593 0001
1594 0020
1595 0100
1596 1000
1597 0040
1598 0002
1599 0040
1600 0020
1601 0004
1602 1000
1603 0040
1604 8000
1605 1000
1606 0400
1607 0200
1608 0400
1609 4000
1610 0001
1611 1000
1612 0002
1613 0001
1614 0200
1615 0001
1616 0100
1617 0010
1618 0100
1619 0200
1620 0400
1621 0002
1622 0010
1623 0040
1626 0001
1627 0001
1628 0100
1629 0004
1630 0002
1631 0800
1632 8000
1633 0200
1634 0080
1635 0020
1636 0008
1637 1000
1638 0010
1639 0800
1640 0100
1641 0004
1642 0800
1643 0100
1644 1000
1645 0020
1646 0004
1647 0020
1648 2000
1649 0010
1650 0010
1652 0010
1653 0100
1654 0002
1655 0080
1656 0800
1657 0200
1658 0080
1659 0800
1660 0100
1661 2000
1662 8000
1663 0040
1664 0002
1665 4000
1666 0200
1667 0040
1668 2000
1669 0080
1670 0008
1671 1000
1672 0040
1673 0020
1674 0800
1675 0010
1676 0020
1677 0800
1678 0010
1680 4000
1681 0008
1682 0800
1683 0010
1684 2000
1685 2000
1686 0800
1687 0001
1688 1000
1689 0004
1690 0004
1691 4000
1692 0004
1693 0010
1694 0100
1695 1000
1696 8000
1697 1000
1698 8000
1699 8000
1700 0008
1701 0002
1702 0020
1703 0010
1704 0004
1705 0800
1706 0001
1709 0040
1710 0800
1711 0002
1712 0100
1713 0008
1714 1000
1715 0001
1716 8000
1717 8000
1718 0400
1719 0080
1720 2000
1721 0200
1722 0200
1723 0010
1724 0002
1725 0002
1726 0001
1727 8000
1728 8000
1729 0004
1730 1000
1731 1000
1732 0100
1733 0004
1734 0001
1735 0008
1736 0008
1737 8000
1738 0001
1739 0002
1740 0400
1741 0080
1743 0004
1744 0400
1745 0001
1746 4000
1747 0002
1748 4000
1749 8000
1750 0800
1751 2000
1752 0008
1753 0004
1755 0800
1756 0010
1757 0001
1758 0020
1759 0004
1760 0010
1761 0001
1763 0040
1764 8000
1765 8000
1766 8000
1767 0100
1768 8000
1769 0001
1770 0001
1771 0020
1772 0002
1773 1000
1774 0200
1775 0010
1776 0001
1777 0080
1778 0002
1779 0008
1780 0008
1781 0002
1782 0008
1783 2000
1784 0020
1785 4000
1786 0400
1787 0200
1788 0020
1789 0004
1790 0010
1791 0080
1792 0002
1793 4000
1794 4000
1795 8000
1796 0200
1797 0020
1798 0002
1801 0800
1802 0080
1803 2000
1804 0800
1805 0400
1806 0004
1807 0100
1808 0040
1809 0400
1810 0400
1811 0800
1812 0008
1813 0004
1815 0004
1816 0008
1817 4000
1818 0080
1819 0080
1820 0010
1821 0002
1822 0080
1824 0400
1825 0080
1826 0008
1827 2000
1828 0008
1829 1000
1830 1000
1831 1000
1832 0008
1833 0400
1834 1000
1835 0002
1836 0200
1837 0004
1838 0020
1839 0020
1840 0100
1841 0040
1842 0400
1843 8000
1844 2000
1845 8000
1847 0800
1848 0100
1849 0100
1850 2000
1851 1000
1852 0080
1853 0002
1854 0800
1855 0100
1856 0008
1857 0100
1858 0004
1859 1000
1860 0010
1861 0400
1862 1000
1863 0400
1864 0004
1865 2000
1866 0200
1867 0002
1868 2000
1869 0001
1870 0080
1871 8000
1872 0008
1873 0040
1875 0800
1876 1000
1877 1000
1878 0040
1879 4000
1880 4000
1881 0400
1882 0010
1883 0200
1884 0800
1885 0001
1886 0002
1887 0010
1888 0080
1889 0010
1890 0020
1891 0400
1892 1000
1893 1000
1894 4000
1895 0200
1896 0008
1897 8000
1898 0200
1899 0004
1900 0020
1901 0020
1902 0100
1903 4000
1904 0010
1905 0004
1906 0080
1909 2000
1910 0008
1911 0002
1913 0004
1914 0200
1915 0010
1917 0010
1918 2000
1919 0010
1920 8000
1921 0080
1922 0010
1923 0200
1925 0200
1926 0020
1927 0001
1928 0800
1929 1000
1930 0200
1931 8000
1932 0080
1933 0010
1934 0200
1935 0400
1936 0008
1937 0004
1938 4000
1939 0001
1940 0010
1941 0080
1942 0002
1943 1000
1944 0100
1945 1000
1946 0020
1947 0010
1948 0100
1949 2000
1950 0100
1951 1000
1952 0400
1953 0001
1954 0200
1955 0080
1956 0004
1958 0080
1959 0004
1960 2000
1961 4000
1962 0800
1963 0001
1964 0100
1965 0010
1966 0040
1967 0002
1969 0001
1970 0010
1972 0800
1973 0010
1974 0004
1975 0004
1976 0400
1977 0002
1978 0008
1979 0004
1980 0100
1982 1000
1983 0020
1984 0004
1985 0020
1986 2000
1987 0001
1988 0040
1989 0004
1990 2000
1991 0800
1992 0040
1993 0100
1996 8000
1997 0040
1998 2000
1999 4000
2000 0020
2001 0200
2002 0080
2004 1000
2005 0040
2006 0040
2007 0400
2008 0800
2009 0001
2010 0002
2011 0004
2012 0004
2013 0002
2014 1000
2015 0020
2016 0020
2017 8000
2018 0200
2019 1000
2020 0002
2021 0004
2022 0100
2023 0020
2024 0020
2025 0100
2026 0002
2027 0100
2028 0010
2029 0040
2030 0400
2031 0008
2032 0800
2033 0002
2034 0080
2035 0008
2036 0100
2037 0008
2038 0010
2039 0400
2040 0040
2041 0800
2042 1000
2043 0400
2044 0004
2045 0080
2046 0010
2047 0008
