0 0010
17 2000
18 0002
24 0004
45 0400
52 0001
57 0080
58 0010
72 0040
75 4000
95 0800
102 0080
109 0040
111 0010
119 0080
122 0400
123 0400
133 0001
139 0001
147 0800
151 0100
161 2000
172 4000
173 0020
183 0040
185 0004
186 0200
188 0002
197 0004
201 0020
202 2000
207 0100
208 0100
234 0008
241 0020
247 0008
250 0040
252 0080
255 0100
277 0200
282 1000
291 0800
294 4000
298 0400
299 0400
307 0100
313 8000
318 0004
333 0100
335 1000
337 0400
341 0400
344 0004
357 8000
363 1000
374 0001
375 0100
402 0020
407 0008
413 0800
417 0800
419 0200
431 0040
444 4000
450 0800
456 0100
468 0400
487 0400
494 0200
508 0800
509 0400
515 4000
518 0020
523 0020
537 0010
551 0010
560 0800
565 0080
569 0008
574 0001
576 0040
577 0008
582 0100
583 0800
594 0400
598 0001
603 0080
630 2000
631 2000
648 0001
649 0080
653 0004
660 0020
667 1000
680 0040
681 4000
684 0004
696 0200
703 0100
719 0002
731 0004
732 0001
740 2000
746 0040
750 0004
755 0020
756 0040
771 8000
773 4000
774 0008
787 0200
806 0100
808 0100
817 0020
818 0800
822 0200
824 8000
830 0008
838 4000
845 0020
846 1000
849 0800
870 0008
888 0002
894 0080
896 0010
903 0040
924 0001
930 0020
945 0008
958 0010
963 0200
972 0010
983 0400
1002 0200
1014 0001
1020 0001
1022 0001
1024 2000
1035 4000
1039 0004
1056 0008
1077 0020
1080 0001
1093 0080
1109 0002
1120 0100
1140 0008
1156 2000
1157 0008
1195 0008
1196 0040
1197 0001
1198 0002
1207 2000
1245 0100
1246 0020
1251 0002
1256 1000
1262 4000
1273 0002
1285 0200
1286 0020
1288 0080
1292 0200
1295 0008
1301 0001
1312 1000
1321 0008
1329 0200
1330 0040
1339 0010
1350 0040
1365 0001
1375 0800
1401 0100
1406 4000
1412 0004
1414 0200
1425 1000
1434 0040
1441 2000
1474 0400
1477 0800
1478 2000
1487 4000
1503 0080
1517 0001
1519 1000
1528 0002
1549 0002
1569 0080
1582 8000
1584 0010
1590 0002
1591 0002
1601 0008
1604 0080
1612 0020
1618 0010
1651 8000
1654 0200
1670 0800
1671 2000
1688 0001
1692 2000
1705 8000
1709 0040
1715 0040
1718 0400
1719 0002
1720 0400
1721 0040
1729 0020
1758 8000
1764 4000
1774 0400
1776 0200
1781 0200
1808 0080
1812 0004
1820 0020
1821 0040
1837 0200
1842 0800
1864 0400
1874 0800
1878 0008
1885 0002
1886 0400
1892 0002
1902 1000
1911 0080
1914 2000
1927 0400
1937 0400
1941 8000
1942 0002
1948 0080
1963 1000
1965 0080
1972 4000
1979 0010
1981 0004
1988 0008
1989 0400
1997 8000
2011 0080
2019 4000
2023 0002
2024 0800
