0 0c00
1 4010
2 4002
3 0080
4 2000
5 8000
6 0400
7 0100
8 1002
9 00a0
10 0081
11 0050
12 2000
13 0030
14 0802
15 0008
16 0100
17 0012
18 1000
19 0020
20 0060
21 0042
22 4400
23 0020
24 0080
25 0400
26 0010
27 0048
28 0408
29 0100
30 0008
31 0001
32 0c00
33 0a00
34 2000
35 0080
36 0400
37 0088
38 0100
39 9000
40 4200
41 0100
42 0180
43 0180
44 0060
45 0101
46 2800
47 4000
48 0080
49 8000
50 0100
51 1800
52 0010
53 0200
54 0104
55 0008
56 0201
57 000a
58 4001
59 2080
60 0002
61 0404
62 9000
63 0240
64 0200
65 0100
66 0008
67 0500
68 0014
69 0002
70 8000
71 0080
72 0081
73 0090
74 0200
75 0010
76 0080
77 0800
78 2000
79 1010
80 0021
81 0044
82 0440
83 0880
84 1040
85 0220
86 1002
87 0100
88 0100
89 2001
90 2200
91 8000
92 0200
93 1100
94 1000
95 0020
96 2000
97 0c00
98 0022
99 0c00
100 8000
101 4008
102 0041
103 0200
104 0800
105 0060
106 0900
107 0041
108 0100
109 0440
110 4020
111 0080
112 9000
113 4000
114 1100
115 1000
116 0800
117 0002
118 0020
119 0040
120 0001
121 0080
122 0002
123 0020
124 0080
125 0804
126 2010
127 1100
128 4000
129 1100
130 0004
131 0050
132 4000
133 4001
134 0600
135 0002
136 0400
137 0410
138 0048
139 8000
140 8000
141 0080
142 1000
143 0208
144 0002
145 0400
146 1000
147 2000
148 0200
149 0804
150 0004
151 0200
152 0008
153 0001
154 0200
155 2000
156 0400
157 0009
158 9000
159 8400
160 2080
161 0040
162 0180
163 2080
164 0900
165 4020
166 0800
167 2008
168 0600
169 0002
170 0a00
171 000a
172 0020
173 0140
174 0012
175 2800
176 0018
177 0040
178 2010
179 00c0
180 00a0
181 4000
182 8800
183 4010
184 2000
185 0100
186 2010
187 8008
188 0008
189 0004
190 0024
191 0408
192 0020
193 0020
194 0101
195 0008
196 0100
197 1000
198 0020
199 0004
200 0001
201 2000
202 0800
203 0800
204 2001
205 8800
206 4001
207 0440
208 4002
209 0020
210 0410
211 0041
212 1004
213 0042
214 0030
215 0500
216 0030
217 0100
218 0008
219 4000
220 1000
221 0440
222 0100
223 0110
224 0204
225 8000
226 0400
227 0009
228 0008
229 0020
230 4040
231 8020
232 8100
233 0100
234 0280
235 0800
236 0400
237 4002
238 1001
239 0040
240 0801
241 0001
242 8004
243 0044
244 0040
245 0002
246 0404
247 0004
248 0300
249 2008
250 0200
251 2000
252 a000
253 0001
254 0400
255 2004
256 1200
257 4000
258 4080
259 0001
260 0140
261 0040
262 0020
263 0001
264 8010
265 4001
266 0001
267 2400
268 1000
269 0c00
270 0002
271 0028
272 0020
273 0001
274 0002
275 2001
276 0201
277 0800
278 0001
279 0014
280 0022
281 1000
282 2400
283 2400
284 00a0
285 1000
286 0002
287 0900
288 1040
289 2000
290 8000
291 2000
292 00a0
293 2000
294 0080
295 0014
296 0020
297 2200
298 0240
299 0001
300 2002
301 0100
302 0800
303 0102
304 0021
305 2800
306 4010
307 0008
308 0800
309 4004
310 0008
311 0100
312 0202
313 2000
314 0400
315 0048
316 2100
317 c000
318 8000
319 0200
320 0018
321 2000
322 0401
323 0008
324 2000
325 2000
326 1000
327 0020
328 0400
329 4100
330 0004
331 0220
332 4040
333 2020
334 0040
335 0008
336 2000
337 4000
338 8020
339 0800
340 0040
341 0080
342 8008
343 8100
344 1000
345 4080
346 0400
347 2000
348 8000
349 0400
350 0004
351 0020
352 0050
353 0100
354 1000
355 0080
356 2100
357 0100
358 0060
359 2000
360 0080
361 0040
362 0200
363 0081
364 0400
365 00a0
366 4004
367 8000
368 0050
369 c000
370 4000
371 4008
372 0010
373 0080
374 2010
375 4001
376 8010
377 0080
378 0041
379 0040
380 0120
381 2000
382 8010
383 0010
384 0102
385 c000
386 0110
387 0004
388 0040
389 0001
390 0808
391 1008
392 0100
393 0080
394 0200
395 8000
396 0040
397 8000
398 1000
399 2100
400 0020
401 1000
402 4100
403 1000
404 4002
405 0001
406 0810
407 00a0
408 0010
409 2000
410 0080
411 2000
412 000a
413 5000
414 0404
415 0900
416 0008
417 0100
418 0009
419 0020
420 0010
421 0410
422 0800
423 0080
424 1001
425 0082
426 0002
427 1100
428 0840
429 0048
430 4001
431 0082
432 4800
433 0004
434 0010
435 4000
436 4002
437 00c0
438 0024
439 0108
440 0010
441 0400
442 0400
443 2000
444 0004
445 0001
446 0001
447 0024
448 0400
449 1040
450 0004
451 4200
452 0080
453 0004
454 0200
455 4000
456 0040
457 0001
458 0002
459 0010
460 0040
461 000a
462 1004
463 2080
464 4001
465 0010
466 0800
467 0004
468 1020
469 0100
470 8020
471 0030
472 0020
473 8000
474 0001
475 0100
476 1000
477 0050
478 8800
479 0008
480 0020
481 4008
482 0002
483 4010
484 2010
485 0082
486 4008
487 4000
488 0048
489 1000
490 0804
491 0003
492 0001
493 0080
494 1000
495 0003
496 0001
497 0080
498 0080
499 1000
500 0002
501 2002
502 0100
503 0202
504 1000
505 8020
506 0800
507 4004
508 0110
509 1010
510 0420
511 8008
512 0600
513 0040
514 0002
515 0400
516 0100
517 0100
518 4008
519 0801
520 0008
521 0200
522 0400
523 8000
524 9000
525 8800
526 8800
527 2040
528 0040
529 0020
530 4000
531 0022
532 2000
533 8000
534 8040
535 0002
536 0080
537 0030
538 8400
539 0010
540 0208
541 0100
542 3000
543 0090
544 0080
545 0100
546 0090
547 0020
548 2000
549 0140
550 8000
551 000a
552 2000
553 2000
554 4000
555 0040
556 0104
557 3000
558 1200
559 4004
560 0900
561 0011
562 000a
563 2800
564 1000
565 4100
566 0900
567 8000
568 2020
569 0100
570 0020
571 2000
572 1020
573 4200
574 0100
575 0400
576 0009
577 4200
578 0010
579 0800
580 0808
581 0004
582 0900
583 0800
584 4000
585 0200
586 0010
587 4800
588 0008
589 0820
590 4080
591 4000
592 8000
593 0100
594 0014
595 0800
596 0280
597 8000
598 0020
599 0080
600 0040
601 1000
602 1800
603 4000
604 4010
605 0080
606 0001
607 0002
608 4001
609 0008
610 0080
611 0004
612 0400
613 0002
614 8000
615 0003
616 0002
617 4002
618 4000
619 0800
620 0020
621 1000
622 0400
623 0040
624 8100
625 0010
626 0008
627 0200
628 0010
629 c000
630 2020
631 0202
632 0001
633 0500
634 0002
635 1000
636 4000
637 0104
638 0008
639 0100
640 8001
641 0204
642 9000
643 0002
644 0044
645 0020
646 2040
647 1000
648 1080
649 2000
650 0200
651 0108
652 4001
653 0800
654 0010
655 0008
656 0002
657 0010
658 0004
659 0001
660 0080
661 0100
662 0840
663 0002
664 8002
665 00a0
666 8008
667 0006
668 0040
669 8010
670 8002
671 4000
672 2000
673 0402
674 0010
675 0044
676 0801
677 8002
678 1000
679 2080
680 0100
681 4100
682 0800
683 4002
684 8000
685 0004
686 0420
687 0001
688 0208
689 0202
690 0401
691 0410
692 0010
693 8400
694 4001
695 0280
696 1020
697 1002
698 1004
699 2020
700 0082
701 8000
702 000c
703 8000
704 0400
705 0022
706 0400
707 0200
708 0010
709 0011
710 0180
711 0200
712 8000
713 0002
714 2008
715 2004
716 0400
717 2008
718 0010
719 1001
720 8000
721 0002
722 0401
723 0100
724 0040
725 0010
726 0300
727 2020
728 a000
729 0081
730 0081
731 1040
732 0010
733 4000
734 0100
735 8000
736 0880
737 0208
738 0002
739 0400
740 0001
741 0030
742 2000
743 0004
744 1000
745 00a0
746 1000
747 0808
748 2000
749 2000
750 0800
751 8200
752 8000
753 0050
754 0101
755 0021
756 0022
757 0010
758 3000
759 0180
760 0800
761 0402
762 0004
763 8100
764 4010
765 8000
766 8000
767 1080
768 1000
769 0100
770 8040
771 0004
772 0010
773 0100
774 2400
775 0002
776 0810
777 1000
778 0008
779 0002
780 0042
781 4000
782 0101
783 0010
784 0012
785 4020
786 0001
787 1000
788 0090
789 0100
790 0120
791 0120
792 0010
793 0080
794 00a0
795 0100
796 0082
797 0041
798 0001
799 1800
800 0040
801 0014
802 0400
803 2008
804 0001
805 0088
806 2200
807 4020
808 0204
809 2400
810 0200
811 1004
812 0081
813 0020
814 0080
815 0402
816 1000
817 8100
818 0200
819 0801
820 0008
821 0840
822 00a0
823 0040
824 0010
825 4008
826 0100
827 0010
828 4001
829 0002
830 0c00
831 0006
832 0040
833 8000
834 0001
835 2800
836 0004
837 2002
838 0008
839 0004
840 1002
841 1010
842 0002
843 0080
844 0001
845 0001
846 1000
847 0402
848 0003
849 0022
850 8000
851 0410
852 0804
853 2008
854 8000
855 0808
856 0800
857 0280
858 0402
859 0820
860 0040
861 0001
862 0001
863 5000
864 0024
865 8004
866 0040
867 2008
868 0001
869 0400
870 8000
871 0020
872 0005
873 0401
874 0008
875 4000
876 0080
877 0100
878 0120
879 0001
880 a000
881 4000
882 0400
883 2004
884 3000
885 8000
886 0108
887 0108
888 0104
889 1000
890 9000
891 0001
892 00a0
893 0080
894 1008
895 8020
896 8000
897 0008
898 0400
899 0080
900 0004
901 0040
902 0084
903 2000
904 0001
905 0100
906 0040
907 8400
908 0050
909 0020
910 0200
911 0210
912 0100
913 1004
914 4020
915 0041
916 6000
917 2000
918 1000
919 4000
920 0040
921 0800
922 4000
923 0080
924 0400
925 8004
926 0040
927 8020
928 8002
929 8000
930 0002
931 0002
932 0090
933 2000
934 4100
935 0104
936 1040
937 0040
938 0044
939 8004
940 0001
941 4100
942 0040
943 8004
944 4001
945 0028
946 0080
947 0400
948 0200
949 0002
950 1200
951 0880
952 0040
953 2200
954 0410
955 0100
956 8400
957 0002
958 0001
959 0009
960 4000
961 0020
962 4080
963 0004
964 0002
965 0008
966 0088
967 0084
968 1200
969 0200
970 0400
971 0108
972 0400
973 0802
974 8000
975 1000
976 0400
977 4040
978 0008
979 0040
980 0202
981 0100
982 2100
983 0040
984 1000
985 8800
986 0200
987 0004
988 0008
989 0028
990 0020
991 4800
992 0808
993 1000
994 0108
995 4008
996 1002
997 0040
998 0101
999 8000
1000 0008
1001 0801
1002 0040
1003 0140
1004 0006
1005 0082
1006 1008
1007 8000
1008 0004
1009 0100
1010 0011
1011 0020
1012 0001
1013 0100
1014 0100
1015 2000
1016 0008
1017 0008
1018 0202
1019 0100
1020 0880
1021 0080
1022 4000
1023 2000
1024 0400
1025 2002
1026 0102
1027 0001
1028 2200
1029 8200
1030 0100
1031 0044
1032 0003
1033 2100
1034 8008
1035 0100
1036 0040
1037 4000
1038 4100
1039 0001
1040 8080
1041 1200
1042 0040
1043 4000
1044 4000
1045 1000
1046 0003
1047 0104
1048 0001
1049 0440
1050 0600
1051 4400
1052 0280
1053 1008
1054 4800
1055 1000
1056 4000
1057 0600
1058 8000
1059 9000
1060 4008
1061 0001
1062 0200
1063 0400
1064 8000
1065 0080
1066 8000
1067 8400
1068 8080
1069 0100
1070 0002
1071 0200
1072 0210
1073 0040
1074 0240
1075 0018
1076 0080
1077 0410
1078 0600
1079 0210
1080 a000
1081 0081
1082 0410
1083 0044
1084 0404
1085 8000
1086 0040
1087 2000
1088 0002
1089 0800
1090 0200
1091 1200
1092 0008
1093 4000
1094 0002
1095 8010
1096 0004
1097 0600
1098 4000
1099 8000
1100 0110
1101 0400
1102 0008
1103 0420
1104 0012
1105 0210
1106 8002
1107 0004
1108 0480
1109 0004
1110 2400
1111 2000
1112 0002
1113 9000
1114 0020
1115 8000
1116 2010
1117 0040
1118 0a00
1119 8000
1120 0084
1121 0800
1122 0410
1123 0010
1124 2080
1125 0010
1126 0040
1127 0100
1128 0800
1129 0002
1130 2000
1131 8008
1132 0820
1133 0020
1134 000a
1135 2020
1136 5000
1137 1000
1138 0800
1139 1040
1140 0400
1141 0808
1142 0004
1143 8000
1144 0202
1145 0180
1146 0400
1147 0200
1148 0210
1149 0408
1150 8000
1151 0001
1152 0204
1153 0200
1154 0082
1155 0800
1156 0040
1157 1010
1158 0102
1159 0104
1160 0600
1161 0100
1162 4002
1163 0800
1164 0060
1165 0010
1166 0480
1167 4010
1168 0040
1169 0008
1170 1000
1171 8000
1172 0040
1173 0800
1174 0041
1175 8000
1176 0200
1177 1000
1178 4200
1179 0900
1180 0040
1181 0020
1182 4200
1183 0210
1184 1000
1185 8010
1186 4000
1187 0820
1188 0028
1189 4008
1190 2004
1191 0200
1192 0180
1193 0008
1194 000a
1195 0400
1196 0002
1197 2800
1198 1010
1199 1001
1200 1020
1201 0010
1202 0208
1203 4004
1204 0008
1205 4000
1206 4040
1207 0800
1208 0020
1209 0002
1210 0800
1211 0010
1212 0018
1213 a000
1214 0202
1215 4020
1216 0201
1217 0001
1218 0120
1219 0240
1220 0048
1221 0100
1222 0002
1223 4000
1224 8000
1225 1000
1226 0208
1227 1000
1228 0408
1229 0400
1230 0402
1231 0003
1232 2200
1233 2001
1234 0020
1235 0040
1236 1001
1237 0100
1238 0200
1239 0480
1240 0028
1241 0040
1242 4000
1243 0041
1244 0180
1245 4004
1246 0005
1247 8004
1248 0400
1249 0020
1250 0009
1251 1001
1252 0040
1253 0084
1254 0004
1255 2800
1256 2000
1257 2000
1258 0004
1259 0008
1260 1010
1261 0010
1262 0010
1263 0008
1264 4000
1265 0200
1266 0400
1267 1200
1268 8200
1269 0020
1270 0102
1271 2000
1272 8002
1273 2400
1274 4001
1275 4400
1276 2001
1277 0081
1278 1000
1279 0048
1280 2000
1281 0404
1282 0020
1283 0800
1284 0050
1285 4200
1286 0810
1287 0018
1288 0040
1289 8010
1290 0001
1291 1000
1292 0004
1293 0004
1294 4000
1295 0004
1296 0010
1297 0100
1298 1000
1299 8200
1300 0010
1301 2000
1302 0820
1303 0002
1304 0021
1305 4004
1306 0800
1307 0001
1308 0004
1309 0040
1310 0880
1311 0084
1312 000a
1313 4200
1314 8000
1315 8400
1316 0044
1317 2100
1318 0040
1319 2000
1320 8040
1321 2002
1322 0002
1323 0800
1324 0020
1325 0010
1326 0108
1327 0100
1328 0004
1329 1001
1330 4010
1331 8000
1332 8001
1333 0020
1334 4400
1335 0100
1336 2000
1337 0100
1338 2000
1339 0021
1340 4100
1341 0040
1342 6000
1343 0008
1344 0004
1345 0008
1346 6000
1347 0001
1348 00a0
1349 1080
1350 0001
1351 4000
1352 0060
1353 8000
1354 8800
1355 0800
1356 0500
1357 0801
1358 8004
1359 1100
1360 0100
1361 0201
1362 0080
1363 0002
1364 0009
1365 0010
1366 00c0
1367 2000
1368 0020
1369 4000
1370 0440
1371 2000
1372 8002
1373 0014
1374 0500
1375 4200
1376 4000
1377 0018
1378 0020
1379 0202
1380 0010
1381 0021
1382 2000
1383 0804
1384 2100
1385 0100
1386 8040
1387 3000
1388 0800
1389 4008
1390 0011
1391 4008
1392 4008
1393 2800
1394 0010
1395 0002
1396 0080
1397 0080
1398 0204
1399 0028
1400 3000
1401 3000
1402 0002
1403 1000
1404 0042
1405 3000
1406 0041
1407 0204
1408 1080
1409 0300
1410 0020
1411 0300
1412 2080
1413 0018
1414 0081
1415 4100
1416 0020
1417 1001
1418 0202
1419 000c
1420 0008
1421 0108
1422 2004
1423 0010
1424 0400
1425 1000
1426 0480
1427 0004
1428 0008
1429 0100
1430 0220
1431 0001
1432 0280
1433 4008
1434 0040
1435 0002
1436 4000
1437 0084
1438 0040
1439 6000
1440 6000
1441 0010
1442 0201
1443 0010
1444 2000
1445 2000
1446 0180
1447 0410
1448 0080
1449 0010
1450 0100
1451 8000
1452 1001
1453 0088
1454 0014
1455 0004
1456 0022
1457 0800
1458 0400
1459 0080
1460 0001
1461 8200
1462 0080
1463 2800
1464 0004
1465 00c0
1466 0800
1467 8000
1468 0080
1469 4010
1470 4200
1471 8010
1472 0140
1473 0200
1474 0020
1475 0220
1476 0001
1477 0800
1478 1000
1479 0200
1480 8200
1481 0020
1482 0004
1483 0012
1484 0048
1485 8000
1486 0001
1487 0800
1488 0003
1489 0202
1490 0100
1491 4800
1492 1020
1493 2000
1494 1000
1495 0005
1496 1002
1497 2080
1498 0280
1499 0080
1500 0040
1501 0080
1502 0104
1503 0108
1504 0804
1505 0800
1506 0042
1507 0040
1508 0002
1509 0080
1510 0800
1511 4000
1512 0800
1513 0210
1514 8040
1515 4400
1516 8200
1517 4004
1518 0004
1519 1000
1520 0020
1521 0044
1522 0010
1523 0020
1524 4010
1525 0004
1526 2001
1527 0440
1528 0140
1529 0100
1530 0008
1531 4020
1532 4080
1533 0002
1534 0048
1535 0001
1536 8100
1537 0060
1538 1004
1539 0001
1540 0002
1541 0004
1542 0004
1543 0002
1544 1004
1545 2000
1546 4000
1547 0100
1548 0008
1549 1800
1550 1004
1551 0002
1552 8000
1553 0500
1554 4002
1555 2000
1556 2200
1557 0440
1558 0808
1559 2002
1560 0002
1561 0008
1562 8000
1563 c000
1564 0440
1565 0800
1566 0500
1567 0440
1568 2008
1569 0010
1570 0008
1571 0800
1572 0030
1573 0001
1574 0048
1575 0420
1576 0600
1577 0008
1578 0004
1579 1002
1580 8002
1581 0400
1582 0001
1583 0004
1584 4008
1585 0012
1586 0008
1587 0050
1588 1400
1589 0001
1590 0002
1591 0200
1592 4000
1593 0100
1594 0408
1595 2002
1596 0880
1597 1000
1598 4080
1599 0220
1600 0004
1601 0200
1602 0204
1603 0120
1604 0108
1605 0080
1606 0011
1607 0010
1608 4001
1609 0800
1610 000a
1611 0002
1612 4800
1613 8000
1614 0100
1615 0001
1616 8000
1617 0002
1618 0800
1619 1100
1620 0080
1621 1001
1622 0420
1623 0c00
1624 0081
1625 0400
1626 0800
1627 4000
1628 4000
1629 5000
1630 0200
1631 2004
1632 0008
1633 1000
1634 4000
1635 0210
1636 0408
1637 4004
1638 0800
1639 0102
1640 1200
1641 0008
1642 0028
1643 1400
1644 4002
1645 0008
1646 0002
1647 0804
1648 0081
1649 4000
1650 0100
1651 0800
1652 0020
1653 0002
1654 1100
1655 8040
1656 0088
1657 1000
1658 0440
1659 2001
1660 0810
1661 2000
1662 0420
1663 2400
1664 0800
1665 0800
1666 c000
1667 0200
1668 0840
1669 0008
1670 8008
1671 2000
1672 0060
1673 0180
1674 0002
1675 2000
1676 0008
1677 a000
1678 0020
1679 4000
1680 1200
1681 1010
1682 1002
1683 0240
1684 0008
1685 1200
1686 0401
1687 0840
1688 0200
1689 0110
1690 1100
1691 0021
1692 0004
1693 4001
1694 0800
1695 0208
1696 0200
1697 0001
1698 0080
1699 0010
1700 0804
1701 1000
1702 4010
1703 1800
1704 9000
1705 0080
1706 000a
1707 0008
1708 0002
1709 2020
1710 4040
1711 0120
1712 0084
1713 8001
1714 0104
1715 0001
1716 0100
1717 0004
1718 0420
1719 0100
1720 0004
1721 0080
1722 0002
1723 8200
1724 0080
1725 4020
1726 8400
1727 1000
1728 2010
1729 1020
1730 0802
1731 0420
1732 0080
1733 4000
1734 4400
1735 0040
1736 000a
1737 0080
1738 0008
1739 4000
1740 0080
1741 8200
1742 0104
1743 0400
1744 4080
1745 0040
1746 0600
1747 0800
1748 5000
1749 0880
1750 0002
1751 5000
1752 2800
1753 0400
1754 0021
1755 0008
1756 2010
1757 1020
1758 0003
1759 0028
1760 c000
1761 0088
1762 2000
1763 0004
1764 0210
1765 0040
1766 000a
1767 8000
1768 0010
1769 0410
1770 0011
1771 0101
1772 4000
1773 0100
1774 4002
1775 0020
1776 0200
1777 0088
1778 8000
1779 0800
1780 0080
1781 8080
1782 8200
1783 0020
1784 8000
1785 0010
1786 0001
1787 2080
1788 8200
1789 0040
1790 0002
1791 0020
1792 8800
1793 000c
1794 0108
1795 6000
1796 0001
1797 0800
1798 0082
1799 1040
1800 0110
1801 0120
1802 0840
1803 1080
1804 1020
1805 4000
1806 0800
1807 0401
1808 4100
1809 2000
1810 8000
1811 0020
1812 2020
1813 1040
1814 0008
1815 8008
1816 2002
1817 0040
1818 1000
1819 0400
1820 0005
1821 2000
1822 8100
1823 0800
1824 0002
1825 2002
1826 8080
1827 0400
1828 1001
1829 0003
1830 0040
1831 1002
1832 1400
1833 1008
1834 0800
1835 0050
1836 8010
1837 0400
1838 00a0
1839 4001
1840 0004
1841 0020
1842 1010
1843 0040
1844 0006
1845 0002
1846 0048
1847 8004
1848 5000
1849 0402
1850 0200
1851 0040
1852 8000
1853 1010
1854 0004
1855 0020
1856 0008
1857 0008
1858 0021
1859 0010
1860 0204
1861 4100
1862 0005
1863 4000
1864 0300
1865 0880
1866 0204
1867 0900
1868 1400
1869 0600
1870 0800
1871 0001
1872 0002
1873 0082
1874 0404
1875 0500
1876 0400
1877 0c00
1878 0a00
1879 0100
1880 0100
1881 0040
1882 0900
1883 0280
1884 0202
1885 0001
1886 0800
1887 8000
1888 0001
1889 c000
1890 0040
1891 1002
1892 0009
1893 0220
1894 0024
1895 4004
1896 0090
1897 2000
1898 0804
1899 2000
1900 0102
1901 0802
1902 0040
1903 0030
1904 0040
1905 4800
1906 4000
1907 0200
1908 1010
1909 0801
1910 1000
1911 0021
1912 8040
1913 1002
1914 000c
1915 0280
1916 0404
1917 8200
1918 4100
1919 2000
1920 0008
1921 1000
1922 0040
1923 0800
1924 1002
1925 4002
1926 0480
1927 8200
1928 4100
1929 8010
1930 0040
1931 0028
1932 0202
1933 0010
1934 0180
1935 0081
1936 0002
1937 0082
1938 0012
1939 0400
1940 0440
1941 0004
1942 0010
1943 0041
1944 0200
1945 2200
1946 0410
1947 0010
1948 0022
1949 0020
1950 8000
1951 0009
1952 0006
1953 4000
1954 0001
1955 2200
1956 4000
1957 0048
1958 0210
1959 2000
1960 0014
1961 2000
1962 0102
1963 0204
1964 8010
1965 8000
1966 0100
1967 8000
1968 0020
1969 0084
1970 0400
1971 1000
1972 2000
1973 0081
1974 00c0
1975 4100
1976 0600
1977 0002
1978 0004
1979 4800
1980 0001
1981 2002
1982 0020
1983 0001
1984 2002
1985 0020
1986 1200
1987 1000
1988 0004
1989 8000
1990 2100
1991 0201
1992 0808
1993 0400
1994 0040
1995 0080
1996 0004
1997 0404
1998 0001
1999 4008
2000 1000
2001 0810
2002 0808
2003 8004
2004 0020
2005 8000
2006 0100
2007 1100
2008 0a00
2009 0020
2010 0004
2011 4400
2012 8000
2013 4004
2014 8200
2015 4400
2016 2020
2017 2400
2018 0020
2019 0880
2020 8400
2021 8000
2022 0008
2023 0008
2024 0028
2025 0400
2026 0081
2027 2000
2028 1000
2029 0004
2030 1800
2031 2008
2032 0400
2033 2004
2034 0100
2035 0500
2036 0010
2037 1020
2038 6000
2039 0002
2040 6000
2041 2040
2042 2200
2043 0008
2044 0004
2045 8080
2046 0008
2047 0010
