0 0010
1 8000
2 0001
3 0002
4 4000
5 4000
6 1000
7 0020
8 0020
9 2000
10 0002
11 0002
12 1000
13 4000
14 8000
15 0100
16 0004
17 1000
18 0008
19 2000
20 0800
21 0010
22 0001
23 0010
25 0400
26 0020
27 0001
29 0800
30 1000
31 4000
32 0200
33 0001
34 1000
35 0010
36 0200
38 2000
39 0002
40 8000
41 8000
42 0100
43 8000
44 4000
45 0800
46 1000
47 4000
49 0008
50 0001
51 1000
52 0080
53 0004
54 0008
55 0100
56 0002
57 0100
58 0001
59 0100
60 0002
61 2000
62 8000
63 0010
64 0010
66 4000
67 0800
68 4000
69 0080
70 0002
71 0400
72 0400
73 0100
74 0100
75 0008
76 0001
77 0010
80 8000
82 4000
83 0004
84 0004
86 4000
87 0008
89 4000
90 0080
91 0010
92 0004
94 0200
96 0008
97 2000
98 0400
99 0008
101 0400
102 0100
103 0400
104 0800
105 8000
106 8000
107 0800
108 0400
109 0010
110 0040
111 0080
112 0080
114 2000
115 0010
116 2000
117 0004
118 0080
119 0100
120 0080
121 0200
122 0020
123 2000
128 0100
129 0100
130 0100
131 0001
132 1000
133 0400
134 0400
135 0800
136 0002
137 4000
138 8000
139 4000
140 0040
141 0400
142 0020
144 0080
145 4000
146 0800
147 0020
148 0080
149 0040
150 0020
152 0100
153 0040
154 0020
155 0080
156 4000
157 8000
158 0008
159 0004
160 0100
161 4000
162 0100
163 0020
166 0002
167 1000
168 1000
169 0200
170 0010
171 0001
172 1000
173 2000
174 0100
175 0020
176 0100
177 0800
178 0004
179 4000
180 0001
181 0001
182 4000
183 0800
184 8000
185 0001
187 0008
188 0002
189 2000
190 0002
191 8000
192 0020
193 0001
194 0004
195 2000
197 1000
198 0010
199 0040
200 0001
201 0020
202 0020
203 0001
204 1000
206 0400
207 0200
208 0004
209 0040
210 0080
211 0010
212 0100
213 0040
214 0008
216 0200
217 0001
218 8000
219 0400
220 4000
221 0008
222 0100
223 0008
224 1000
225 0200
226 0800
228 0001
229 0100
230 0200
231 0020
232 0020
233 0008
234 0800
235 0010
236 0200
237 0100
238 0080
239 0200
240 0040
241 1000
242 0008
243 0020
244 0001
245 0020
246 0008
248 0008
249 0002
250 0800
251 0800
252 0002
254 1000
255 8000
256 2000
257 1000
258 0010
259 0200
260 0040
261 0040
262 0010
263 0100
264 0001
265 1000
266 0008
267 0100
268 4000
269 0080
270 0200
271 0100
272 0200
273 0001
274 0020
275 0100
276 4000
277 8000
278 0100
279 0010
280 0008
281 0001
282 4000
283 0800
284 0200
285 0040
286 0002
287 4000
288 0008
289 0020
290 0100
291 0200
292 1000
293 1000
294 0001
295 0004
296 0040
297 0001
300 0002
301 2000
302 0008
303 2000
304 0800
305 0400
306 4000
307 1000
308 0010
309 0100
310 2000
311 0001
312 1000
313 0040
314 0100
315 4000
316 0010
317 0400
318 0010
319 8000
320 0800
321 0010
322 0020
323 0004
324 4000
325 0080
326 0008
327 0004
328 0400
329 0080
330 0020
331 4000
332 0040
333 4000
334 0080
335 0010
336 0800
337 1000
338 0100
339 0008
340 0008
341 0080
342 0001
343 0040
344 0020
345 0400
346 2000
347 0100
348 2000
349 0001
350 0800
351 0400
353 0100
354 0004
355 0400
359 0001
360 0800
361 0008
362 0080
363 0001
364 0001
365 0001
366 0080
367 0004
368 0020
369 2000
370 0200
371 0800
372 0200
373 0200
374 0080
375 0004
376 2000
377 2000
378 0020
379 0800
380 0100
381 0008
382 0080
383 1000
384 0040
386 0020
387 0200
388 1000
389 0020
390 0004
391 0020
392 0200
394 1000
395 0020
396 0200
398 0400
399 1000
401 4000
402 4000
403 0080
404 0400
405 0200
406 0200
407 4000
408 8000
409 0100
410 0001
411 0400
412 1000
413 2000
414 0800
416 0080
417 0100
419 0100
420 0080
421 0100
422 1000
423 0400
424 0001
425 0080
426 0040
427 8000
428 0020
430 0002
431 0080
433 0080
434 0004
436 2000
437 0100
438 0080
439 1000
441 4000
442 0040
443 0100
444 0040
445 0008
446 0020
447 0040
448 0800
449 4000
450 0400
451 0400
452 0001
453 0080
455 0010
456 0400
457 0800
458 4000
459 0020
460 0100
461 0004
462 8000
464 4000
465 0008
467 0080
468 0100
469 2000
470 1000
471 0020
472 1000
473 1000
474 0004
475 0200
476 0200
477 0040
478 0020
479 1000
480 0008
481 4000
482 4000
483 2000
484 0100
485 0010
486 8000
487 0400
488 0400
489 0020
490 0800
491 0200
492 0002
493 0008
494 8000
495 4000
496 0002
497 4000
498 0001
500 0008
502 4000
503 4000
505 0002
506 0020
507 0001
508 4000
509 0400
510 0100
511 0400
512 2000
514 0200
515 0200
516 0400
517 0400
518 0020
519 0010
520 0400
521 0040
522 0008
523 1000
524 0800
525 0004
526 0008
527 0080
528 0004
529 0400
530 8000
532 0002
533 8000
534 0040
535 1000
536 1000
537 0010
538 0001
539 0001
540 1000
541 0040
542 0008
543 0800
544 4000
545 0008
546 0010
547 0400
548 1000
549 0020
550 0020
551 0040
552 0001
553 0004
554 2000
555 0010
556 8000
557 0400
558 0001
559 2000
560 0010
561 1000
562 2000
563 0800
564 0800
565 0080
566 0200
567 0200
568 0010
569 0040
570 0400
571 0400
573 0100
574 0200
575 0020
576 0040
577 0200
578 2000
579 0010
580 4000
581 0008
582 4000
583 0010
584 0400
585 0400
586 0800
589 0400
590 0100
591 0100
592 0080
593 0001
594 0020
595 0010
596 0200
597 8000
598 2000
599 0010
600 2000
601 0200
602 0400
603 0100
604 0004
605 0008
606 0001
607 0800
608 0040
609 2000
610 0002
611 0100
612 0040
613 0008
614 0080
615 4000
616 1000
617 0080
618 0800
619 0080
620 4000
621 0040
622 0004
623 0008
624 0200
625 0080
627 0008
628 0200
629 4000
631 4000
632 0002
634 2000
635 0010
636 0004
637 0400
638 4000
639 0020
640 0080
641 0001
642 0800
643 0100
645 0800
646 0800
647 0200
648 0020
649 0800
650 0002
651 1000
653 2000
655 0004
656 0040
657 0080
658 0002
659 0001
660 2000
661 0004
662 0200
663 2000
664 0100
665 0008
666 4000
667 0200
668 0100
669 0020
670 0008
672 0008
673 0020
674 0001
675 0008
676 8000
677 0400
678 0010
679 0200
680 0004
681 0010
682 0200
683 0010
684 4000
685 8000
686 2000
687 2000
688 0020
689 0020
690 0200
691 1000
692 0040
693 0020
694 0002
695 0400
696 0010
697 0004
698 0040
699 0001
700 0020
702 0010
703 0400
704 0800
705 0080
706 0008
707 0400
708 0001
709 0004
710 4000
711 0100
712 0004
713 0080
714 0200
717 0002
718 1000
720 0010
721 0080
722 0200
723 0020
725 0400
726 0200
727 0080
728 0001
729 0200
730 0020
731 0100
732 0010
733 0020
734 0100
735 0020
736 4000
737 0080
738 0002
739 2000
740 0400
741 1000
742 4000
743 0004
744 0400
745 0002
746 1000
747 0002
748 4000
749 0008
750 2000
751 0010
752 1000
753 2000
755 1000
756 0200
757 0040
758 0100
759 0100
760 0080
761 4000
762 0400
763 0010
764 4000
765 0010
766 8000
767 0004
768 0001
769 0200
770 0004
771 0080
772 0800
773 1000
774 1000
775 0002
776 0020
777 0800
778 4000
779 0008
782 0800
783 0004
784 4000
785 1000
786 8000
787 0010
788 0040
789 0200
790 4000
791 0002
792 0040
793 0200
794 1000
795 0004
796 8000
797 4000
798 0800
799 4000
800 0200
801 4000
802 2000
803 0010
804 0004
805 0040
807 0002
808 0002
809 0100
810 8000
811 0004
812 0400
813 0020
814 0080
815 1000
816 2000
817 0001
818 0020
819 0004
820 0004
821 1000
823 2000
824 2000
826 4000
827 1000
828 4000
829 0002
830 0004
832 0004
834 0200
835 0400
837 0020
839 0100
840 0080
841 1000
842 0100
843 0020
844 8000
845 0400
846 0040
847 0100
848 0200
849 0400
850 2000
853 4000
854 0020
855 1000
856 0008
857 8000
858 4000
859 0004
860 0040
861 0100
862 4000
863 4000
864 0400
865 0040
866 0040
867 2000
868 0400
869 0001
870 0800
871 2000
872 0004
873 0040
874 0002
875 4000
876 4000
877 0080
879 8000
881 0004
882 0004
883 0200
884 0400
885 2000
886 8000
887 0020
889 0200
890 0400
891 0004
893 0800
894 0001
895 2000
896 0008
897 0400
898 0020
899 0002
900 0100
901 0400
903 2000
904 1000
905 8000
906 4000
907 0010
908 8000
909 1000
910 8000
911 0004
912 0002
913 0100
914 0001
915 0010
916 0020
918 0400
919 0008
920 0040
922 0008
923 8000
924 8000
926 4000
928 0800
929 0020
930 0001
931 0400
932 0002
933 0010
935 0004
936 0100
937 0002
938 0002
939 0800
940 0100
942 8000
943 0200
944 0008
947 0080
948 0080
951 0004
952 0020
954 0080
955 0800
956 8000
958 4000
959 0010
960 0010
961 0002
962 0080
963 0020
964 0004
968 2000
969 0004
970 0020
971 0040
972 0004
973 0040
974 0004
975 8000
976 4000
977 0020
978 4000
979 0008
980 4000
981 1000
982 1000
983 0008
984 0400
985 0200
986 0800
987 2000
988 0002
989 2000
990 0200
991 0020
992 0080
993 0400
994 0200
995 0040
996 0001
997 0100
998 0200
999 0008
1000 0200
1001 0100
1002 0800
1003 0001
1004 0008
1005 0100
1006 2000
1007 0800
1008 0040
1009 0200
1010 0010
1011 4000
1012 4000
1013 0040
1014 0001
1015 0800
1016 1000
1017 1000
1018 0001
1019 0001
1020 0004
1021 0020
1022 0040
1023 1000
1024 0008
1025 0040
1027 0400
1028 1000
1029 0001
1031 8000
1032 0800
1033 4000
1034 0040
1035 1000
1038 8000
1039 0100
1040 0200
1041 0040
1042 0010
1043 4000
1044 0010
1045 0040
1046 1000
1047 0400
1048 0008
1049 0800
1050 0040
1051 0400
1052 0040
1053 0010
1054 0008
1055 0020
1056 0080
1057 0004
1058 4000
1059 1000
1060 0002
1062 0020
1063 0001
1064 8000
1065 8000
1066 0080
1067 0080
1068 0004
1069 8000
1070 0008
1071 0002
1072 8000
1073 0020
1074 0040
1075 8000
1076 0040
1077 0002
1080 0001
1081 0200
1083 0008
1084 0200
1085 0004
1086 0200
1087 0800
1088 0010
1089 0002
1090 0200
1091 0800
1092 0800
1093 0002
1094 4000
1095 0080
1096 0001
1097 1000
1098 0010
1099 0080
1100 1000
1101 8000
1102 0080
1103 8000
1104 0800
1105 0100
1106 0010
1107 0100
1108 0800
1109 0080
1110 0001
1111 0800
1112 0100
1113 0001
1114 8000
1115 0002
1116 0002
1117 0008
1118 1000
1119 0002
1120 1000
1121 0008
1122 0001
1123 8000
1124 0002
1126 0080
1128 1000
1129 0400
1131 0008
1132 0100
1133 0100
1134 8000
1135 8000
1136 0400
1137 0040
1138 0100
1139 0010
1140 0100
1141 0004
1142 0008
1143 2000
1144 8000
1145 0002
1146 0400
1147 2000
1148 0004
1149 8000
1150 1000
1151 4000
1152 4000
1153 0004
1154 1000
1155 0010
1156 0200
1158 1000
1160 0040
1161 0400
1162 2000
1163 4000
1165 0008
1166 0001
1167 0004
1168 0040
1169 0004
1170 0400
1171 0200
1172 0100
1173 0008
1174 0400
1175 0800
1176 0010
1177 4000
1178 2000
1179 0004
1180 4000
1181 0080
1182 0800
1183 0100
1184 0040
1185 0200
1186 0080
1187 2000
1188 0200
1189 0010
1190 0080
1191 0200
1192 0010
1193 0002
1194 0800
1195 0200
1196 4000
1198 0100
1199 0100
1200 0800
1201 0002
1203 0800
1204 0002
1205 0010
1206 0080
1207 0040
1208 0100
1209 0400
1210 0400
1211 0001
1212 0020
1213 0100
1214 0040
1215 0008
1216 8000
1217 0002
1218 0200
1219 0800
1220 0200
1221 0020
1222 0004
1224 0008
1225 0001
1226 0010
1227 0100
1228 0002
1229 0004
1230 0080
1231 4000
1232 0800
1234 0020
1236 0080
1237 0020
1238 0200
1240 0080
1242 0100
1243 4000
1244 8000
1245 0200
1246 0080
1247 0080
1248 0010
1249 0004
1250 1000
1251 1000
1252 0080
1253 0008
1254 0008
1255 0100
1256 0400
1257 0200
1258 0002
1259 8000
1260 4000
1261 0001
1262 0010
1263 0010
1264 0800
1265 0040
1266 0400
1267 0010
1268 0002
1269 0400
1270 0040
1271 0040
1272 0080
1273 0002
1274 4000
1275 0020
1276 0400
1277 2000
1278 0008
1279 0200
1280 0400
1281 1000
1282 4000
1283 0010
1284 4000
1285 0010
1286 2000
1287 2000
1288 8000
1289 0800
1290 0020
1291 0040
1292 0800
1293 0008
1294 4000
1295 0001
1296 0004
1297 0002
1298 0001
1299 0002
1300 0004
1301 0001
1302 8000
1303 0008
1305 0040
1306 0400
1307 0400
1308 0002
1309 0040
1310 0001
1311 0040
1312 0004
1313 0400
1315 0010
1316 0002
1317 1000
1318 0200
1320 0040
1322 0004
1323 0400
1324 0001
1326 1000
1327 2000
1328 0004
1329 0002
1330 0200
1331 0400
1332 0080
1333 0002
1334 4000
1335 4000
1336 0004
1337 0008
1338 0020
1339 0008
1340 0010
1341 0002
1342 0080
1343 0400
1344 0010
1345 0004
1346 8000
1347 0040
1348 4000
1349 0200
1350 0400
1351 4000
1352 0001
1353 0080
1354 0008
1355 0004
1356 1000
1357 0008
1358 0002
1359 0002
1360 0001
1362 8000
1363 0040
1364 0100
1365 0002
1366 1000
1367 0004
1368 1000
1369 2000
1370 0080
1371 0008
1372 0001
1373 0010
1374 0008
1375 0100
1376 0001
1377 4000
1378 0800
1379 0004
1381 0020
1382 0080
1383 0080
1384 2000
1385 0400
1386 0800
1387 8000
1388 0020
1389 0010
1390 2000
1391 1000
1392 0080
1393 0008
1394 0020
1395 2000
1396 0100
1397 0400
1398 0020
1399 0040
1400 0400
1401 0020
1402 0800
1403 0010
1404 0001
1405 4000
1406 0200
1407 0010
1408 0001
1409 0008
1410 4000
1411 0010
1412 0800
1413 0800
1414 0001
1415 0008
1416 0800
1417 0010
1418 0040
1419 0080
1421 0004
1422 0400
1423 0010
1424 2000
1425 0800
1426 0001
1427 0020
1428 2000
1429 0001
1430 0004
1431 2000
1432 2000
1433 0004
1434 2000
1435 0010
1437 0200
1438 0001
1439 0040
1440 8000
1441 0002
1442 8000
1443 0002
1444 0080
1445 0002
1446 8000
1447 0008
1448 0800
1449 0020
1450 0002
1451 0800
1452 2000
1453 0400
1454 0004
1455 0008
1456 0010
1459 0200
1460 0001
1461 8000
1462 0100
1464 0001
1465 0020
1467 0100
1468 2000
1469 0020
1470 1000
1471 4000
1473 0020
1474 0001
1475 0002
1476 0200
1477 0080
1478 4000
1479 0004
1480 0080
1481 0002
1482 0001
1483 0200
1484 0008
1485 0002
1486 0008
1487 0002
1488 0800
1489 0020
1490 0020
1491 0010
1493 0020
1494 0002
1495 0001
1496 0800
1497 0020
1498 1000
1499 0004
1500 0800
1501 8000
1502 0100
1503 0010
1504 0080
1505 0002
1506 0008
1507 0010
1508 0002
1509 2000
1510 0004
1511 0010
1512 0400
1513 0010
1514 0080
1515 0040
1516 1000
1517 0400
1518 0200
1519 4000
1520 0010
1521 4000
1522 0002
1523 0020
1524 0010
1525 0002
1526 0100
1527 0800
1529 0002
1530 0080
1531 0400
1533 0100
1534 0080
1535 2000
1536 0800
1537 0400
1538 0800
1539 0100
1540 0800
1541 0800
1542 0200
1543 0020
1544 0400
1545 0010
1546 0010
1547 0080
1549 0010
1550 0200
1552 0100
1553 0004
1554 4000
1555 0004
1556 0100
1557 0800
1558 0010
1559 0400
1560 1000
1561 0001
1562 0200
1563 0020
1564 1000
1566 0040
1567 0800
1568 0004
1569 0020
1571 4000
1573 4000
1574 0100
1575 0400
1576 0800
1577 0400
1578 0200
1579 4000
1580 0008
1581 0400
1582 1000
1584 8000
1585 0001
1586 0200
1587 0004
1588 0010
1589 2000
1590 4000
1591 0800
1593 0020
1594 0004
1595 0040
1596 0001
1597 0200
1598 0200
1599 8000
1600 0400
1601 0004
1602 2000
1603 0400
1604 0020
1605 0001
1606 4000
1607 0010
1608 0200
1609 0400
1610 0010
1611 0004
1612 0001
1613 0008
1614 0040
1615 4000
1616 0200
1617 0400
1618 0020
1619 0400
1620 0004
1621 0400
1622 0100
1624 0002
1625 0020
1626 0004
1627 0200
1628 2000
1629 0040
1630 0800
1631 2000
1632 0020
1633 0200
1634 0200
1635 0004
1636 4000
1637 0100
1638 0020
1639 0008
1641 0080
1642 0010
1643 0200
1644 0100
1645 0010
1646 0008
1647 8000
1648 0400
1649 0008
1650 0002
1652 0100
1653 0008
1654 1000
1655 0080
1656 0008
1657 1000
1658 0002
1659 0020
1660 0800
1661 4000
1662 0800
1663 0001
1664 0800
1666 0010
1667 0080
1668 0400
1669 0200
1670 0002
1671 0008
1672 0002
1674 0008
1675 0020
1676 4000
1678 0010
1679 0800
1680 1000
1682 0100
1683 0004
1684 1000
1685 0020
1686 0010
1687 0004
1688 0800
1689 0004
1690 0010
1691 0020
1692 0040
1693 0020
1694 0080
1695 2000
1696 1000
1697 0400
1698 0001
1699 0080
1700 0001
1701 0400
1702 0200
1704 0020
1705 0020
1706 2000
1707 0040
1708 0100
1709 0800
1710 0010
1712 0400
1713 0400
1714 0040
1715 0004
1716 0020
1717 0800
1718 8000
1719 0004
1720 0004
1721 0200
1722 4000
1723 0100
1724 0040
1725 0020
1726 0020
1727 1000
1728 0040
1729 2000
1730 0004
1731 4000
1732 0040
1733 0002
1734 0002
1735 4000
1736 0080
1737 2000
1738 0800
1739 0001
1740 0100
1741 4000
1742 4000
1744 1000
1745 0400
1746 0080
1747 0001
1748 0800
1749 0010
1750 0020
1751 8000
1752 0800
1754 0100
1755 0010
1756 0100
1758 8000
1759 0080
1760 0040
1761 0400
1762 1000
1763 8000
1765 0004
1766 0040
1767 0040
1768 0800
1769 2000
1770 0004
1771 0008
1772 0004
1773 8000
1774 0010
1775 0100
1776 0080
1777 0040
1779 0008
1780 4000
1781 0200
1782 0010
1783 0002
1784 0040
1785 0080
1786 0004
1787 0002
1788 0002
1789 0800
1790 0100
1791 0002
1792 0010
1793 0010
1794 1000
1795 0010
1796 0001
1797 0080
1799 0400
1800 2000
1801 0800
1802 0400
1803 1000
1805 0001
1806 0004
1807 0040
1808 1000
1809 0001
1810 2000
1811 0001
1812 0200
1813 0004
1814 0800
1815 0400
1816 0001
1817 0004
1818 0001
1819 0010
1820 0004
1821 0008
1822 0040
1823 1000
1824 0010
1825 0800
1826 0002
1827 0001
1828 0800
1829 2000
1830 0080
1832 1000
1833 2000
1834 4000
1835 0001
1836 0010
1837 0040
1838 0040
1839 0004
1840 0020
1841 1000
1842 8000
1843 0001
1844 0004
1846 0080
1847 0002
1848 0004
1850 1000
1851 0002
1852 0002
1853 2000
1855 0001
1856 0400
1857 0004
1858 0800
1860 8000
1861 8000
1862 8000
1863 1000
1864 0020
1865 0004
1867 0004
1869 0010
1870 0008
1871 0010
1872 0020
1873 0020
1874 0400
1875 0100
1876 0020
1877 0002
1878 0100
1879 0800
1880 0400
1881 0020
1882 0040
1883 1000
1884 8000
1885 0001
1886 0020
1887 0040
1888 0080
1889 0080
1892 4000
1893 1000
1894 8000
1895 0001
1896 0002
1897 1000
1898 0020
1899 0100
1900 8000
1901 0004
1902 0004
1903 8000
1904 0008
1906 1000
1907 0100
1908 2000
1909 0800
1910 8000
1911 0001
1912 1000
1913 0800
1914 0040
1915 0008
1916 0800
1917 0400
1918 0800
1919 4000
1920 4000
1922 8000
1924 0100
1925 0400
1926 8000
1927 0010
1928 8000
1929 0008
1930 0040
1931 0200
1932 0100
1933 0400
1934 0080
1935 0400
1936 0010
1937 0004
1939 0800
1940 0400
1941 0004
1942 0002
1943 0004
1944 0800
1945 0020
1947 0010
1948 4000
1949 0040
1950 1000
1951 0040
1952 0008
1953 0800
1954 1000
1955 0010
1956 4000
1957 1000
1958 0001
1959 0001
1960 0080
1961 0200
1962 0008
1963 0040
1964 0020
1965 0200
1967 0040
1969 0002
1970 0800
1971 0400
1972 0001
1973 0100
1974 0008
1975 0800
1976 0010
1978 0080
1979 0001
1980 0100
1981 0002
1982 0400
1983 0100
1984 4000
1985 0200
1986 0800
1987 0040
1988 0080
1989 0010
1990 0001
1991 0001
1992 0040
1993 2000
1994 0200
1995 0080
1996 0040
1997 0040
1998 1000
1999 0200
2000 0040
2001 8000
2002 2000
2003 0010
2005 0008
2006 4000
2007 0008
2008 0800
2009 0002
2010 4000
2011 0004
2012 0100
2013 0004
2014 8000
2015 0001
2016 1000
2017 0010
2018 0004
2019 0002
2020 0001
2021 0010
2022 8000
2023 0001
2024 0040
2025 0010
2026 0001
2027 0080
2028 0001
2029 0002
2030 0001
2031 2000
2032 0010
2034 0008
2035 1000
2036 0080
2037 0040
2038 0002
2039 0100
2040 2000
2041 0040
2042 0008
2043 0200
2044 0400
2045 0002
2046 0200
2047 0020
