0 0010
2 0002
3 0008
5 4000
8 1000
10 4000
11 0040
13 0002
14 0002
17 4000
19 0800
20 0100
23 0008
25 2000
26 0800
30 0002
33 0400
34 0020
39 0001
42 1000
43 0080
44 0010
47 0100
48 0200
49 2000
50 0002
51 8000
52 8000
53 0100
54 8000
55 4000
57 0001
59 4000
63 0001
65 0080
66 4000
68 0008
75 0001
76 0100
77 0002
78 2000
80 0040
82 0010
85 0001
86 8000
87 0400
88 0400
90 0400
91 0400
92 0100
93 0100
96 0001
98 0001
100 8000
102 4000
105 0004
109 0008
111 4000
112 0080
115 0004
118 0010
119 0008
120 2000
121 0400
125 0400
126 0100
128 4000
129 0020
131 8000
132 0800
137 0040
138 0080
140 0200
142 0002
144 2000
148 0020
149 0004
152 0004
153 0080
159 0100
160 0100
161 0100
163 0200
165 0400
169 0010
174 0080
175 4000
178 0002
179 0008
182 4000
183 0800
184 0020
185 0080
188 0020
191 0010
193 0020
195 0040
196 0100
197 0400
202 2000
203 2000
205 0020
210 1000
213 0200
214 0010
217 1000
219 8000
223 0100
224 0800
226 0020
229 0800
230 0400
231 0400
232 0020
234 0001
237 0100
242 1000
243 0008
244 2000
245 8000
248 0200
250 0002
253 0100
258 0100
260 1000
262 0400
265 0004
267 0800
268 0004
269 4000
270 0400
271 0040
274 0200
275 0001
276 8000
278 0004
281 1000
283 0008
284 1000
285 0200
287 1000
288 0001
289 0100
296 0008
298 8000
300 0200
303 0080
304 0200
305 0040
306 1000
307 0008
308 0020
311 0020
312 0008
314 0008
315 0002
316 0800
319 0002
322 0200
324 2000
326 0008
327 2000
328 0001
329 0080
332 4000
334 0001
337 0008
339 0004
342 0400
343 0080
344 0800
345 0080
346 0020
348 0100
349 4000
352 0100
356 0002
357 0400
358 0010
362 0040
364 0040
365 0100
371 0200
377 2000
378 0200
380 0001
384 0008
386 0008
387 2000
388 0800
389 0400
390 4000
391 1000
393 4000
394 0040
395 0020
400 0020
401 2000
403 0010
406 0010
407 8000
410 0010
417 0080
418 0008
421 0400
426 4000
430 0800
432 0010
433 0800
434 1000
437 0008
438 0008
439 0080
440 0001
442 0040
443 0008
444 0008
446 0100
447 2000
449 0004
451 0400
454 0400
456 0400
460 0001
461 0800
462 0008
463 0080
467 4000
468 0002
470 0004
471 0020
474 0200
475 0800
477 1000
478 0010
480 0004
481 2000
482 2000
483 0020
489 0004
491 1000
492 0040
495 0001
496 0080
499 0010
501 0020
502 0200
505 0020
507 0200
511 1000
513 4000
515 2000
517 0400
519 0004
520 0040
521 4000
522 1000
523 0004
524 4000
525 0020
526 1000
527 8000
530 0080
531 0100
534 0004
535 0800
536 2000
538 0400
542 8000
547 0008
548 0002
550 2000
551 0080
553 4000
554 2000
555 0100
556 0080
564 0100
570 0001
571 0010
572 0004
573 0004
574 0080
577 0020
578 0040
579 0010
581 4000
583 4000
584 0020
586 0008
587 0010
590 4000
591 0008
595 0100
597 0001
598 0001
601 0200
602 0002
606 0200
612 0010
615 0080
616 0100
617 0040
618 1000
619 0200
620 0008
621 4000
623 0020
624 0800
625 0200
627 0200
629 8000
630 4000
631 0002
633 0008
637 8000
640 4000
642 0002
643 0020
645 0020
646 1000
647 0200
648 0800
649 0200
652 0200
661 0010
662 0400
664 0800
667 0200
668 0100
669 0008
671 0080
674 0400
678 0002
684 0080
685 0100
686 0002
687 0002
688 0004
689 4000
694 0040
696 0008
698 0008
701 0010
702 0008
704 0040
705 0001
706 0004
709 0010
710 8000
712 0080
717 0400
718 0001
719 0008
720 0008
721 0400
723 0200
724 0200
725 0010
727 0002
728 0010
731 0100
732 0200
735 0040
739 0080
740 1000
741 0080
742 0020
744 0010
746 0004
748 0800
752 0400
754 0100
755 0080
759 2000
761 0200
763 2000
767 2000
771 0001
775 0008
776 0001
778 0001
780 2000
782 0008
783 0001
784 0001
785 1000
787 4000
791 0004
793 0080
794 4000
801 0200
805 0008
806 0200
807 4000
810 0010
813 2000
816 0004
817 0400
819 0080
820 0400
822 0001
823 0800
828 0400
829 0100
832 0080
834 0002
836 0080
840 0004
843 0080
844 0002
845 0001
846 2000
848 0004
849 0400
851 0100
852 0008
853 4000
855 0010
856 0040
858 0008
860 0008
861 0020
862 0001
863 0008
866 0400
869 0200
877 2000
878 0008
879 0020
883 0020
885 1000
888 8000
890 0020
893 0400
895 4000
897 0040
900 0020
904 0400
905 0800
907 0040
908 0001
909 0002
915 0100
917 2000
918 8000
919 0020
926 0010
927 0080
930 0020
932 0400
933 0200
934 0080
935 0001
939 0010
941 0010
944 0100
945 0020
947 0800
948 0020
949 0080
951 0400
952 1000
953 4000
954 0004
955 0400
956 0002
959 0002
963 0080
964 0002
967 0100
968 0200
969 1000
970 0200
972 0200
973 0020
975 0080
976 4000
978 0200
980 4000
987 0001
992 0080
994 0004
995 0040
996 0008
1001 1000
1003 0008
1010 4000
1012 0040
1013 0400
1014 0020
1019 0010
1025 1000
1029 0040
1030 0004
1032 4000
1033 0200
1034 4000
1035 2000
1039 0001
1042 0002
1043 0002
1044 0100
1045 8000
1046 0004
1047 0400
1050 0080
1051 1000
1052 2000
1057 0004
1058 0004
1060 0004
1062 8000
1063 0100
1067 0001
1074 0004
1076 0200
1080 0020
1085 0010
1087 0100
1090 8000
1092 0001
1093 0008
1094 0080
1095 0200
1096 0010
1107 8000
1111 0004
1113 8000
1116 0010
1117 0200
1120 8000
1124 0400
1126 1000
1128 2000
1129 0004
1135 0004
1136 0008
1137 0040
1138 8000
1140 0004
1141 0004
1142 0200
1143 0400
1144 2000
1146 8000
1147 0001
1148 0200
1154 0800
1155 0001
1157 1000
1158 0001
1160 0020
1161 0002
1163 0002
1164 0100
1167 1000
1169 0200
1170 0400
1175 2000
1176 0008
1178 0002
1180 0040
1188 8000
1190 0040
1193 0010
1194 0080
1198 0004
1199 0800
1200 0020
1204 8000
1206 0010
1208 0004
1211 0002
1212 0002
1215 0100
1217 8000
1218 0200
1219 0008
1222 0080
1227 0004
1228 0020
1230 0080
1232 0002
1233 0010
1236 0010
1237 0010
1240 0080
1241 0020
1243 0040
1251 0020
1252 0008
1255 0002
1256 1000
1257 8000
1258 0004
1259 0200
1262 1000
1264 1000
1266 0010
1268 0400
1269 0200
1270 0800
1271 2000
1273 0010
1275 0200
1276 0020
1277 0080
1278 0400
1279 0200
1281 8000
1282 0800
1285 2000
1288 0040
1292 0001
1294 0100
1295 8000
1296 0002
1298 0040
1299 0200
1303 0040
1304 0200
1305 0400
1306 0002
1307 0400
1308 0040
1309 0040
1311 0001
1312 0004
1313 0020
1314 0040
1315 1000
1316 0008
1317 0040
1319 0400
1320 1000
1321 0001
1323 8000
1324 0800
1325 4000
1326 0040
1331 8000
1334 0200
1335 0040
1336 0010
1339 0010
1341 0010
1343 0400
1344 0008
1350 0200
1351 0100
1352 0020
1353 0008
1356 0001
1360 1000
1362 8000
1364 0020
1366 8000
1367 8000
1368 0080
1369 0080
1371 0004
1373 0008
1374 0002
1377 0020
1378 0040
1381 0040
1386 0001
1387 0200
1390 0400
1391 0100
1392 0001
1393 4000
1394 0020
1396 0002
1397 0200
1398 0800
1400 0002
1401 2000
1404 0800
1405 2000
1407 0010
1408 0080
1412 0200
1415 0800
1416 2000
1418 0010
1419 0100
1420 0800
1424 0002
1425 0400
1426 0004
1429 0008
1430 0008
1433 1000
1435 0002
1437 1000
1438 0100
1441 0100
1442 0200
1443 0080
1445 1000
1447 0200
1450 0100
1452 0200
1456 0400
1458 0100
1461 8000
1462 0400
1463 0400
1465 2000
1466 8000
1467 0002
1470 2000
1471 0004
1473 0020
1474 0200
1476 4000
1480 0020
1483 1000
1485 0080
1491 0010
1492 8000
1493 0008
1496 0004
1497 0040
1498 0004
1500 0020
1504 0008
1505 0400
1506 0800
1507 0010
1508 4000
1510 8000
1516 0800
1520 0010
1521 8000
1522 2000
1526 0010
1528 4000
1529 0200
1531 0002
1532 0800
1534 0040
1538 0008
1539 0040
1541 0002
1543 0800
1544 0002
1545 0010
1546 0080
1547 0040
1548 0100
1552 0040
1553 0010
1555 0100
1556 0040
1561 0002
1565 0080
1566 0200
1567 0008
1573 0200
1576 2000
1577 0200
1578 0004
1580 4000
1582 0800
1588 0020
1589 0200
1591 0080
1596 1000
1597 0100
1602 2000
1603 8000
1604 0008
1606 1000
1607 0080
1609 0080
1610 0040
1611 0100
1613 0200
1614 0002
1615 8000
1618 0001
1623 0800
1625 1000
1627 0010
1628 0002
1629 0400
1630 0040
1631 0040
1632 0080
1635 4000
1636 0020
1638 0002
1642 0200
1644 0080
1645 0004
1646 0400
1647 0001
1652 0008
1654 8000
1655 0800
1658 0040
1659 0800
1661 0080
1663 0001
1664 0004
1672 1000
1675 0400
1676 0002
1679 0400
1682 0002
1684 0080
1686 0040
1687 0004
1692 0800
1696 0200
1699 0004
1700 0004
1701 0400
1702 0001
1704 1000
1705 2000
1706 0004
1709 0200
1710 0400
1711 0080
1712 0002
1713 4000
1715 8000
1716 8000
1718 0020
1722 0008
1723 0004
1724 2000
1727 0200
1728 0080
1730 0040
1731 4000
1733 4000
1735 4000
1736 0001
1739 0008
1740 0004
1741 1000
1742 0008
1745 0002
1747 0040
1748 8000
1749 0040
1750 0100
1752 0080
1753 0002
1758 0080
1760 0008
1761 0001
1762 0010
1766 0080
1768 4000
1770 0002
1771 4000
1772 0020
1773 0080
1774 0080
1775 2000
1776 0400
1777 0800
1778 8000
1783 2000
1789 0002
1790 0200
1793 8000
1794 2000
1798 0400
1800 0008
1802 0010
1803 0001
1804 4000
1805 0200
1806 0010
1808 0200
1810 4000
1811 0010
1813 0400
1814 0004
1816 0008
1820 0200
1823 0100
1825 8000
1827 0010
1829 4000
1831 0001
1833 0002
1837 0004
1842 0004
1843 2000
1844 0010
1846 0200
1848 0002
1849 0080
1852 0800
1854 0002
1855 0080
1856 0002
1857 8000
1859 0008
1861 0020
1863 8000
1866 0200
1867 0001
1869 0008
1870 0010
1873 0200
1875 2000
1877 0100
1879 0001
1885 2000
1886 0020
1887 1000
1888 4000
1893 8000
1895 0200
1898 4000
1899 0004
1900 0080
1902 0080
1903 0010
1906 0010
1909 4000
1911 0800
1912 0020
1914 0080
1919 0002
1921 4000
1923 0020
1927 0002
1934 0080
1937 0004
1939 0010
1941 0008
1947 0400
1948 0010
1950 0002
1954 0400
1956 1000
1958 0010
1959 4000
1960 0002
1963 0010
1965 0800
1979 0080
1980 2000
1981 0800
1982 0400
1983 0800
1984 0100
1985 0800
1986 0800
1987 0200
1988 0020
1990 2000
1993 0400
1994 8000
1997 0200
1999 0100
2002 4000
2010 0800
2012 1000
2013 0001
2015 4000
2016 2000
2020 0400
2021 0001
2034 0004
2038 0200
2039 4000
2040 0008
2042 4000
2043 0040
2044 8000
2045 0001
