0 0800
2 0010
12 0010
21 0020
32 0800
38 0010
41 0008
60 0040
75 0004
79 0010
80 0002
85 1000
98 0040
100 0001
102 2000
107 0080
108 0008
110 0800
118 0400
134 0400
139 0040
162 0080
173 1000
179 0040
183 0008
202 0200
203 2000
218 0004
219 0008
232 0200
238 8000
240 0010
251 1000
256 1000
303 0001
307 0400
333 0800
334 2000
343 0020
347 0008
360 0100
384 0002
393 0080
427 1000
438 0004
446 8000
460 2000
461 0100
494 1000
504 0008
527 8000
569 0100
575 0080
589 0200
592 1000
611 0800
612 0200
621 0010
638 0004
640 0002
641 0020
645 0008
657 0020
663 4000
666 0400
677 0400
678 0200
683 0001
688 0100
696 0010
702 0004
710 0004
715 0008
728 0400
736 0002
749 0020
752 1000
764 8000
780 4000
783 0020
792 0020
793 0080
802 1000
812 8000
822 0004
827 1000
842 0200
864 0010
874 0400
879 0080
880 1000
903 0100
906 0004
911 0010
930 0400
954 0002
955 0002
967 2000
971 2000
981 4000
982 0010
988 0100
991 4000
1009 0004
1012 0200
1013 0002
1030 8000
1039 4000
1040 0200
1046 1000
1050 0020
1056 0010
1063 2000
1072 4000
1083 0002
1085 0008
1106 0002
1120 0001
1132 0004
1133 0008
1137 0100
1138 0020
1142 0001
1148 0002
1154 4000
1157 0010
1166 8000
1173 0001
1174 0080
1180 0004
1187 8000
1188 0400
1200 0008
1223 0020
1233 0001
1235 0100
1239 0800
1245 0800
1248 0004
1251 0008
1260 0080
1262 0010
1271 1000
1273 0200
1274 0010
1277 8000
1278 0040
1292 0100
1309 4000
1310 0010
1318 1000
1320 0200
1331 0020
1355 0002
1361 1000
1404 0100
1421 1000
1422 0100
1434 0080
1435 0200
1444 0400
1464 8000
1465 2000
1480 0400
1488 0400
1494 0040
1499 0100
1501 0080
1514 0100
1516 0400
1524 0100
1525 0001
1528 0010
1533 0008
1534 0100
1535 0080
1543 0004
1553 0004
1563 8000
1571 0008
1573 0100
1582 8000
1585 0100
1595 0400
1596 0010
1606 2000
1611 0001
1628 1000
1637 0020
1638 0100
1644 0080
1656 0020
1663 0001
1666 0001
1680 0001
1702 8000
1710 0400
1723 0040
1731 8000
1732 0800
1761 0020
1787 0800
1801 0080
1802 0008
1806 0400
1807 0004
1841 0400
1852 2000
1878 0010
1879 4000
1880 0002
1882 0002
1888 1000
1903 0001
1904 0200
1906 0001
1908 8000
1911 0004
1912 0010
1921 2000
1932 0004
1934 0800
1943 0020
1983 1000
1985 0020
1992 0002
1998 0004
2018 0200
2025 4000
2030 4000
2037 0400
