1 2 0 0
2 2 0 0
0 0 0 0
0 0 0 0
0 1 0 0
1 0 0 0
0 0 0 0
0 2 0 0
0 1 0 0
1 0 0 0
1 1 0 0
0 2 0 0
0 3 0 0
2 0 0 0
1 1 0 0
0 1 0 0
0 2 0 0
1 0 0 0
1 2 0 0
0 3 0 0
2 0 0 0
2 1 0 0
1 1 0 0
1 3 0 0
3 0 0 0
1 2 0 0
0 0 1 0
2 1 0 0
2 2 0 0
0 2 0 0
1 3 0 0
3 1 0 0
0 3 0 0
2 3 0 0
3 0 0 0
1 2 0 0
2 2 0 0
3 1 0 0
0 0 1 0
1 0 1 0
1 1 0 0
1 3 0 0
2 1 0 0
3 2 0 0
2 3 0 0
3 1 0 0
2 2 0 0
3 2 0 0
1 0 1 0
3 3 0 0
1 3 0 0
2 0 1 0
2 2 0 0
2 3 0 0
3 2 0 0
3 3 0 0
0 1 1 0
1 2 0 0
3 1 0 0
1 1 1 0
2 3 0 0
3 2 0 0
0 1 1 0
2 0 1 0
3 0 1 0
3 3 0 0
1 1 1 0
1 0 1 0
3 3 0 0
0 2 1 0
3 0 1 0
2 1 1 0
1 1 1 0
1 2 1 1023
3 1 1 1023
0 0 1 1023
0 1 1 1023
0 2 1 1023
2 1 1 1023
1 2 1 1023
3 1 1 1023
0 2 1 1023
2 2 1 1023
3 1 1 1023
1 2 1 1023
2 2 1 1023
3 2 1 1023
0 2 0 1023
0 2 0 1023
0 1 0 1023
3 2 1 1023
2 2 1 1023
0 0 0 1023
0 2 0 1023
1 2 0 1023
0 1 0 1023
3 2 1 1023
0 0 0 1023
0 2 0 1023
1 1 0 1023
1 2 0 1023
2 2 0 1023
0 0 0 1023
0 1 0 1023
1 0 0 1023
1 1 0 1023
2 2 0 1023
3 3 1 1023
0 2 0 1023
1 0 0 1023
1 1 0 1023
2 1 0 1023
1 2 0 0
2 2 0 0
3 2 0 0
0 0 0 0
2 1 0 0
1 0 0 0
2 0 0 0
3 2 0 0
2 2 0 0
3 1 0 0
3 3 0 0
2 0 0 0
2 1 0 0
1 0 0 0
3 0 0 0
3 2 0 0
1 1 0 0
3 1 0 0
2 0 0 0
3 0 1 0
3 1 0 0
3 2 0 0
3 0 0 0
0 0 1 0
0 1 1 0
0 2 1 0
0 3 1 0
0 0 1 0
0 1 1 0
0 2 1 0
3 1 0 0
0 3 1 0
1 0 1 0
1 1 1 0
1 2 1 0
1 3 1 0
3 0 0 0
1 0 1 0
0 1 1 0
1 1 1 0
1 2 1 0
1 3 1 1022
2 0 1 1022
2 2 1 1022
0 2 1 1022
2 1 1 1022
2 3 1 1022
2 0 1 1022
2 1 1 1022
2 2 1 1022
1 0 1 1022
2 3 1 1022
3 0 1 1022
3 1 1 1022
3 2 1 1022
0 0 1 1022
3 3 1 1022
1 3 1 1022
3 0 1 1022
3 1 1 1022
3 2 1 1022
2 1 1 1022
3 3 1 1022
1 1 1 1022
2 2 1 1022
3 2 1 1022
3 0 1 1022
3 1 1 1022
2 0 1 1022
2 3 1 1022
1 2 1 1022
3 0 1 1022
3 1 0 1022
3 2 0 1022
3 3 0 1022
2 2 0 1022
2 3 0 1022
3 1 0 1022
3 2 0 1022
3 3 1 1022
2 0 0 1021
2 1 0 1021
3 0 0 0
2 2 1 1021
2 3 0 1021
1 2 0 0
1 3 0 0
2 1 0 0
3 1 0 0
3 2 0 0
3 3 0 0
1 0 0 0
1 1 0 0
2 0 0 0
1 2 0 0
1 3 0 0
2 2 0 0
2 3 0 0
0 2 0 0
1 0 0 0
1 1 1 0
0 0 0 0
0 1 0 0
0 3 0 0
1 2 0 0
1 3 0 0
2 1 0 0
0 0 0 0
0 2 0 0
1 1 0 0
0 1 0 0
0 2 0 0
0 3 0 0
1 0 0 0
3 0 1 0
0 0 0 0
3 1 1 1
2 0 1 1
3 0 1 1
2 1 1 1
3 1 1 1
3 2 1 1
1 0 1 1
2 0 1 1
3 2 1 1
0 0 1 1
1 1 1 1
2 1 1 1
2 2 1 1
1 0 1 1
1 2 1 1
1 1 1 1
2 2 1 1
0 0 1 1
0 1 1 1
0 2 1 2
3 2 0 2
1 2 1 2
0 1 1 2
1 3 1 2
2 2 0 2
0 0 1 2
0 2 1 2
3 2 0 2
1 2 0 2
2 2 0 2
1 3 0 2
3 1 0 2
3 2 0 2
1 2 0 2
2 2 0 2
0 2 0 0
2 1 0 0
3 1 0 0
1 2 0 0
0 2 0 0
1 1 0 0
2 1 0 0
3 1 0 0
3 3 1 0
1 1 0 0
3 0 0 0
0 1 0 0
0 2 0 0
1 2 0 0
2 1 0 0
2 2 0 0
2 3 1 0
3 2 1 0
3 3 1 0
1 1 0 0
2 0 0 0
0 1 0 0
3 0 0 0
3 1 1 1023
3 2 1 1023
1 3 1 1023
2 2 1 1023
2 3 1 1023
0 0 0 1023
0 3 1 1023
1 0 0 1023
1 2 1 1023
2 0 0 1023
3 1 1 1023
3 2 1 1023
1 3 1 1023
2 1 1 1023
