0 0 0 50 30
0 0 1 51 31
0 0 2 51 31
0 0 3 51 31
0 0 4 51 32
0 0 5 51 32
0 0 6 50 34
0 0 7 50 34
0 0 8 50 34
0 0 9 50 35
0 0 10 50 35
0 0 11 50 36
0 0 12 50 36
0 0 13 50 36
0 0 14 50 37
0 0 15 50 37
0 0 16 50 38
0 0 17 50 38
0 0 18 50 38
0 0 19 49 39
0 0 20 49 39
0 0 21 49 40
0 0 22 49 40
0 0 23 49 40
0 0 24 48 41
0 0 25 48 41
0 0 26 48 42
0 0 27 48 42
0 0 28 48 42
0 0 29 47 43
0 0 30 47 43
0 0 31 46 44
0 0 32 46 44
0 0 33 46 44
0 0 34 45 45
0 0 35 45 45
0 0 36 45 46
0 0 37 45 46
0 0 38 45 46
0 0 39 44 46
0 0 40 44 46
0 0 41 43 47
0 0 42 43 47
0 0 43 43 47
0 0 44 42 48
0 0 45 42 48
0 0 46 41 48
0 0 47 41 48
0 0 48 41 48
0 0 49 40 49
0 0 50 40 49
0 0 51 39 49
0 0 52 39 49
0 0 53 39 49
0 0 54 38 50
0 0 55 38 50
0 0 56 37 50
0 0 57 37 50
0 0 58 37 50
0 0 59 35 50
0 0 60 35 50
0 0 61 34 50
0 0 62 34 50
0 0 63 34 50
0 0 64 34 50
0 0 65 33 51
0 0 66 33 51
0 0 67 33 51
0 0 68 32 51
0 0 69 32 51
0 0 70 30 50
0 0 71 30 50
0 0 72 30 50
0 0 73 29 50
0 0 74 29 50
0 0 75 28 50
0 0 76 28 50
0 0 77 28 50
0 0 78 27 50
0 0 79 27 50
0 0 80 26 50
0 0 81 26 50
0 0 82 26 50
0 0 83 25 49
0 0 84 25 49
0 0 85 24 49
0 0 86 24 49
0 0 87 24 49
0 0 88 23 48
0 0 89 23 48
0 0 90 22 48
0 0 91 22 48
0 0 92 22 48
0 0 93 21 47
0 0 94 21 47
0 0 95 20 46
0 0 96 20 46
0 0 97 20 46
0 0 98 19 45
0 0 99 19 45
0 0 100 18 45
0 0 101 18 45
0 0 102 18 45
0 0 103 18 44
0 0 104 18 44
0 0 105 17 43
0 0 106 17 43
0 0 107 17 43
0 0 108 16 42
0 0 109 16 42
0 0 110 16 41
0 0 111 16 41
0 0 112 16 41
0 0 113 15 40
0 0 114 15 40
0 0 115 15 39
0 0 116 15 39
0 0 117 15 39
0 0 118 14 38
0 0 119 14 38
0 0 120 14 37
0 0 121 14 37
0 0 122 14 37
0 0 123 14 35
0 0 124 14 35
0 0 125 14 34
0 0 126 14 34
0 0 127 14 34
0 0 128 14 34
0 0 129 13 33
0 0 130 13 33
0 0 131 13 33
0 0 132 13 32
0 0 133 13 32
0 0 134 14 30
0 0 135 14 30
0 0 136 14 30
0 0 137 14 29
0 0 138 14 29
0 0 139 14 28
0 0 140 14 28
0 0 141 14 28
0 0 142 14 27
0 0 143 14 27
0 0 144 14 26
0 0 145 14 26
0 0 146 14 26
0 0 147 15 25
0 0 148 15 25
0 0 149 15 24
0 0 150 15 24
0 0 151 15 24
0 0 152 16 23
0 0 153 16 23
0 0 154 16 22
0 0 155 16 22
0 0 156 16 22
0 0 157 17 21
0 0 158 17 21
0 0 159 18 20
0 0 160 18 20
0 0 161 18 20
0 0 162 19 19
0 0 163 19 19
0 0 164 19 18
0 0 165 19 18
0 0 166 19 18
0 0 167 20 18
0 0 168 20 18
0 0 169 21 17
0 0 170 21 17
0 0 171 21 17
0 0 172 22 16
0 0 173 22 16
0 0 174 23 16
0 0 175 23 16
0 0 176 23 16
0 0 177 24 15
0 0 178 24 15
0 0 179 25 15
0 0 180 25 15
0 0 181 25 15
0 0 182 26 14
0 0 183 26 14
0 0 184 27 14
0 0 185 27 14
0 0 186 27 14
0 0 187 29 14
0 0 188 29 14
0 0 189 30 14
0 0 190 30 14
0 0 191 30 14
0 0 192 30 14
0 0 193 31 13
0 0 194 31 13
0 0 195 31 13
0 0 196 32 13
0 0 197 32 13
0 0 198 34 14
0 0 199 34 14
0 0 200 34 14
0 0 201 35 14
0 0 202 35 14
0 0 203 36 14
0 0 204 36 14
0 0 205 36 14
0 0 206 37 14
0 0 207 37 14
0 0 208 38 14
0 0 209 38 14
0 0 210 38 14
0 0 211 39 15
0 0 212 39 15
0 0 213 40 15
0 0 214 40 15
0 0 215 40 15
0 0 216 41 16
0 0 217 41 16
0 0 218 42 16
0 0 219 42 16
0 0 220 42 16
0 0 221 43 17
0 0 222 43 17
0 0 223 44 18
0 0 224 44 18
0 0 225 44 18
0 0 226 45 19
0 0 227 45 19
0 0 228 46 19
0 0 229 46 19
0 0 230 46 19
0 0 231 46 20
0 0 232 46 20
0 0 233 47 21
0 0 234 47 21
0 0 235 47 21
0 0 236 48 22
0 0 237 48 22
0 0 238 48 23
0 0 239 48 23
0 0 240 48 23
0 0 241 49 24
0 0 242 49 24
0 0 243 49 25
0 0 244 49 25
0 0 245 49 25
0 0 246 50 26
0 0 247 50 26
0 0 248 50 27
0 0 249 50 27
0 0 250 50 27
0 0 251 50 29
0 0 252 50 29
0 0 253 50 30
0 0 254 50 30
0 0 255 50 30
0 1 0 51 30
0 1 1 52 31
0 1 2 52 31
0 1 3 52 31
0 1 4 52 33
0 1 5 52 33
0 1 6 51 34
0 1 7 51 34
0 1 8 51 34
0 1 9 51 35
0 1 10 51 35
0 1 11 51 36
0 1 12 51 36
0 1 13 51 36
0 1 14 51 37
0 1 15 51 37
0 1 16 50 38
0 1 17 50 38
0 1 18 50 38
0 1 19 50 40
0 1 20 50 40
0 1 21 50 41
0 1 22 50 41
0 1 23 50 41
0 1 24 49 42
0 1 25 49 42
0 1 26 48 43
0 1 27 48 43
0 1 28 48 43
0 1 29 48 44
0 1 30 48 44
0 1 31 47 45
0 1 32 47 45
0 1 33 47 45
0 1 34 46 46
0 1 35 46 46
0 1 36 45 46
0 1 37 45 46
0 1 38 45 46
0 1 39 44 47
0 1 40 44 47
0 1 41 43 48
0 1 42 43 48
0 1 43 43 48
0 1 44 42 49
0 1 45 42 49
0 1 46 41 49
0 1 47 41 49
0 1 48 41 49
0 1 49 40 50
0 1 50 40 50
0 1 51 39 50
0 1 52 39 50
0 1 53 39 50
0 1 54 38 51
0 1 55 38 51
0 1 56 37 51
0 1 57 37 51
0 1 58 37 51
0 1 59 36 51
0 1 60 36 51
0 1 61 34 51
0 1 62 34 51
0 1 63 34 51
0 1 64 34 51
0 1 65 33 52
0 1 66 33 52
0 1 67 33 52
0 1 68 31 52
0 1 69 31 52
0 1 70 30 51
0 1 71 30 51
0 1 72 30 51
0 1 73 29 51
0 1 74 29 51
0 1 75 28 51
0 1 76 28 51
0 1 77 28 51
0 1 78 27 51
0 1 79 27 51
0 1 80 26 50
0 1 81 26 50
0 1 82 26 50
0 1 83 24 50
0 1 84 24 50
0 1 85 23 50
0 1 86 23 50
0 1 87 23 50
0 1 88 22 49
0 1 89 22 49
0 1 90 21 48
0 1 91 21 48
0 1 92 21 48
0 1 93 20 48
0 1 94 20 48
0 1 95 19 47
0 1 96 19 47
0 1 97 19 47
0 1 98 18 46
0 1 99 18 46
0 1 100 18 45
0 1 101 18 45
0 1 102 18 45
0 1 103 17 44
0 1 104 17 44
0 1 105 16 43
0 1 106 16 43
0 1 107 16 43
0 1 108 15 42
0 1 109 15 42
0 1 110 15 41
0 1 111 15 41
0 1 112 15 41
0 1 113 14 40
0 1 114 14 40
0 1 115 14 39
0 1 116 14 39
0 1 117 14 39
0 1 118 13 38
0 1 119 13 38
0 1 120 13 37
0 1 121 13 37
0 1 122 13 37
0 1 123 13 36
0 1 124 13 36
0 1 125 13 34
0 1 126 13 34
0 1 127 13 34
0 1 128 13 34
0 1 129 12 33
0 1 130 12 33
0 1 131 12 33
0 1 132 12 31
0 1 133 12 31
0 1 134 13 30
0 1 135 13 30
0 1 136 13 30
0 1 137 13 29
0 1 138 13 29
0 1 139 13 28
0 1 140 13 28
0 1 141 13 28
0 1 142 13 27
0 1 143 13 27
0 1 144 14 26
0 1 145 14 26
0 1 146 14 26
0 1 147 14 24
0 1 148 14 24
0 1 149 14 23
0 1 150 14 23
0 1 151 14 23
0 1 152 15 22
0 1 153 15 22
0 1 154 16 21
0 1 155 16 21
0 1 156 16 21
0 1 157 16 20
0 1 158 16 20
0 1 159 17 19
0 1 160 17 19
0 1 161 17 19
0 1 162 18 18
0 1 163 18 18
0 1 164 19 18
0 1 165 19 18
0 1 166 19 18
0 1 167 20 17
0 1 168 20 17
0 1 169 21 16
0 1 170 21 16
0 1 171 21 16
0 1 172 22 15
0 1 173 22 15
0 1 174 23 15
0 1 175 23 15
0 1 176 23 15
0 1 177 24 14
0 1 178 24 14
0 1 179 25 14
0 1 180 25 14
0 1 181 25 14
0 1 182 26 13
0 1 183 26 13
0 1 184 27 13
0 1 185 27 13
0 1 186 27 13
0 1 187 28 13
0 1 188 28 13
0 1 189 30 13
0 1 190 30 13
0 1 191 30 13
0 1 192 30 13
0 1 193 31 12
0 1 194 31 12
0 1 195 31 12
0 1 196 33 12
0 1 197 33 12
0 1 198 34 13
0 1 199 34 13
0 1 200 34 13
0 1 201 35 13
0 1 202 35 13
0 1 203 36 13
0 1 204 36 13
0 1 205 36 13
0 1 206 37 13
0 1 207 37 13
0 1 208 38 14
0 1 209 38 14
0 1 210 38 14
0 1 211 40 14
0 1 212 40 14
0 1 213 41 14
0 1 214 41 14
0 1 215 41 14
0 1 216 42 15
0 1 217 42 15
0 1 218 43 16
0 1 219 43 16
0 1 220 43 16
0 1 221 44 16
0 1 222 44 16
0 1 223 45 17
0 1 224 45 17
0 1 225 45 17
0 1 226 46 18
0 1 227 46 18
0 1 228 46 19
0 1 229 46 19
0 1 230 46 19
0 1 231 47 20
0 1 232 47 20
0 1 233 48 21
0 1 234 48 21
0 1 235 48 21
0 1 236 49 22
0 1 237 49 22
0 1 238 49 23
0 1 239 49 23
0 1 240 49 23
0 1 241 50 24
0 1 242 50 24
0 1 243 50 25
0 1 244 50 25
0 1 245 50 25
0 1 246 51 26
0 1 247 51 26
0 1 248 51 27
0 1 249 51 27
0 1 250 51 27
0 1 251 51 28
0 1 252 51 28
0 1 253 51 30
0 1 254 51 30
0 1 255 51 30
0 2 0 52 30
0 2 1 53 31
0 2 2 53 31
0 2 3 53 31
0 2 4 53 33
0 2 5 53 33
0 2 6 52 34
0 2 7 52 34
0 2 8 52 34
0 2 9 52 35
0 2 10 52 35
0 2 11 52 37
0 2 12 52 37
0 2 13 52 37
0 2 14 52 38
0 2 15 52 38
0 2 16 51 39
0 2 17 51 39
0 2 18 51 39
0 2 19 51 40
0 2 20 51 40
0 2 21 50 41
0 2 22 50 41
0 2 23 50 41
0 2 24 50 42
0 2 25 50 42
0 2 26 49 43
0 2 27 49 43
0 2 28 49 43
0 2 29 48 44
0 2 30 48 44
0 2 31 48 45
0 2 32 48 45
0 2 33 48 45
0 2 34 47 46
0 2 35 47 46
0 2 36 46 47
0 2 37 46 47
0 2 38 46 47
0 2 39 45 48
0 2 40 45 48
0 2 41 44 49
0 2 42 44 49
0 2 43 44 49
0 2 44 43 50
0 2 45 43 50
0 2 46 42 50
0 2 47 42 50
0 2 48 42 50
0 2 49 40 51
0 2 50 40 51
0 2 51 39 51
0 2 52 39 51
0 2 53 39 51
0 2 54 38 52
0 2 55 38 52
0 2 56 37 52
0 2 57 37 52
0 2 58 37 52
0 2 59 36 52
0 2 60 36 52
0 2 61 34 52
0 2 62 34 52
0 2 63 34 52
0 2 64 34 52
0 2 65 33 53
0 2 66 33 53
0 2 67 33 53
0 2 68 31 53
0 2 69 31 53
0 2 70 30 52
0 2 71 30 52
0 2 72 30 52
0 2 73 29 52
0 2 74 29 52
0 2 75 27 52
0 2 76 27 52
0 2 77 27 52
0 2 78 26 52
0 2 79 26 52
0 2 80 25 51
0 2 81 25 51
0 2 82 25 51
0 2 83 24 51
0 2 84 24 51
0 2 85 23 50
0 2 86 23 50
0 2 87 23 50
0 2 88 22 50
0 2 89 22 50
0 2 90 21 49
0 2 91 21 49
0 2 92 21 49
0 2 93 20 48
0 2 94 20 48
0 2 95 19 48
0 2 96 19 48
0 2 97 19 48
0 2 98 18 47
0 2 99 18 47
0 2 100 17 46
0 2 101 17 46
0 2 102 17 46
0 2 103 16 45
0 2 104 16 45
0 2 105 15 44
0 2 106 15 44
0 2 107 15 44
0 2 108 14 43
0 2 109 14 43
0 2 110 14 42
0 2 111 14 42
0 2 112 14 42
0 2 113 13 40
0 2 114 13 40
0 2 115 13 39
0 2 116 13 39
0 2 117 13 39
0 2 118 12 38
0 2 119 12 38
0 2 120 12 37
0 2 121 12 37
0 2 122 12 37
0 2 123 12 36
0 2 124 12 36
0 2 125 12 34
0 2 126 12 34
0 2 127 12 34
0 2 128 12 34
0 2 129 11 33
0 2 130 11 33
0 2 131 11 33
0 2 132 11 31
0 2 133 11 31
0 2 134 12 30
0 2 135 12 30
0 2 136 12 30
0 2 137 12 29
0 2 138 12 29
0 2 139 12 27
0 2 140 12 27
0 2 141 12 27
0 2 142 12 26
0 2 143 12 26
0 2 144 13 25
0 2 145 13 25
0 2 146 13 25
0 2 147 13 24
0 2 148 13 24
0 2 149 14 23
0 2 150 14 23
0 2 151 14 23
0 2 152 14 22
0 2 153 14 22
0 2 154 15 21
0 2 155 15 21
0 2 156 15 21
0 2 157 16 20
0 2 158 16 20
0 2 159 16 19
0 2 160 16 19
0 2 161 16 19
0 2 162 17 18
0 2 163 17 18
0 2 164 18 17
0 2 165 18 17
0 2 166 18 17
0 2 167 19 16
0 2 168 19 16
0 2 169 20 15
0 2 170 20 15
0 2 171 20 15
0 2 172 21 14
0 2 173 21 14
0 2 174 22 14
0 2 175 22 14
0 2 176 22 14
0 2 177 24 13
0 2 178 24 13
0 2 179 25 13
0 2 180 25 13
0 2 181 25 13
0 2 182 26 12
0 2 183 26 12
0 2 184 27 12
0 2 185 27 12
0 2 186 27 12
0 2 187 28 12
0 2 188 28 12
0 2 189 30 12
0 2 190 30 12
0 2 191 30 12
0 2 192 30 12
0 2 193 31 11
0 2 194 31 11
0 2 195 31 11
0 2 196 33 11
0 2 197 33 11
0 2 198 34 12
0 2 199 34 12
0 2 200 34 12
0 2 201 35 12
0 2 202 35 12
0 2 203 37 12
0 2 204 37 12
0 2 205 37 12
0 2 206 38 12
0 2 207 38 12
0 2 208 39 13
0 2 209 39 13
0 2 210 39 13
0 2 211 40 13
0 2 212 40 13
0 2 213 41 14
0 2 214 41 14
0 2 215 41 14
0 2 216 42 14
0 2 217 42 14
0 2 218 43 15
0 2 219 43 15
0 2 220 43 15
0 2 221 44 16
0 2 222 44 16
0 2 223 45 16
0 2 224 45 16
0 2 225 45 16
0 2 226 46 17
0 2 227 46 17
0 2 228 47 18
0 2 229 47 18
0 2 230 47 18
0 2 231 48 19
0 2 232 48 19
0 2 233 49 20
0 2 234 49 20
0 2 235 49 20
0 2 236 50 21
0 2 237 50 21
0 2 238 50 22
0 2 239 50 22
0 2 240 50 22
0 2 241 51 24
0 2 242 51 24
0 2 243 51 25
0 2 244 51 25
0 2 245 51 25
0 2 246 52 26
0 2 247 52 26
0 2 248 52 27
0 2 249 52 27
0 2 250 52 27
0 2 251 52 28
0 2 252 52 28
0 2 253 52 30
0 2 254 52 30
0 2 255 52 30
0 3 0 53 30
0 3 1 54 31
0 3 2 54 31
0 3 3 54 31
0 3 4 54 33
0 3 5 54 33
0 3 6 53 34
0 3 7 53 34
0 3 8 53 34
0 3 9 53 35
0 3 10 53 35
0 3 11 53 37
0 3 12 53 37
0 3 13 53 37
0 3 14 53 38
0 3 15 53 38
0 3 16 52 39
0 3 17 52 39
0 3 18 52 39
0 3 19 52 40
0 3 20 52 40
0 3 21 51 42
0 3 22 51 42
0 3 23 51 42
0 3 24 51 43
0 3 25 51 43
0 3 26 50 44
0 3 27 50 44
0 3 28 50 44
0 3 29 49 45
0 3 30 49 45
0 3 31 48 46
0 3 32 48 46
0 3 33 48 46
0 3 34 47 47
0 3 35 47 47
0 3 36 46 48
0 3 37 46 48
0 3 38 46 48
0 3 39 45 49
0 3 40 45 49
0 3 41 44 50
0 3 42 44 50
0 3 43 44 50
0 3 44 43 50
0 3 45 43 50
0 3 46 42 51
0 3 47 42 51
0 3 48 42 51
0 3 49 41 52
0 3 50 41 52
0 3 51 40 52
0 3 52 40 52
0 3 53 40 52
0 3 54 38 53
0 3 55 38 53
0 3 56 37 53
0 3 57 37 53
0 3 58 37 53
0 3 59 36 53
0 3 60 36 53
0 3 61 34 53
0 3 62 34 53
0 3 63 34 53
0 3 64 34 53
0 3 65 33 54
0 3 66 33 54
0 3 67 33 54
0 3 68 31 54
0 3 69 31 54
0 3 70 30 53
0 3 71 30 53
0 3 72 30 53
0 3 73 29 53
0 3 74 29 53
0 3 75 27 53
0 3 76 27 53
0 3 77 27 53
0 3 78 26 53
0 3 79 26 53
0 3 80 25 52
0 3 81 25 52
0 3 82 25 52
0 3 83 24 52
0 3 84 24 52
0 3 85 22 51
0 3 86 22 51
0 3 87 22 51
0 3 88 21 51
0 3 89 21 51
0 3 90 20 50
0 3 91 20 50
0 3 92 20 50
0 3 93 19 49
0 3 94 19 49
0 3 95 18 48
0 3 96 18 48
0 3 97 18 48
0 3 98 17 47
0 3 99 17 47
0 3 100 16 46
0 3 101 16 46
0 3 102 16 46
0 3 103 15 45
0 3 104 15 45
0 3 105 14 44
0 3 106 14 44
0 3 107 14 44
0 3 108 14 43
0 3 109 14 43
0 3 110 13 42
0 3 111 13 42
0 3 112 13 42
0 3 113 12 41
0 3 114 12 41
0 3 115 12 40
0 3 116 12 40
0 3 117 12 40
0 3 118 11 38
0 3 119 11 38
0 3 120 11 37
0 3 121 11 37
0 3 122 11 37
0 3 123 11 36
0 3 124 11 36
0 3 125 11 34
0 3 126 11 34
0 3 127 11 34
0 3 128 11 34
0 3 129 10 33
0 3 130 10 33
0 3 131 10 33
0 3 132 10 31
0 3 133 10 31
0 3 134 11 30
0 3 135 11 30
0 3 136 11 30
0 3 137 11 29
0 3 138 11 29
0 3 139 11 27
0 3 140 11 27
0 3 141 11 27
0 3 142 11 26
0 3 143 11 26
0 3 144 12 25
0 3 145 12 25
0 3 146 12 25
0 3 147 12 24
0 3 148 12 24
0 3 149 13 22
0 3 150 13 22
0 3 151 13 22
0 3 152 13 21
0 3 153 13 21
0 3 154 14 20
0 3 155 14 20
0 3 156 14 20
0 3 157 15 19
0 3 158 15 19
0 3 159 16 18
0 3 160 16 18
0 3 161 16 18
0 3 162 17 17
0 3 163 17 17
0 3 164 18 16
0 3 165 18 16
0 3 166 18 16
0 3 167 19 15
0 3 168 19 15
0 3 169 20 14
0 3 170 20 14
0 3 171 20 14
0 3 172 21 14
0 3 173 21 14
0 3 174 22 13
0 3 175 22 13
0 3 176 22 13
0 3 177 23 12
0 3 178 23 12
0 3 179 24 12
0 3 180 24 12
0 3 181 24 12
0 3 182 26 11
0 3 183 26 11
0 3 184 27 11
0 3 185 27 11
0 3 186 27 11
0 3 187 28 11
0 3 188 28 11
0 3 189 30 11
0 3 190 30 11
0 3 191 30 11
0 3 192 30 11
0 3 193 31 10
0 3 194 31 10
0 3 195 31 10
0 3 196 33 10
0 3 197 33 10
0 3 198 34 11
0 3 199 34 11
0 3 200 34 11
0 3 201 35 11
0 3 202 35 11
0 3 203 37 11
0 3 204 37 11
0 3 205 37 11
0 3 206 38 11
0 3 207 38 11
0 3 208 39 12
0 3 209 39 12
0 3 210 39 12
0 3 211 40 12
0 3 212 40 12
0 3 213 42 13
0 3 214 42 13
0 3 215 42 13
0 3 216 43 13
0 3 217 43 13
0 3 218 44 14
0 3 219 44 14
0 3 220 44 14
0 3 221 45 15
0 3 222 45 15
0 3 223 46 16
0 3 224 46 16
0 3 225 46 16
0 3 226 47 17
0 3 227 47 17
0 3 228 48 18
0 3 229 48 18
0 3 230 48 18
0 3 231 49 19
0 3 232 49 19
0 3 233 50 20
0 3 234 50 20
0 3 235 50 20
0 3 236 50 21
0 3 237 50 21
0 3 238 51 22
0 3 239 51 22
0 3 240 51 22
0 3 241 52 23
0 3 242 52 23
0 3 243 52 24
0 3 244 52 24
0 3 245 52 24
0 3 246 53 26
0 3 247 53 26
0 3 248 53 27
0 3 249 53 27
0 3 250 53 27
0 3 251 53 28
0 3 252 53 28
0 3 253 53 30
0 3 254 53 30
0 3 255 53 30
1 0 0 50 31
1 0 1 51 32
1 0 2 51 32
1 0 3 51 32
1 0 4 50 33
1 0 5 50 33
1 0 6 50 35
1 0 7 50 35
1 0 8 50 35
1 0 9 50 36
1 0 10 50 36
1 0 11 50 37
1 0 12 50 37
1 0 13 50 37
1 0 14 50 38
1 0 15 50 38
1 0 16 49 39
1 0 17 49 39
1 0 18 49 39
1 0 19 49 40
1 0 20 49 40
1 0 21 48 41
1 0 22 48 41
1 0 23 48 41
1 0 24 48 42
1 0 25 48 42
1 0 26 47 43
1 0 27 47 43
1 0 28 47 43
1 0 29 46 44
1 0 30 46 44
1 0 31 45 45
1 0 32 45 45
1 0 33 45 45
1 0 34 45 46
1 0 35 45 46
1 0 36 44 46
1 0 37 44 46
1 0 38 44 46
1 0 39 43 47
1 0 40 43 47
1 0 41 42 48
1 0 42 42 48
1 0 43 42 48
1 0 44 41 48
1 0 45 41 48
1 0 46 40 49
1 0 47 40 49
1 0 48 40 49
1 0 49 39 49
1 0 50 39 49
1 0 51 38 50
1 0 52 38 50
1 0 53 38 50
1 0 54 37 50
1 0 55 37 50
1 0 56 36 50
1 0 57 36 50
1 0 58 36 50
1 0 59 34 50
1 0 60 34 50
1 0 61 33 50
1 0 62 33 50
1 0 63 33 50
1 0 64 33 50
1 0 65 32 51
1 0 66 32 51
1 0 67 32 51
1 0 68 31 50
1 0 69 31 50
1 0 70 29 50
1 0 71 29 50
1 0 72 29 50
1 0 73 28 50
1 0 74 28 50
1 0 75 27 50
1 0 76 27 50
1 0 77 27 50
1 0 78 26 50
1 0 79 26 50
1 0 80 25 49
1 0 81 25 49
1 0 82 25 49
1 0 83 24 49
1 0 84 24 49
1 0 85 23 48
1 0 86 23 48
1 0 87 23 48
1 0 88 22 48
1 0 89 22 48
1 0 90 21 47
1 0 91 21 47
1 0 92 21 47
1 0 93 20 46
1 0 94 20 46
1 0 95 19 45
1 0 96 19 45
1 0 97 19 45
1 0 98 18 45
1 0 99 18 45
1 0 100 18 44
1 0 101 18 44
1 0 102 18 44
1 0 103 17 43
1 0 104 17 43
1 0 105 16 42
1 0 106 16 42
1 0 107 16 42
1 0 108 16 41
1 0 109 16 41
1 0 110 15 40
1 0 111 15 40
1 0 112 15 40
1 0 113 15 39
1 0 114 15 39
1 0 115 14 38
1 0 116 14 38
1 0 117 14 38
1 0 118 14 37
1 0 119 14 37
1 0 120 14 36
1 0 121 14 36
1 0 122 14 36
1 0 123 14 34
1 0 124 14 34
1 0 125 14 33
1 0 126 14 33
1 0 127 14 33
1 0 128 14 33
1 0 129 13 32
1 0 130 13 32
1 0 131 13 32
1 0 132 14 31
1 0 133 14 31
1 0 134 14 29
1 0 135 14 29
1 0 136 14 29
1 0 137 14 28
1 0 138 14 28
1 0 139 14 27
1 0 140 14 27
1 0 141 14 27
1 0 142 14 26
1 0 143 14 26
1 0 144 15 25
1 0 145 15 25
1 0 146 15 25
1 0 147 15 24
1 0 148 15 24
1 0 149 16 23
1 0 150 16 23
1 0 151 16 23
1 0 152 16 22
1 0 153 16 22
1 0 154 17 21
1 0 155 17 21
1 0 156 17 21
1 0 157 18 20
1 0 158 18 20
1 0 159 19 19
1 0 160 19 19
1 0 161 19 19
1 0 162 19 18
1 0 163 19 18
1 0 164 20 18
1 0 165 20 18
1 0 166 20 18
1 0 167 21 17
1 0 168 21 17
1 0 169 22 16
1 0 170 22 16
1 0 171 22 16
1 0 172 23 16
1 0 173 23 16
1 0 174 24 15
1 0 175 24 15
1 0 176 24 15
1 0 177 25 15
1 0 178 25 15
1 0 179 26 14
1 0 180 26 14
1 0 181 26 14
1 0 182 27 14
1 0 183 27 14
1 0 184 28 14
1 0 185 28 14
1 0 186 28 14
1 0 187 30 14
1 0 188 30 14
1 0 189 31 14
1 0 190 31 14
1 0 191 31 14
1 0 192 31 14
1 0 193 32 13
1 0 194 32 13
1 0 195 32 13
1 0 196 33 14
1 0 197 33 14
1 0 198 35 14
1 0 199 35 14
1 0 200 35 14
1 0 201 36 14
1 0 202 36 14
1 0 203 37 14
1 0 204 37 14
1 0 205 37 14
1 0 206 38 14
1 0 207 38 14
1 0 208 39 15
1 0 209 39 15
1 0 210 39 15
1 0 211 40 15
1 0 212 40 15
1 0 213 41 16
1 0 214 41 16
1 0 215 41 16
1 0 216 42 16
1 0 217 42 16
1 0 218 43 17
1 0 219 43 17
1 0 220 43 17
1 0 221 44 18
1 0 222 44 18
1 0 223 45 19
1 0 224 45 19
1 0 225 45 19
1 0 226 46 19
1 0 227 46 19
1 0 228 46 20
1 0 229 46 20
1 0 230 46 20
1 0 231 47 21
1 0 232 47 21
1 0 233 48 22
1 0 234 48 22
1 0 235 48 22
1 0 236 48 23
1 0 237 48 23
1 0 238 49 24
1 0 239 49 24
1 0 240 49 24
1 0 241 49 25
1 0 242 49 25
1 0 243 50 26
1 0 244 50 26
1 0 245 50 26
1 0 246 50 27
1 0 247 50 27
1 0 248 50 28
1 0 249 50 28
1 0 250 50 28
1 0 251 50 30
1 0 252 50 30
1 0 253 50 31
1 0 254 50 31
1 0 255 50 31
1 1 0 51 31
1 1 1 52 32
1 1 2 52 32
1 1 3 52 32
1 1 4 51 34
1 1 5 51 34
1 1 6 51 35
1 1 7 51 35
1 1 8 51 35
1 1 9 51 36
1 1 10 51 36
1 1 11 51 37
1 1 12 51 37
1 1 13 51 37
1 1 14 50 38
1 1 15 50 38
1 1 16 50 39
1 1 17 50 39
1 1 18 50 39
1 1 19 50 40
1 1 20 50 40
1 1 21 49 42
1 1 22 49 42
1 1 23 49 42
1 1 24 48 43
1 1 25 48 43
1 1 26 48 44
1 1 27 48 44
1 1 28 48 44
1 1 29 47 45
1 1 30 47 45
1 1 31 46 45
1 1 32 46 45
1 1 33 46 45
1 1 34 45 46
1 1 35 45 46
1 1 36 44 47
1 1 37 44 47
1 1 38 44 47
1 1 39 43 48
1 1 40 43 48
1 1 41 42 49
1 1 42 42 49
1 1 43 42 49
1 1 44 41 49
1 1 45 41 49
1 1 46 40 50
1 1 47 40 50
1 1 48 40 50
1 1 49 39 50
1 1 50 39 50
1 1 51 38 51
1 1 52 38 51
1 1 53 38 51
1 1 54 37 51
1 1 55 37 51
1 1 56 36 51
1 1 57 36 51
1 1 58 36 51
1 1 59 35 51
1 1 60 35 51
1 1 61 33 51
1 1 62 33 51
1 1 63 33 51
1 1 64 33 51
1 1 65 32 52
1 1 66 32 52
1 1 67 32 52
1 1 68 30 51
1 1 69 30 51
1 1 70 29 51
1 1 71 29 51
1 1 72 29 51
1 1 73 28 51
1 1 74 28 51
1 1 75 27 51
1 1 76 27 51
1 1 77 27 51
1 1 78 26 50
1 1 79 26 50
1 1 80 25 50
1 1 81 25 50
1 1 82 25 50
1 1 83 24 50
1 1 84 24 50
1 1 85 22 49
1 1 86 22 49
1 1 87 22 49
1 1 88 21 48
1 1 89 21 48
1 1 90 20 48
1 1 91 20 48
1 1 92 20 48
1 1 93 19 47
1 1 94 19 47
1 1 95 19 46
1 1 96 19 46
1 1 97 19 46
1 1 98 18 45
1 1 99 18 45
1 1 100 17 44
1 1 101 17 44
1 1 102 17 44
1 1 103 16 43
1 1 104 16 43
1 1 105 15 42
1 1 106 15 42
1 1 107 15 42
1 1 108 15 41
1 1 109 15 41
1 1 110 14 40
1 1 111 14 40
1 1 112 14 40
1 1 113 14 39
1 1 114 14 39
1 1 115 13 38
1 1 116 13 38
1 1 117 13 38
1 1 118 13 37
1 1 119 13 37
1 1 120 13 36
1 1 121 13 36
1 1 122 13 36
1 1 123 13 35
1 1 124 13 35
1 1 125 13 33
1 1 126 13 33
1 1 127 13 33
1 1 128 13 33
1 1 129 12 32
1 1 130 12 32
1 1 131 12 32
1 1 132 13 30
1 1 133 13 30
1 1 134 13 29
1 1 135 13 29
1 1 136 13 29
1 1 137 13 28
1 1 138 13 28
1 1 139 13 27
1 1 140 13 27
1 1 141 13 27
1 1 142 14 26
1 1 143 14 26
1 1 144 14 25
1 1 145 14 25
1 1 146 14 25
1 1 147 14 24
1 1 148 14 24
1 1 149 15 22
1 1 150 15 22
1 1 151 15 22
1 1 152 16 21
1 1 153 16 21
1 1 154 16 20
1 1 155 16 20
1 1 156 16 20
1 1 157 17 19
1 1 158 17 19
1 1 159 18 19
1 1 160 18 19
1 1 161 18 19
1 1 162 19 18
1 1 163 19 18
1 1 164 20 17
1 1 165 20 17
1 1 166 20 17
1 1 167 21 16
1 1 168 21 16
1 1 169 22 15
1 1 170 22 15
1 1 171 22 15
1 1 172 23 15
1 1 173 23 15
1 1 174 24 14
1 1 175 24 14
1 1 176 24 14
1 1 177 25 14
1 1 178 25 14
1 1 179 26 13
1 1 180 26 13
1 1 181 26 13
1 1 182 27 13
1 1 183 27 13
1 1 184 28 13
1 1 185 28 13
1 1 186 28 13
1 1 187 29 13
1 1 188 29 13
1 1 189 31 13
1 1 190 31 13
1 1 191 31 13
1 1 192 31 13
1 1 193 32 12
1 1 194 32 12
1 1 195 32 12
1 1 196 34 13
1 1 197 34 13
1 1 198 35 13
1 1 199 35 13
1 1 200 35 13
1 1 201 36 13
1 1 202 36 13
1 1 203 37 13
1 1 204 37 13
1 1 205 37 13
1 1 206 38 14
1 1 207 38 14
1 1 208 39 14
1 1 209 39 14
1 1 210 39 14
1 1 211 40 14
1 1 212 40 14
1 1 213 42 15
1 1 214 42 15
1 1 215 42 15
1 1 216 43 16
1 1 217 43 16
1 1 218 44 16
1 1 219 44 16
1 1 220 44 16
1 1 221 45 17
1 1 222 45 17
1 1 223 45 18
1 1 224 45 18
1 1 225 45 18
1 1 226 46 19
1 1 227 46 19
1 1 228 47 20
1 1 229 47 20
1 1 230 47 20
1 1 231 48 21
1 1 232 48 21
1 1 233 49 22
1 1 234 49 22
1 1 235 49 22
1 1 236 49 23
1 1 237 49 23
1 1 238 50 24
1 1 239 50 24
1 1 240 50 24
1 1 241 50 25
1 1 242 50 25
1 1 243 51 26
1 1 244 51 26
1 1 245 51 26
1 1 246 51 27
1 1 247 51 27
1 1 248 51 28
1 1 249 51 28
1 1 250 51 28
1 1 251 51 29
1 1 252 51 29
1 1 253 51 31
1 1 254 51 31
1 1 255 51 31
1 2 0 52 31
1 2 1 53 32
1 2 2 53 32
1 2 3 53 32
1 2 4 52 34
1 2 5 52 34
1 2 6 52 35
1 2 7 52 35
1 2 8 52 35
1 2 9 52 36
1 2 10 52 36
1 2 11 52 37
1 2 12 52 37
1 2 13 52 37
1 2 14 51 39
1 2 15 51 39
1 2 16 51 40
1 2 17 51 40
1 2 18 51 40
1 2 19 50 41
1 2 20 50 41
1 2 21 50 42
1 2 22 50 42
1 2 23 50 42
1 2 24 49 43
1 2 25 49 43
1 2 26 49 44
1 2 27 49 44
1 2 28 49 44
1 2 29 48 45
1 2 30 48 45
1 2 31 47 46
1 2 32 47 46
1 2 33 47 46
1 2 34 46 47
1 2 35 46 47
1 2 36 45 48
1 2 37 45 48
1 2 38 45 48
1 2 39 44 49
1 2 40 44 49
1 2 41 43 49
1 2 42 43 49
1 2 43 43 49
1 2 44 42 50
1 2 45 42 50
1 2 46 41 51
1 2 47 41 51
1 2 48 41 51
1 2 49 39 51
1 2 50 39 51
1 2 51 38 51
1 2 52 38 51
1 2 53 38 51
1 2 54 37 52
1 2 55 37 52
1 2 56 36 52
1 2 57 36 52
1 2 58 36 52
1 2 59 35 52
1 2 60 35 52
1 2 61 33 52
1 2 62 33 52
1 2 63 33 52
1 2 64 33 52
1 2 65 32 53
1 2 66 32 53
1 2 67 32 53
1 2 68 30 52
1 2 69 30 52
1 2 70 29 52
1 2 71 29 52
1 2 72 29 52
1 2 73 28 52
1 2 74 28 52
1 2 75 27 52
1 2 76 27 52
1 2 77 27 52
1 2 78 25 51
1 2 79 25 51
1 2 80 24 51
1 2 81 24 51
1 2 82 24 51
1 2 83 23 50
1 2 84 23 50
1 2 85 22 50
1 2 86 22 50
1 2 87 22 50
1 2 88 21 49
1 2 89 21 49
1 2 90 20 49
1 2 91 20 49
1 2 92 20 49
1 2 93 19 48
1 2 94 19 48
1 2 95 18 47
1 2 96 18 47
1 2 97 18 47
1 2 98 17 46
1 2 99 17 46
1 2 100 16 45
1 2 101 16 45
1 2 102 16 45
1 2 103 15 44
1 2 104 15 44
1 2 105 15 43
1 2 106 15 43
1 2 107 15 43
1 2 108 14 42
1 2 109 14 42
1 2 110 13 41
1 2 111 13 41
1 2 112 13 41
1 2 113 13 39
1 2 114 13 39
1 2 115 13 38
1 2 116 13 38
1 2 117 13 38
1 2 118 12 37
1 2 119 12 37
1 2 120 12 36
1 2 121 12 36
1 2 122 12 36
1 2 123 12 35
1 2 124 12 35
1 2 125 12 33
1 2 126 12 33
1 2 127 12 33
1 2 128 12 33
1 2 129 11 32
1 2 130 11 32
1 2 131 11 32
1 2 132 12 30
1 2 133 12 30
1 2 134 12 29
1 2 135 12 29
1 2 136 12 29
1 2 137 12 28
1 2 138 12 28
1 2 139 12 27
1 2 140 12 27
1 2 141 12 27
1 2 142 13 25
1 2 143 13 25
1 2 144 13 24
1 2 145 13 24
1 2 146 13 24
1 2 147 14 23
1 2 148 14 23
1 2 149 14 22
1 2 150 14 22
1 2 151 14 22
1 2 152 15 21
1 2 153 15 21
1 2 154 15 20
1 2 155 15 20
1 2 156 15 20
1 2 157 16 19
1 2 158 16 19
1 2 159 17 18
1 2 160 17 18
1 2 161 17 18
1 2 162 18 17
1 2 163 18 17
1 2 164 19 16
1 2 165 19 16
1 2 166 19 16
1 2 167 20 15
1 2 168 20 15
1 2 169 21 15
1 2 170 21 15
1 2 171 21 15
1 2 172 22 14
1 2 173 22 14
1 2 174 23 13
1 2 175 23 13
1 2 176 23 13
1 2 177 25 13
1 2 178 25 13
1 2 179 26 13
1 2 180 26 13
1 2 181 26 13
1 2 182 27 12
1 2 183 27 12
1 2 184 28 12
1 2 185 28 12
1 2 186 28 12
1 2 187 29 12
1 2 188 29 12
1 2 189 31 12
1 2 190 31 12
1 2 191 31 12
1 2 192 31 12
1 2 193 32 11
1 2 194 32 11
1 2 195 32 11
1 2 196 34 12
1 2 197 34 12
1 2 198 35 12
1 2 199 35 12
1 2 200 35 12
1 2 201 36 12
1 2 202 36 12
1 2 203 37 12
1 2 204 37 12
1 2 205 37 12
1 2 206 39 13
1 2 207 39 13
1 2 208 40 13
1 2 209 40 13
1 2 210 40 13
1 2 211 41 14
1 2 212 41 14
1 2 213 42 14
1 2 214 42 14
1 2 215 42 14
1 2 216 43 15
1 2 217 43 15
1 2 218 44 15
1 2 219 44 15
1 2 220 44 15
1 2 221 45 16
1 2 222 45 16
1 2 223 46 17
1 2 224 46 17
1 2 225 46 17
1 2 226 47 18
1 2 227 47 18
1 2 228 48 19
1 2 229 48 19
1 2 230 48 19
1 2 231 49 20
1 2 232 49 20
1 2 233 49 21
1 2 234 49 21
1 2 235 49 21
1 2 236 50 22
1 2 237 50 22
1 2 238 51 23
1 2 239 51 23
1 2 240 51 23
1 2 241 51 25
1 2 242 51 25
1 2 243 51 26
1 2 244 51 26
1 2 245 51 26
1 2 246 52 27
1 2 247 52 27
1 2 248 52 28
1 2 249 52 28
1 2 250 52 28
1 2 251 52 29
1 2 252 52 29
1 2 253 52 31
1 2 254 52 31
1 2 255 52 31
1 3 0 53 31
1 3 1 54 32
1 3 2 54 32
1 3 3 54 32
1 3 4 53 34
1 3 5 53 34
1 3 6 53 35
1 3 7 53 35
1 3 8 53 35
1 3 9 53 36
1 3 10 53 36
1 3 11 53 38
1 3 12 53 38
1 3 13 53 38
1 3 14 52 39
1 3 15 52 39
1 3 16 52 40
1 3 17 52 40
1 3 18 52 40
1 3 19 51 41
1 3 20 51 41
1 3 21 51 43
1 3 22 51 43
1 3 23 51 43
1 3 24 50 44
1 3 25 50 44
1 3 26 49 45
1 3 27 49 45
1 3 28 49 45
1 3 29 48 46
1 3 30 48 46
1 3 31 48 47
1 3 32 48 47
1 3 33 48 47
1 3 34 47 48
1 3 35 47 48
1 3 36 46 49
1 3 37 46 49
1 3 38 46 49
1 3 39 45 49
1 3 40 45 49
1 3 41 43 50
1 3 42 43 50
1 3 43 43 50
1 3 44 42 51
1 3 45 42 51
1 3 46 41 52
1 3 47 41 52
1 3 48 41 52
1 3 49 40 52
1 3 50 40 52
1 3 51 39 52
1 3 52 39 52
1 3 53 39 52
1 3 54 37 53
1 3 55 37 53
1 3 56 36 53
1 3 57 36 53
1 3 58 36 53
1 3 59 35 53
1 3 60 35 53
1 3 61 33 53
1 3 62 33 53
1 3 63 33 53
1 3 64 33 53
1 3 65 32 54
1 3 66 32 54
1 3 67 32 54
1 3 68 30 53
1 3 69 30 53
1 3 70 29 53
1 3 71 29 53
1 3 72 29 53
1 3 73 28 53
1 3 74 28 53
1 3 75 26 53
1 3 76 26 53
1 3 77 26 53
1 3 78 25 52
1 3 79 25 52
1 3 80 24 52
1 3 81 24 52
1 3 82 24 52
1 3 83 23 51
1 3 84 23 51
1 3 85 21 51
1 3 86 21 51
1 3 87 21 51
1 3 88 20 50
1 3 89 20 50
1 3 90 19 49
1 3 91 19 49
1 3 92 19 49
1 3 93 18 48
1 3 94 18 48
1 3 95 17 48
1 3 96 17 48
1 3 97 17 48
1 3 98 16 47
1 3 99 16 47
1 3 100 15 46
1 3 101 15 46
1 3 102 15 46
1 3 103 15 45
1 3 104 15 45
1 3 105 14 43
1 3 106 14 43
1 3 107 14 43
1 3 108 13 42
1 3 109 13 42
1 3 110 12 41
1 3 111 12 41
1 3 112 12 41
1 3 113 12 40
1 3 114 12 40
1 3 115 12 39
1 3 116 12 39
1 3 117 12 39
1 3 118 11 37
1 3 119 11 37
1 3 120 11 36
1 3 121 11 36
1 3 122 11 36
1 3 123 11 35
1 3 124 11 35
1 3 125 11 33
1 3 126 11 33
1 3 127 11 33
1 3 128 11 33
1 3 129 10 32
1 3 130 10 32
1 3 131 10 32
1 3 132 11 30
1 3 133 11 30
1 3 134 11 29
1 3 135 11 29
1 3 136 11 29
1 3 137 11 28
1 3 138 11 28
1 3 139 11 26
1 3 140 11 26
1 3 141 11 26
1 3 142 12 25
1 3 143 12 25
1 3 144 12 24
1 3 145 12 24
1 3 146 12 24
1 3 147 13 23
1 3 148 13 23
1 3 149 13 21
1 3 150 13 21
1 3 151 13 21
1 3 152 14 20
1 3 153 14 20
1 3 154 15 19
1 3 155 15 19
1 3 156 15 19
1 3 157 16 18
1 3 158 16 18
1 3 159 16 17
1 3 160 16 17
1 3 161 16 17
1 3 162 17 16
1 3 163 17 16
1 3 164 18 15
1 3 165 18 15
1 3 166 18 15
1 3 167 19 15
1 3 168 19 15
1 3 169 21 14
1 3 170 21 14
1 3 171 21 14
1 3 172 22 13
1 3 173 22 13
1 3 174 23 12
1 3 175 23 12
1 3 176 23 12
1 3 177 24 12
1 3 178 24 12
1 3 179 25 12
1 3 180 25 12
1 3 181 25 12
1 3 182 27 11
1 3 183 27 11
1 3 184 28 11
1 3 185 28 11
1 3 186 28 11
1 3 187 29 11
1 3 188 29 11
1 3 189 31 11
1 3 190 31 11
1 3 191 31 11
1 3 192 31 11
1 3 193 32 10
1 3 194 32 10
1 3 195 32 10
1 3 196 34 11
1 3 197 34 11
1 3 198 35 11
1 3 199 35 11
1 3 200 35 11
1 3 201 36 11
1 3 202 36 11
1 3 203 38 11
1 3 204 38 11
1 3 205 38 11
1 3 206 39 12
1 3 207 39 12
1 3 208 40 12
1 3 209 40 12
1 3 210 40 12
1 3 211 41 13
1 3 212 41 13
1 3 213 43 13
1 3 214 43 13
1 3 215 43 13
1 3 216 44 14
1 3 217 44 14
1 3 218 45 15
1 3 219 45 15
1 3 220 45 15
1 3 221 46 16
1 3 222 46 16
1 3 223 47 16
1 3 224 47 16
1 3 225 47 16
1 3 226 48 17
1 3 227 48 17
1 3 228 49 18
1 3 229 49 18
1 3 230 49 18
1 3 231 49 19
1 3 232 49 19
1 3 233 50 21
1 3 234 50 21
1 3 235 50 21
1 3 236 51 22
1 3 237 51 22
1 3 238 52 23
1 3 239 52 23
1 3 240 52 23
1 3 241 52 24
1 3 242 52 24
1 3 243 52 25
1 3 244 52 25
1 3 245 52 25
1 3 246 53 27
1 3 247 53 27
1 3 248 53 28
1 3 249 53 28
1 3 250 53 28
1 3 251 53 29
1 3 252 53 29
1 3 253 53 31
1 3 254 53 31
1 3 255 53 31
2 0 0 51 32
2 0 1 50 33
2 0 2 50 33
2 0 3 50 33
2 0 4 50 34
2 0 5 50 34
2 0 6 50 36
2 0 7 50 36
2 0 8 50 36
2 0 9 50 37
2 0 10 50 37
2 0 11 50 38
2 0 12 50 38
2 0 13 50 38
2 0 14 49 39
2 0 15 49 39
2 0 16 49 40
2 0 17 49 40
2 0 18 49 40
2 0 19 48 41
2 0 20 48 41
2 0 21 48 42
2 0 22 48 42
2 0 23 48 42
2 0 24 47 43
2 0 25 47 43
2 0 26 46 44
2 0 27 46 44
2 0 28 46 44
2 0 29 46 45
2 0 30 46 45
2 0 31 45 45
2 0 32 45 45
2 0 33 45 45
2 0 34 44 46
2 0 35 44 46
2 0 36 43 47
2 0 37 43 47
2 0 38 43 47
2 0 39 42 48
2 0 40 42 48
2 0 41 41 48
2 0 42 41 48
2 0 43 41 48
2 0 44 40 49
2 0 45 40 49
2 0 46 39 49
2 0 47 39 49
2 0 48 39 49
2 0 49 38 50
2 0 50 38 50
2 0 51 37 50
2 0 52 37 50
2 0 53 37 50
2 0 54 36 50
2 0 55 36 50
2 0 56 35 50
2 0 57 35 50
2 0 58 35 50
2 0 59 33 50
2 0 60 33 50
2 0 61 32 51
2 0 62 32 51
2 0 63 32 51
2 0 64 32 51
2 0 65 31 50
2 0 66 31 50
2 0 67 31 50
2 0 68 30 50
2 0 69 30 50
2 0 70 28 50
2 0 71 28 50
2 0 72 28 50
2 0 73 27 50
2 0 74 27 50
2 0 75 26 50
2 0 76 26 50
2 0 77 26 50
2 0 78 25 49
2 0 79 25 49
2 0 80 24 49
2 0 81 24 49
2 0 82 24 49
2 0 83 23 48
2 0 84 23 48
2 0 85 22 48
2 0 86 22 48
2 0 87 22 48
2 0 88 21 47
2 0 89 21 47
2 0 90 20 46
2 0 91 20 46
2 0 92 20 46
2 0 93 19 46
2 0 94 19 46
2 0 95 19 45
2 0 96 19 45
2 0 97 19 45
2 0 98 18 44
2 0 99 18 44
2 0 100 17 43
2 0 101 17 43
2 0 102 17 43
2 0 103 16 42
2 0 104 16 42
2 0 105 16 41
2 0 106 16 41
2 0 107 16 41
2 0 108 15 40
2 0 109 15 40
2 0 110 15 39
2 0 111 15 39
2 0 112 15 39
2 0 113 14 38
2 0 114 14 38
2 0 115 14 37
2 0 116 14 37
2 0 117 14 37
2 0 118 14 36
2 0 119 14 36
2 0 120 14 35
2 0 121 14 35
2 0 122 14 35
2 0 123 14 33
2 0 124 14 33
2 0 125 13 32
2 0 126 13 32
2 0 127 13 32
2 0 128 13 32
2 0 129 14 31
2 0 130 14 31
2 0 131 14 31
2 0 132 14 30
2 0 133 14 30
2 0 134 14 28
2 0 135 14 28
2 0 136 14 28
2 0 137 14 27
2 0 138 14 27
2 0 139 14 26
2 0 140 14 26
2 0 141 14 26
2 0 142 15 25
2 0 143 15 25
2 0 144 15 24
2 0 145 15 24
2 0 146 15 24
2 0 147 16 23
2 0 148 16 23
2 0 149 16 22
2 0 150 16 22
2 0 151 16 22
2 0 152 17 21
2 0 153 17 21
2 0 154 18 20
2 0 155 18 20
2 0 156 18 20
2 0 157 18 19
2 0 158 18 19
2 0 159 19 19
2 0 160 19 19
2 0 161 19 19
2 0 162 20 18
2 0 163 20 18
2 0 164 21 17
2 0 165 21 17
2 0 166 21 17
2 0 167 22 16
2 0 168 22 16
2 0 169 23 16
2 0 170 23 16
2 0 171 23 16
2 0 172 24 15
2 0 173 24 15
2 0 174 25 15
2 0 175 25 15
2 0 176 25 15
2 0 177 26 14
2 0 178 26 14
2 0 179 27 14
2 0 180 27 14
2 0 181 27 14
2 0 182 28 14
2 0 183 28 14
2 0 184 29 14
2 0 185 29 14
2 0 186 29 14
2 0 187 31 14
2 0 188 31 14
2 0 189 32 13
2 0 190 32 13
2 0 191 32 13
2 0 192 32 13
2 0 193 33 14
2 0 194 33 14
2 0 195 33 14
2 0 196 34 14
2 0 197 34 14
2 0 198 36 14
2 0 199 36 14
2 0 200 36 14
2 0 201 37 14
2 0 202 37 14
2 0 203 38 14
2 0 204 38 14
2 0 205 38 14
2 0 206 39 15
2 0 207 39 15
2 0 208 40 15
2 0 209 40 15
2 0 210 40 15
2 0 211 41 16
2 0 212 41 16
2 0 213 42 16
2 0 214 42 16
2 0 215 42 16
2 0 216 43 17
2 0 217 43 17
2 0 218 44 18
2 0 219 44 18
2 0 220 44 18
2 0 221 45 18
2 0 222 45 18
2 0 223 45 19
2 0 224 45 19
2 0 225 45 19
2 0 226 46 20
2 0 227 46 20
2 0 228 47 21
2 0 229 47 21
2 0 230 47 21
2 0 231 48 22
2 0 232 48 22
2 0 233 48 23
2 0 234 48 23
2 0 235 48 23
2 0 236 49 24
2 0 237 49 24
2 0 238 49 25
2 0 239 49 25
2 0 240 49 25
2 0 241 50 26
2 0 242 50 26
2 0 243 50 27
2 0 244 50 27
2 0 245 50 27
2 0 246 50 28
2 0 247 50 28
2 0 248 50 29
2 0 249 50 29
2 0 250 50 29
2 0 251 50 31
2 0 252 50 31
2 0 253 51 32
2 0 254 51 32
2 0 255 51 32
2 1 0 52 32
2 1 1 51 33
2 1 2 51 33
2 1 3 51 33
2 1 4 51 35
2 1 5 51 35
2 1 6 51 36
2 1 7 51 36
2 1 8 51 36
2 1 9 51 37
2 1 10 51 37
2 1 11 51 38
2 1 12 51 38
2 1 13 51 38
2 1 14 50 39
2 1 15 50 39
2 1 16 50 40
2 1 17 50 40
2 1 18 50 40
2 1 19 49 41
2 1 20 49 41
2 1 21 49 42
2 1 22 49 42
2 1 23 49 42
2 1 24 48 43
2 1 25 48 43
2 1 26 47 44
2 1 27 47 44
2 1 28 47 44
2 1 29 46 45
2 1 30 46 45
2 1 31 45 46
2 1 32 45 46
2 1 33 45 46
2 1 34 45 47
2 1 35 45 47
2 1 36 44 48
2 1 37 44 48
2 1 38 44 48
2 1 39 43 48
2 1 40 43 48
2 1 41 42 49
2 1 42 42 49
2 1 43 42 49
2 1 44 40 50
2 1 45 40 50
2 1 46 39 50
2 1 47 39 50
2 1 48 39 50
2 1 49 38 50
2 1 50 38 50
2 1 51 37 51
2 1 52 37 51
2 1 53 37 51
2 1 54 36 51
2 1 55 36 51
2 1 56 35 51
2 1 57 35 51
2 1 58 35 51
2 1 59 34 51
2 1 60 34 51
2 1 61 32 52
2 1 62 32 52
2 1 63 32 52
2 1 64 32 52
2 1 65 31 51
2 1 66 31 51
2 1 67 31 51
2 1 68 29 51
2 1 69 29 51
2 1 70 28 51
2 1 71 28 51
2 1 72 28 51
2 1 73 27 51
2 1 74 27 51
2 1 75 26 51
2 1 76 26 51
2 1 77 26 51
2 1 78 25 50
2 1 79 25 50
2 1 80 24 50
2 1 81 24 50
2 1 82 24 50
2 1 83 23 49
2 1 84 23 49
2 1 85 22 49
2 1 86 22 49
2 1 87 22 49
2 1 88 21 48
2 1 89 21 48
2 1 90 20 47
2 1 91 20 47
2 1 92 20 47
2 1 93 19 46
2 1 94 19 46
2 1 95 18 45
2 1 96 18 45
2 1 97 18 45
2 1 98 17 45
2 1 99 17 45
2 1 100 16 44
2 1 101 16 44
2 1 102 16 44
2 1 103 16 43
2 1 104 16 43
2 1 105 15 42
2 1 106 15 42
2 1 107 15 42
2 1 108 14 40
2 1 109 14 40
2 1 110 14 39
2 1 111 14 39
2 1 112 14 39
2 1 113 14 38
2 1 114 14 38
2 1 115 13 37
2 1 116 13 37
2 1 117 13 37
2 1 118 13 36
2 1 119 13 36
2 1 120 13 35
2 1 121 13 35
2 1 122 13 35
2 1 123 13 34
2 1 124 13 34
2 1 125 12 32
2 1 126 12 32
2 1 127 12 32
2 1 128 12 32
2 1 129 13 31
2 1 130 13 31
2 1 131 13 31
2 1 132 13 29
2 1 133 13 29
2 1 134 13 28
2 1 135 13 28
2 1 136 13 28
2 1 137 13 27
2 1 138 13 27
2 1 139 13 26
2 1 140 13 26
2 1 141 13 26
2 1 142 14 25
2 1 143 14 25
2 1 144 14 24
2 1 145 14 24
2 1 146 14 24
2 1 147 15 23
2 1 148 15 23
2 1 149 15 22
2 1 150 15 22
2 1 151 15 22
2 1 152 16 21
2 1 153 16 21
2 1 154 17 20
2 1 155 17 20
2 1 156 17 20
2 1 157 18 19
2 1 158 18 19
2 1 159 19 18
2 1 160 19 18
2 1 161 19 18
2 1 162 19 17
2 1 163 19 17
2 1 164 20 16
2 1 165 20 16
2 1 166 20 16
2 1 167 21 16
2 1 168 21 16
2 1 169 22 15
2 1 170 22 15
2 1 171 22 15
2 1 172 24 14
2 1 173 24 14
2 1 174 25 14
2 1 175 25 14
2 1 176 25 14
2 1 177 26 14
2 1 178 26 14
2 1 179 27 13
2 1 180 27 13
2 1 181 27 13
2 1 182 28 13
2 1 183 28 13
2 1 184 29 13
2 1 185 29 13
2 1 186 29 13
2 1 187 30 13
2 1 188 30 13
2 1 189 32 12
2 1 190 32 12
2 1 191 32 12
2 1 192 32 12
2 1 193 33 13
2 1 194 33 13
2 1 195 33 13
2 1 196 35 13
2 1 197 35 13
2 1 198 36 13
2 1 199 36 13
2 1 200 36 13
2 1 201 37 13
2 1 202 37 13
2 1 203 38 13
2 1 204 38 13
2 1 205 38 13
2 1 206 39 14
2 1 207 39 14
2 1 208 40 14
2 1 209 40 14
2 1 210 40 14
2 1 211 41 15
2 1 212 41 15
2 1 213 42 15
2 1 214 42 15
2 1 215 42 15
2 1 216 43 16
2 1 217 43 16
2 1 218 44 17
2 1 219 44 17
2 1 220 44 17
2 1 221 45 18
2 1 222 45 18
2 1 223 46 19
2 1 224 46 19
2 1 225 46 19
2 1 226 47 19
2 1 227 47 19
2 1 228 48 20
2 1 229 48 20
2 1 230 48 20
2 1 231 48 21
2 1 232 48 21
2 1 233 49 22
2 1 234 49 22
2 1 235 49 22
2 1 236 50 24
2 1 237 50 24
2 1 238 50 25
2 1 239 50 25
2 1 240 50 25
2 1 241 50 26
2 1 242 50 26
2 1 243 51 27
2 1 244 51 27
2 1 245 51 27
2 1 246 51 28
2 1 247 51 28
2 1 248 51 29
2 1 249 51 29
2 1 250 51 29
2 1 251 51 30
2 1 252 51 30
2 1 253 52 32
2 1 254 52 32
2 1 255 52 32
2 2 0 53 32
2 2 1 52 33
2 2 2 52 33
2 2 3 52 33
2 2 4 52 35
2 2 5 52 35
2 2 6 52 36
2 2 7 52 36
2 2 8 52 36
2 2 9 52 37
2 2 10 52 37
2 2 11 51 38
2 2 12 51 38
2 2 13 51 38
2 2 14 51 39
2 2 15 51 39
2 2 16 51 41
2 2 17 51 41
2 2 18 51 41
2 2 19 50 42
2 2 20 50 42
2 2 21 49 43
2 2 22 49 43
2 2 23 49 43
2 2 24 49 44
2 2 25 49 44
2 2 26 48 45
2 2 27 48 45
2 2 28 48 45
2 2 29 47 46
2 2 30 47 46
2 2 31 46 47
2 2 32 46 47
2 2 33 46 47
2 2 34 45 48
2 2 35 45 48
2 2 36 44 49
2 2 37 44 49
2 2 38 44 49
2 2 39 43 49
2 2 40 43 49
2 2 41 42 50
2 2 42 42 50
2 2 43 42 50
2 2 44 41 50
2 2 45 41 50
2 2 46 40 51
2 2 47 40 51
2 2 48 40 51
2 2 49 39 51
2 2 50 39 51
2 2 51 37 52
2 2 52 37 52
2 2 53 37 52
2 2 54 36 52
2 2 55 36 52
2 2 56 35 52
2 2 57 35 52
2 2 58 35 52
2 2 59 34 52
2 2 60 34 52
2 2 61 32 53
2 2 62 32 53
2 2 63 32 53
2 2 64 32 53
2 2 65 31 52
2 2 66 31 52
2 2 67 31 52
2 2 68 29 52
2 2 69 29 52
2 2 70 28 52
2 2 71 28 52
2 2 72 28 52
2 2 73 27 52
2 2 74 27 52
2 2 75 26 51
2 2 76 26 51
2 2 77 26 51
2 2 78 25 51
2 2 79 25 51
2 2 80 23 51
2 2 81 23 51
2 2 82 23 51
2 2 83 22 50
2 2 84 22 50
2 2 85 21 49
2 2 86 21 49
2 2 87 21 49
2 2 88 20 49
2 2 89 20 49
2 2 90 19 48
2 2 91 19 48
2 2 92 19 48
2 2 93 18 47
2 2 94 18 47
2 2 95 17 46
2 2 96 17 46
2 2 97 17 46
2 2 98 16 45
2 2 99 16 45
2 2 100 15 44
2 2 101 15 44
2 2 102 15 44
2 2 103 15 43
2 2 104 15 43
2 2 105 14 42
2 2 106 14 42
2 2 107 14 42
2 2 108 14 41
2 2 109 14 41
2 2 110 13 40
2 2 111 13 40
2 2 112 13 40
2 2 113 13 39
2 2 114 13 39
2 2 115 12 37
2 2 116 12 37
2 2 117 12 37
2 2 118 12 36
2 2 119 12 36
2 2 120 12 35
2 2 121 12 35
2 2 122 12 35
2 2 123 12 34
2 2 124 12 34
2 2 125 11 32
2 2 126 11 32
2 2 127 11 32
2 2 128 11 32
2 2 129 12 31
2 2 130 12 31
2 2 131 12 31
2 2 132 12 29
2 2 133 12 29
2 2 134 12 28
2 2 135 12 28
2 2 136 12 28
2 2 137 12 27
2 2 138 12 27
2 2 139 13 26
2 2 140 13 26
2 2 141 13 26
2 2 142 13 25
2 2 143 13 25
2 2 144 13 23
2 2 145 13 23
2 2 146 13 23
2 2 147 14 22
2 2 148 14 22
2 2 149 15 21
2 2 150 15 21
2 2 151 15 21
2 2 152 15 20
2 2 153 15 20
2 2 154 16 19
2 2 155 16 19
2 2 156 16 19
2 2 157 17 18
2 2 158 17 18
2 2 159 18 17
2 2 160 18 17
2 2 161 18 17
2 2 162 19 16
2 2 163 19 16
2 2 164 20 15
2 2 165 20 15
2 2 166 20 15
2 2 167 21 15
2 2 168 21 15
2 2 169 22 14
2 2 170 22 14
2 2 171 22 14
2 2 172 23 14
2 2 173 23 14
2 2 174 24 13
2 2 175 24 13
2 2 176 24 13
2 2 177 25 13
2 2 178 25 13
2 2 179 27 12
2 2 180 27 12
2 2 181 27 12
2 2 182 28 12
2 2 183 28 12
2 2 184 29 12
2 2 185 29 12
2 2 186 29 12
2 2 187 30 12
2 2 188 30 12
2 2 189 32 11
2 2 190 32 11
2 2 191 32 11
2 2 192 32 11
2 2 193 33 12
2 2 194 33 12
2 2 195 33 12
2 2 196 35 12
2 2 197 35 12
2 2 198 36 12
2 2 199 36 12
2 2 200 36 12
2 2 201 37 12
2 2 202 37 12
2 2 203 38 13
2 2 204 38 13
2 2 205 38 13
2 2 206 39 13
2 2 207 39 13
2 2 208 41 13
2 2 209 41 13
2 2 210 41 13
2 2 211 42 14
2 2 212 42 14
2 2 213 43 15
2 2 214 43 15
2 2 215 43 15
2 2 216 44 15
2 2 217 44 15
2 2 218 45 16
2 2 219 45 16
2 2 220 45 16
2 2 221 46 17
2 2 222 46 17
2 2 223 47 18
2 2 224 47 18
2 2 225 47 18
2 2 226 48 19
2 2 227 48 19
2 2 228 49 20
2 2 229 49 20
2 2 230 49 20
2 2 231 49 21
2 2 232 49 21
2 2 233 50 22
2 2 234 50 22
2 2 235 50 22
2 2 236 50 23
2 2 237 50 23
2 2 238 51 24
2 2 239 51 24
2 2 240 51 24
2 2 241 51 25
2 2 242 51 25
2 2 243 52 27
2 2 244 52 27
2 2 245 52 27
2 2 246 52 28
2 2 247 52 28
2 2 248 52 29
2 2 249 52 29
2 2 250 52 29
2 2 251 52 30
2 2 252 52 30
2 2 253 53 32
2 2 254 53 32
2 2 255 53 32
2 3 0 54 32
2 3 1 53 33
2 3 2 53 33
2 3 3 53 33
2 3 4 53 35
2 3 5 53 35
2 3 6 53 36
2 3 7 53 36
2 3 8 53 36
2 3 9 53 37
2 3 10 53 37
2 3 11 52 39
2 3 12 52 39
2 3 13 52 39
2 3 14 52 40
2 3 15 52 40
2 3 16 52 41
2 3 17 52 41
2 3 18 52 41
2 3 19 51 42
2 3 20 51 42
2 3 21 50 43
2 3 22 50 43
2 3 23 50 43
2 3 24 49 45
2 3 25 49 45
2 3 26 49 46
2 3 27 49 46
2 3 28 49 46
2 3 29 48 47
2 3 30 48 47
2 3 31 47 48
2 3 32 47 48
2 3 33 47 48
2 3 34 46 48
2 3 35 46 48
2 3 36 45 49
2 3 37 45 49
2 3 38 45 49
2 3 39 44 50
2 3 40 44 50
2 3 41 43 51
2 3 42 43 51
2 3 43 43 51
2 3 44 41 51
2 3 45 41 51
2 3 46 40 52
2 3 47 40 52
2 3 48 40 52
2 3 49 39 52
2 3 50 39 52
2 3 51 38 53
2 3 52 38 53
2 3 53 38 53
2 3 54 36 53
2 3 55 36 53
2 3 56 35 53
2 3 57 35 53
2 3 58 35 53
2 3 59 34 53
2 3 60 34 53
2 3 61 32 54
2 3 62 32 54
2 3 63 32 54
2 3 64 32 54
2 3 65 31 53
2 3 66 31 53
2 3 67 31 53
2 3 68 29 53
2 3 69 29 53
2 3 70 28 53
2 3 71 28 53
2 3 72 28 53
2 3 73 27 53
2 3 74 27 53
2 3 75 25 52
2 3 76 25 52
2 3 77 25 52
2 3 78 24 52
2 3 79 24 52
2 3 80 23 52
2 3 81 23 52
2 3 82 23 52
2 3 83 22 51
2 3 84 22 51
2 3 85 21 50
2 3 86 21 50
2 3 87 21 50
2 3 88 19 49
2 3 89 19 49
2 3 90 18 49
2 3 91 18 49
2 3 92 18 49
2 3 93 17 48
2 3 94 17 48
2 3 95 16 47
2 3 96 16 47
2 3 97 16 47
2 3 98 16 46
2 3 99 16 46
2 3 100 15 45
2 3 101 15 45
2 3 102 15 45
2 3 103 14 44
2 3 104 14 44
2 3 105 13 43
2 3 106 13 43
2 3 107 13 43
2 3 108 13 41
2 3 109 13 41
2 3 110 12 40
2 3 111 12 40
2 3 112 12 40
2 3 113 12 39
2 3 114 12 39
2 3 115 11 38
2 3 116 11 38
2 3 117 11 38
2 3 118 11 36
2 3 119 11 36
2 3 120 11 35
2 3 121 11 35
2 3 122 11 35
2 3 123 11 34
2 3 124 11 34
2 3 125 10 32
2 3 126 10 32
2 3 127 10 32
2 3 128 10 32
2 3 129 11 31
2 3 130 11 31
2 3 131 11 31
2 3 132 11 29
2 3 133 11 29
2 3 134 11 28
2 3 135 11 28
2 3 136 11 28
2 3 137 11 27
2 3 138 11 27
2 3 139 12 25
2 3 140 12 25
2 3 141 12 25
2 3 142 12 24
2 3 143 12 24
2 3 144 12 23
2 3 145 12 23
2 3 146 12 23
2 3 147 13 22
2 3 148 13 22
2 3 149 14 21
2 3 150 14 21
2 3 151 14 21
2 3 152 15 19
2 3 153 15 19
2 3 154 15 18
2 3 155 15 18
2 3 156 15 18
2 3 157 16 17
2 3 158 16 17
2 3 159 17 16
2 3 160 17 16
2 3 161 17 16
2 3 162 18 16
2 3 163 18 16
2 3 164 19 15
2 3 165 19 15
2 3 166 19 15
2 3 167 20 14
2 3 168 20 14
2 3 169 21 13
2 3 170 21 13
2 3 171 21 13
2 3 172 23 13
2 3 173 23 13
2 3 174 24 12
2 3 175 24 12
2 3 176 24 12
2 3 177 25 12
2 3 178 25 12
2 3 179 26 11
2 3 180 26 11
2 3 181 26 11
2 3 182 28 11
2 3 183 28 11
2 3 184 29 11
2 3 185 29 11
2 3 186 29 11
2 3 187 30 11
2 3 188 30 11
2 3 189 32 10
2 3 190 32 10
2 3 191 32 10
2 3 192 32 10
2 3 193 33 11
2 3 194 33 11
2 3 195 33 11
2 3 196 35 11
2 3 197 35 11
2 3 198 36 11
2 3 199 36 11
2 3 200 36 11
2 3 201 37 11
2 3 202 37 11
2 3 203 39 12
2 3 204 39 12
2 3 205 39 12
2 3 206 40 12
2 3 207 40 12
2 3 208 41 12
2 3 209 41 12
2 3 210 41 12
2 3 211 42 13
2 3 212 42 13
2 3 213 43 14
2 3 214 43 14
2 3 215 43 14
2 3 216 45 15
2 3 217 45 15
2 3 218 46 15
2 3 219 46 15
2 3 220 46 15
2 3 221 47 16
2 3 222 47 16
2 3 223 48 17
2 3 224 48 17
2 3 225 48 17
2 3 226 48 18
2 3 227 48 18
2 3 228 49 19
2 3 229 49 19
2 3 230 49 19
2 3 231 50 20
2 3 232 50 20
2 3 233 51 21
2 3 234 51 21
2 3 235 51 21
2 3 236 51 23
2 3 237 51 23
2 3 238 52 24
2 3 239 52 24
2 3 240 52 24
2 3 241 52 25
2 3 242 52 25
2 3 243 53 26
2 3 244 53 26
2 3 245 53 26
2 3 246 53 28
2 3 247 53 28
2 3 248 53 29
2 3 249 53 29
2 3 250 53 29
2 3 251 53 30
2 3 252 53 30
2 3 253 54 32
2 3 254 54 32
2 3 255 54 32
3 0 0 51 33
3 0 1 50 34
3 0 2 50 34
3 0 3 50 34
3 0 4 50 35
3 0 5 50 35
3 0 6 50 37
3 0 7 50 37
3 0 8 50 37
3 0 9 50 38
3 0 10 50 38
3 0 11 49 39
3 0 12 49 39
3 0 13 49 39
3 0 14 49 40
3 0 15 49 40
3 0 16 48 41
3 0 17 48 41
3 0 18 48 41
3 0 19 48 42
3 0 20 48 42
3 0 21 47 43
3 0 22 47 43
3 0 23 47 43
3 0 24 46 44
3 0 25 46 44
3 0 26 46 45
3 0 27 46 45
3 0 28 46 45
3 0 29 45 45
3 0 30 45 45
3 0 31 44 46
3 0 32 44 46
3 0 33 44 46
3 0 34 43 47
3 0 35 43 47
3 0 36 42 48
3 0 37 42 48
3 0 38 42 48
3 0 39 41 48
3 0 40 41 48
3 0 41 40 49
3 0 42 40 49
3 0 43 40 49
3 0 44 39 49
3 0 45 39 49
3 0 46 38 50
3 0 47 38 50
3 0 48 38 50
3 0 49 37 50
3 0 50 37 50
3 0 51 36 50
3 0 52 36 50
3 0 53 36 50
3 0 54 35 50
3 0 55 35 50
3 0 56 34 50
3 0 57 34 50
3 0 58 34 50
3 0 59 32 51
3 0 60 32 51
3 0 61 31 51
3 0 62 31 51
3 0 63 31 51
3 0 64 31 51
3 0 65 30 50
3 0 66 30 50
3 0 67 30 50
3 0 68 29 50
3 0 69 29 50
3 0 70 27 50
3 0 71 27 50
3 0 72 27 50
3 0 73 26 50
3 0 74 26 50
3 0 75 25 49
3 0 76 25 49
3 0 77 25 49
3 0 78 24 49
3 0 79 24 49
3 0 80 23 48
3 0 81 23 48
3 0 82 23 48
3 0 83 22 48
3 0 84 22 48
3 0 85 21 47
3 0 86 21 47
3 0 87 21 47
3 0 88 20 46
3 0 89 20 46
3 0 90 19 46
3 0 91 19 46
3 0 92 19 46
3 0 93 19 45
3 0 94 19 45
3 0 95 18 44
3 0 96 18 44
3 0 97 18 44
3 0 98 17 43
3 0 99 17 43
3 0 100 16 42
3 0 101 16 42
3 0 102 16 42
3 0 103 16 41
3 0 104 16 41
3 0 105 15 40
3 0 106 15 40
3 0 107 15 40
3 0 108 15 39
3 0 109 15 39
3 0 110 14 38
3 0 111 14 38
3 0 112 14 38
3 0 113 14 37
3 0 114 14 37
3 0 115 14 36
3 0 116 14 36
3 0 117 14 36
3 0 118 14 35
3 0 119 14 35
3 0 120 14 34
3 0 121 14 34
3 0 122 14 34
3 0 123 13 32
3 0 124 13 32
3 0 125 13 31
3 0 126 13 31
3 0 127 13 31
3 0 128 13 31
3 0 129 14 30
3 0 130 14 30
3 0 131 14 30
3 0 132 14 29
3 0 133 14 29
3 0 134 14 27
3 0 135 14 27
3 0 136 14 27
3 0 137 14 26
3 0 138 14 26
3 0 139 15 25
3 0 140 15 25
3 0 141 15 25
3 0 142 15 24
3 0 143 15 24
3 0 144 16 23
3 0 145 16 23
3 0 146 16 23
3 0 147 16 22
3 0 148 16 22
3 0 149 17 21
3 0 150 17 21
3 0 151 17 21
3 0 152 18 20
3 0 153 18 20
3 0 154 18 19
3 0 155 18 19
3 0 156 18 19
3 0 157 19 19
3 0 158 19 19
3 0 159 20 18
3 0 160 20 18
3 0 161 20 18
3 0 162 21 17
3 0 163 21 17
3 0 164 22 16
3 0 165 22 16
3 0 166 22 16
3 0 167 23 16
3 0 168 23 16
3 0 169 24 15
3 0 170 24 15
3 0 171 24 15
3 0 172 25 15
3 0 173 25 15
3 0 174 26 14
3 0 175 26 14
3 0 176 26 14
3 0 177 27 14
3 0 178 27 14
3 0 179 28 14
3 0 180 28 14
3 0 181 28 14
3 0 182 29 14
3 0 183 29 14
3 0 184 30 14
3 0 185 30 14
3 0 186 30 14
3 0 187 32 13
3 0 188 32 13
3 0 189 33 13
3 0 190 33 13
3 0 191 33 13
3 0 192 33 13
3 0 193 34 14
3 0 194 34 14
3 0 195 34 14
3 0 196 35 14
3 0 197 35 14
3 0 198 37 14
3 0 199 37 14
3 0 200 37 14
3 0 201 38 14
3 0 202 38 14
3 0 203 39 15
3 0 204 39 15
3 0 205 39 15
3 0 206 40 15
3 0 207 40 15
3 0 208 41 16
3 0 209 41 16
3 0 210 41 16
3 0 211 42 16
3 0 212 42 16
3 0 213 43 17
3 0 214 43 17
3 0 215 43 17
3 0 216 44 18
3 0 217 44 18
3 0 218 45 18
3 0 219 45 18
3 0 220 45 18
3 0 221 45 19
3 0 222 45 19
3 0 223 46 20
3 0 224 46 20
3 0 225 46 20
3 0 226 47 21
3 0 227 47 21
3 0 228 48 22
3 0 229 48 22
3 0 230 48 22
3 0 231 48 23
3 0 232 48 23
3 0 233 49 24
3 0 234 49 24
3 0 235 49 24
3 0 236 49 25
3 0 237 49 25
3 0 238 50 26
3 0 239 50 26
3 0 240 50 26
3 0 241 50 27
3 0 242 50 27
3 0 243 50 28
3 0 244 50 28
3 0 245 50 28
3 0 246 50 29
3 0 247 50 29
3 0 248 50 30
3 0 249 50 30
3 0 250 50 30
3 0 251 51 32
3 0 252 51 32
3 0 253 51 33
3 0 254 51 33
3 0 255 51 33
3 1 0 52 33
3 1 1 51 34
3 1 2 51 34
3 1 3 51 34
3 1 4 51 36
3 1 5 51 36
3 1 6 51 37
3 1 7 51 37
3 1 8 51 37
3 1 9 51 38
3 1 10 51 38
3 1 11 50 39
3 1 12 50 39
3 1 13 50 39
3 1 14 50 40
3 1 15 50 40
3 1 16 49 41
3 1 17 49 41
3 1 18 49 41
3 1 19 49 42
3 1 20 49 42
3 1 21 48 43
3 1 22 48 43
3 1 23 48 43
3 1 24 47 44
3 1 25 47 44
3 1 26 46 45
3 1 27 46 45
3 1 28 46 45
3 1 29 46 46
3 1 30 46 46
3 1 31 45 47
3 1 32 45 47
3 1 33 45 47
3 1 34 44 48
3 1 35 44 48
3 1 36 43 48
3 1 37 43 48
3 1 38 43 48
3 1 39 42 49
3 1 40 42 49
3 1 41 41 50
3 1 42 41 50
3 1 43 41 50
3 1 44 40 50
3 1 45 40 50
3 1 46 38 50
3 1 47 38 50
3 1 48 38 50
3 1 49 37 51
3 1 50 37 51
3 1 51 36 51
3 1 52 36 51
3 1 53 36 51
3 1 54 35 51
3 1 55 35 51
3 1 56 34 51
3 1 57 34 51
3 1 58 34 51
3 1 59 33 52
3 1 60 33 52
3 1 61 31 52
3 1 62 31 52
3 1 63 31 52
3 1 64 31 52
3 1 65 30 51
3 1 66 30 51
3 1 67 30 51
3 1 68 28 51
3 1 69 28 51
3 1 70 27 51
3 1 71 27 51
3 1 72 27 51
3 1 73 26 51
3 1 74 26 51
3 1 75 25 50
3 1 76 25 50
3 1 77 25 50
3 1 78 24 50
3 1 79 24 50
3 1 80 23 49
3 1 81 23 49
3 1 82 23 49
3 1 83 22 49
3 1 84 22 49
3 1 85 21 48
3 1 86 21 48
3 1 87 21 48
3 1 88 20 47
3 1 89 20 47
3 1 90 19 46
3 1 91 19 46
3 1 92 19 46
3 1 93 18 46
3 1 94 18 46
3 1 95 17 45
3 1 96 17 45
3 1 97 17 45
3 1 98 16 44
3 1 99 16 44
3 1 100 16 43
3 1 101 16 43
3 1 102 16 43
3 1 103 15 42
3 1 104 15 42
3 1 105 14 41
3 1 106 14 41
3 1 107 14 41
3 1 108 14 40
3 1 109 14 40
3 1 110 14 38
3 1 111 14 38
3 1 112 14 38
3 1 113 13 37
3 1 114 13 37
3 1 115 13 36
3 1 116 13 36
3 1 117 13 36
3 1 118 13 35
3 1 119 13 35
3 1 120 13 34
3 1 121 13 34
3 1 122 13 34
3 1 123 12 33
3 1 124 12 33
3 1 125 12 31
3 1 126 12 31
3 1 127 12 31
3 1 128 12 31
3 1 129 13 30
3 1 130 13 30
3 1 131 13 30
3 1 132 13 28
3 1 133 13 28
3 1 134 13 27
3 1 135 13 27
3 1 136 13 27
3 1 137 13 26
3 1 138 13 26
3 1 139 14 25
3 1 140 14 25
3 1 141 14 25
3 1 142 14 24
3 1 143 14 24
3 1 144 15 23
3 1 145 15 23
3 1 146 15 23
3 1 147 15 22
3 1 148 15 22
3 1 149 16 21
3 1 150 16 21
3 1 151 16 21
3 1 152 17 20
3 1 153 17 20
3 1 154 18 19
3 1 155 18 19
3 1 156 18 19
3 1 157 18 18
3 1 158 18 18
3 1 159 19 17
3 1 160 19 17
3 1 161 19 17
3 1 162 20 16
3 1 163 20 16
3 1 164 21 16
3 1 165 21 16
3 1 166 21 16
3 1 167 22 15
3 1 168 22 15
3 1 169 23 14
3 1 170 23 14
3 1 171 23 14
3 1 172 24 14
3 1 173 24 14
3 1 174 26 14
3 1 175 26 14
3 1 176 26 14
3 1 177 27 13
3 1 178 27 13
3 1 179 28 13
3 1 180 28 13
3 1 181 28 13
3 1 182 29 13
3 1 183 29 13
3 1 184 30 13
3 1 185 30 13
3 1 186 30 13
3 1 187 31 12
3 1 188 31 12
3 1 189 33 12
3 1 190 33 12
3 1 191 33 12
3 1 192 33 12
3 1 193 34 13
3 1 194 34 13
3 1 195 34 13
3 1 196 36 13
3 1 197 36 13
3 1 198 37 13
3 1 199 37 13
3 1 200 37 13
3 1 201 38 13
3 1 202 38 13
3 1 203 39 14
3 1 204 39 14
3 1 205 39 14
3 1 206 40 14
3 1 207 40 14
3 1 208 41 15
3 1 209 41 15
3 1 210 41 15
3 1 211 42 15
3 1 212 42 15
3 1 213 43 16
3 1 214 43 16
3 1 215 43 16
3 1 216 44 17
3 1 217 44 17
3 1 218 45 18
3 1 219 45 18
3 1 220 45 18
3 1 221 46 18
3 1 222 46 18
3 1 223 47 19
3 1 224 47 19
3 1 225 47 19
3 1 226 48 20
3 1 227 48 20
3 1 228 48 21
3 1 229 48 21
3 1 230 48 21
3 1 231 49 22
3 1 232 49 22
3 1 233 50 23
3 1 234 50 23
3 1 235 50 23
3 1 236 50 24
3 1 237 50 24
3 1 238 50 26
3 1 239 50 26
3 1 240 50 26
3 1 241 51 27
3 1 242 51 27
3 1 243 51 28
3 1 244 51 28
3 1 245 51 28
3 1 246 51 29
3 1 247 51 29
3 1 248 51 30
3 1 249 51 30
3 1 250 51 30
3 1 251 52 31
3 1 252 52 31
3 1 253 52 33
3 1 254 52 33
3 1 255 52 33
3 2 0 53 33
3 2 1 52 34
3 2 2 52 34
3 2 3 52 34
3 2 4 52 36
3 2 5 52 36
3 2 6 52 37
3 2 7 52 37
3 2 8 52 37
3 2 9 52 38
3 2 10 52 38
3 2 11 51 39
3 2 12 51 39
3 2 13 51 39
3 2 14 51 40
3 2 15 51 40
3 2 16 50 42
3 2 17 50 42
3 2 18 50 42
3 2 19 50 43
3 2 20 50 43
3 2 21 49 44
3 2 22 49 44
3 2 23 49 44
3 2 24 48 45
3 2 25 48 45
3 2 26 47 46
3 2 27 47 46
3 2 28 47 46
3 2 29 46 47
3 2 30 46 47
3 2 31 45 48
3 2 32 45 48
3 2 33 45 48
3 2 34 44 48
3 2 35 44 48
3 2 36 43 49
3 2 37 43 49
3 2 38 43 49
3 2 39 42 50
3 2 40 42 50
3 2 41 41 50
3 2 42 41 50
3 2 43 41 50
3 2 44 40 51
3 2 45 40 51
3 2 46 39 51
3 2 47 39 51
3 2 48 39 51
3 2 49 38 52
3 2 50 38 52
3 2 51 37 52
3 2 52 37 52
3 2 53 37 52
3 2 54 35 52
3 2 55 35 52
3 2 56 34 52
3 2 57 34 52
3 2 58 34 52
3 2 59 33 53
3 2 60 33 53
3 2 61 31 53
3 2 62 31 53
3 2 63 31 53
3 2 64 31 53
3 2 65 30 52
3 2 66 30 52
3 2 67 30 52
3 2 68 28 52
3 2 69 28 52
3 2 70 27 52
3 2 71 27 52
3 2 72 27 52
3 2 73 26 52
3 2 74 26 52
3 2 75 25 51
3 2 76 25 51
3 2 77 25 51
3 2 78 24 51
3 2 79 24 51
3 2 80 22 50
3 2 81 22 50
3 2 82 22 50
3 2 83 21 50
3 2 84 21 50
3 2 85 20 49
3 2 86 20 49
3 2 87 20 49
3 2 88 19 48
3 2 89 19 48
3 2 90 18 47
3 2 91 18 47
3 2 92 18 47
3 2 93 17 46
3 2 94 17 46
3 2 95 16 45
3 2 96 16 45
3 2 97 16 45
3 2 98 16 44
3 2 99 16 44
3 2 100 15 43
3 2 101 15 43
3 2 102 15 43
3 2 103 14 42
3 2 104 14 42
3 2 105 14 41
3 2 106 14 41
3 2 107 14 41
3 2 108 13 40
3 2 109 13 40
3 2 110 13 39
3 2 111 13 39
3 2 112 13 39
3 2 113 12 38
3 2 114 12 38
3 2 115 12 37
3 2 116 12 37
3 2 117 12 37
3 2 118 12 35
3 2 119 12 35
3 2 120 12 34
3 2 121 12 34
3 2 122 12 34
3 2 123 11 33
3 2 124 11 33
3 2 125 11 31
3 2 126 11 31
3 2 127 11 31
3 2 128 11 31
3 2 129 12 30
3 2 130 12 30
3 2 131 12 30
3 2 132 12 28
3 2 133 12 28
3 2 134 12 27
3 2 135 12 27
3 2 136 12 27
3 2 137 12 26
3 2 138 12 26
3 2 139 13 25
3 2 140 13 25
3 2 141 13 25
3 2 142 13 24
3 2 143 13 24
3 2 144 14 22
3 2 145 14 22
3 2 146 14 22
3 2 147 14 21
3 2 148 14 21
3 2 149 15 20
3 2 150 15 20
3 2 151 15 20
3 2 152 16 19
3 2 153 16 19
3 2 154 17 18
3 2 155 17 18
3 2 156 17 18
3 2 157 18 17
3 2 158 18 17
3 2 159 19 16
3 2 160 19 16
3 2 161 19 16
3 2 162 20 16
3 2 163 20 16
3 2 164 21 15
3 2 165 21 15
3 2 166 21 15
3 2 167 22 14
3 2 168 22 14
3 2 169 23 14
3 2 170 23 14
3 2 171 23 14
3 2 172 24 13
3 2 173 24 13
3 2 174 25 13
3 2 175 25 13
3 2 176 25 13
3 2 177 26 12
3 2 178 26 12
3 2 179 27 12
3 2 180 27 12
3 2 181 27 12
3 2 182 29 12
3 2 183 29 12
3 2 184 30 12
3 2 185 30 12
3 2 186 30 12
3 2 187 31 11
3 2 188 31 11
3 2 189 33 11
3 2 190 33 11
3 2 191 33 11
3 2 192 33 11
3 2 193 34 12
3 2 194 34 12
3 2 195 34 12
3 2 196 36 12
3 2 197 36 12
3 2 198 37 12
3 2 199 37 12
3 2 200 37 12
3 2 201 38 12
3 2 202 38 12
3 2 203 39 13
3 2 204 39 13
3 2 205 39 13
3 2 206 40 13
3 2 207 40 13
3 2 208 42 14
3 2 209 42 14
3 2 210 42 14
3 2 211 43 14
3 2 212 43 14
3 2 213 44 15
3 2 214 44 15
3 2 215 44 15
3 2 216 45 16
3 2 217 45 16
3 2 218 46 17
3 2 219 46 17
3 2 220 46 17
3 2 221 47 18
3 2 222 47 18
3 2 223 48 19
3 2 224 48 19
3 2 225 48 19
3 2 226 48 20
3 2 227 48 20
3 2 228 49 21
3 2 229 49 21
3 2 230 49 21
3 2 231 50 22
3 2 232 50 22
3 2 233 50 23
3 2 234 50 23
3 2 235 50 23
3 2 236 51 24
3 2 237 51 24
3 2 238 51 25
3 2 239 51 25
3 2 240 51 25
3 2 241 52 26
3 2 242 52 26
3 2 243 52 27
3 2 244 52 27
3 2 245 52 27
3 2 246 52 29
3 2 247 52 29
3 2 248 52 30
3 2 249 52 30
3 2 250 52 30
3 2 251 53 31
3 2 252 53 31
3 2 253 53 33
3 2 254 53 33
3 2 255 53 33
3 3 0 54 33
3 3 1 53 34
3 3 2 53 34
3 3 3 53 34
3 3 4 53 36
3 3 5 53 36
3 3 6 53 37
3 3 7 53 37
3 3 8 53 37
3 3 9 53 38
3 3 10 53 38
3 3 11 52 40
3 3 12 52 40
3 3 13 52 40
3 3 14 52 41
3 3 15 52 41
3 3 16 51 42
3 3 17 51 42
3 3 18 51 42
3 3 19 50 43
3 3 20 50 43
3 3 21 50 44
3 3 22 50 44
3 3 23 50 44
3 3 24 49 45
3 3 25 49 45
3 3 26 48 46
3 3 27 48 46
3 3 28 48 46
3 3 29 47 47
3 3 30 47 47
3 3 31 46 48
3 3 32 46 48
3 3 33 46 48
3 3 34 45 49
3 3 35 45 49
3 3 36 44 50
3 3 37 44 50
3 3 38 44 50
3 3 39 43 51
3 3 40 43 51
3 3 41 42 51
3 3 42 42 51
3 3 43 42 51
3 3 44 40 52
3 3 45 40 52
3 3 46 39 52
3 3 47 39 52
3 3 48 39 52
3 3 49 38 53
3 3 50 38 53
3 3 51 37 53
3 3 52 37 53
3 3 53 37 53
3 3 54 35 53
3 3 55 35 53
3 3 56 34 53
3 3 57 34 53
3 3 58 34 53
3 3 59 33 54
3 3 60 33 54
3 3 61 31 54
3 3 62 31 54
3 3 63 31 54
3 3 64 31 54
3 3 65 30 53
3 3 66 30 53
3 3 67 30 53
3 3 68 28 53
3 3 69 28 53
3 3 70 27 53
3 3 71 27 53
3 3 72 27 53
3 3 73 26 53
3 3 74 26 53
3 3 75 24 52
3 3 76 24 52
3 3 77 24 52
3 3 78 23 52
3 3 79 23 52
3 3 80 22 51
3 3 81 22 51
3 3 82 22 51
3 3 83 21 50
3 3 84 21 50
3 3 85 20 50
3 3 86 20 50
3 3 87 20 50
3 3 88 19 49
3 3 89 19 49
3 3 90 18 48
3 3 91 18 48
3 3 92 18 48
3 3 93 17 47
3 3 94 17 47
3 3 95 16 46
3 3 96 16 46
3 3 97 16 46
3 3 98 15 45
3 3 99 15 45
3 3 100 14 44
3 3 101 14 44
3 3 102 14 44
3 3 103 13 43
3 3 104 13 43
3 3 105 13 42
3 3 106 13 42
3 3 107 13 42
3 3 108 12 40
3 3 109 12 40
3 3 110 12 39
3 3 111 12 39
3 3 112 12 39
3 3 113 11 38
3 3 114 11 38
3 3 115 11 37
3 3 116 11 37
3 3 117 11 37
3 3 118 11 35
3 3 119 11 35
3 3 120 11 34
3 3 121 11 34
3 3 122 11 34
3 3 123 10 33
3 3 124 10 33
3 3 125 10 31
3 3 126 10 31
3 3 127 10 31
3 3 128 10 31
3 3 129 11 30
3 3 130 11 30
3 3 131 11 30
3 3 132 11 28
3 3 133 11 28
3 3 134 11 27
3 3 135 11 27
3 3 136 11 27
3 3 137 11 26
3 3 138 11 26
3 3 139 12 24
3 3 140 12 24
3 3 141 12 24
3 3 142 12 23
3 3 143 12 23
3 3 144 13 22
3 3 145 13 22
3 3 146 13 22
3 3 147 14 21
3 3 148 14 21
3 3 149 14 20
3 3 150 14 20
3 3 151 14 20
3 3 152 15 19
3 3 153 15 19
3 3 154 16 18
3 3 155 16 18
3 3 156 16 18
3 3 157 17 17
3 3 158 17 17
3 3 159 18 16
3 3 160 18 16
3 3 161 18 16
3 3 162 19 15
3 3 163 19 15
3 3 164 20 14
3 3 165 20 14
3 3 166 20 14
3 3 167 21 13
3 3 168 21 13
3 3 169 22 13
3 3 170 22 13
3 3 171 22 13
3 3 172 24 12
3 3 173 24 12
3 3 174 25 12
3 3 175 25 12
3 3 176 25 12
3 3 177 26 11
3 3 178 26 11
3 3 179 27 11
3 3 180 27 11
3 3 181 27 11
3 3 182 29 11
3 3 183 29 11
3 3 184 30 11
3 3 185 30 11
3 3 186 30 11
3 3 187 31 10
3 3 188 31 10
3 3 189 33 10
3 3 190 33 10
3 3 191 33 10
3 3 192 33 10
3 3 193 34 11
3 3 194 34 11
3 3 195 34 11
3 3 196 36 11
3 3 197 36 11
3 3 198 37 11
3 3 199 37 11
3 3 200 37 11
3 3 201 38 11
3 3 202 38 11
3 3 203 40 12
3 3 204 40 12
3 3 205 40 12
3 3 206 41 12
3 3 207 41 12
3 3 208 42 13
3 3 209 42 13
3 3 210 42 13
3 3 211 43 14
3 3 212 43 14
3 3 213 44 14
3 3 214 44 14
3 3 215 44 14
3 3 216 45 15
3 3 217 45 15
3 3 218 46 16
3 3 219 46 16
3 3 220 46 16
3 3 221 47 17
3 3 222 47 17
3 3 223 48 18
3 3 224 48 18
3 3 225 48 18
3 3 226 49 19
3 3 227 49 19
3 3 228 50 20
3 3 229 50 20
3 3 230 50 20
3 3 231 51 21
3 3 232 51 21
3 3 233 51 22
3 3 234 51 22
3 3 235 51 22
3 3 236 52 24
3 3 237 52 24
3 3 238 52 25
3 3 239 52 25
3 3 240 52 25
3 3 241 53 26
3 3 242 53 26
3 3 243 53 27
3 3 244 53 27
3 3 245 53 27
3 3 246 53 29
3 3 247 53 29
3 3 248 53 30
3 3 249 53 30
3 3 250 53 30
3 3 251 54 31
3 3 252 54 31
3 3 253 54 33
3 3 254 54 33
3 3 255 54 33
